truck_id,source_id,sink_id,generated_at_step,removed_at_step,total_driving_time
Truck336973,3331,2656,0,6,6
Truck337006,1339,0,10,22,12
Truck337060,1339,3122,25,29,4
Truck336972,3239,3121,0,39,39
Truck337050,0,3122,25,41,16
Truck337008,3239,3331,10,43,33
Truck336990,3239,2655,5,44,39
Truck337114,1339,0,40,52,12
Truck337044,3239,3331,20,53,33
Truck337080,3239,3331,30,63,33
Truck336985,3238,3122,5,65,60
Truck337158,0,3122,55,71,16
Truck336977,2998,2224,0,74,74
Truck337098,3239,2437,35,74,39
Truck336974,2656,3121,0,76,76
Truck337116,3239,1338,40,79,39
Truck337009,3331,2225,10,80,70
Truck336992,2656,2999,5,81,76
Truck336996,0,3238,10,81,71
Truck337101,2821,2998,35,81,46
Truck337156,2822,2821,50,83,33
Truck337014,0,3238,15,86,71
Truck337152,3239,1338,50,89,39
Truck337276,1339,3122,85,89,4
Truck337045,3331,2225,20,90,70
Truck337084,2822,3331,30,91,61
Truck337100,2656,2821,35,92,57
Truck337170,3239,2436,55,94,39
Truck337057,3238,0,25,95,70
Truck337063,3331,2655,25,95,70
Truck337046,2656,3121,20,96,76
Truck337248,0,3122,80,96,16
Truck337066,2822,2998,25,97,72
Truck337209,2821,2822,65,97,32
Truck337188,3239,2655,60,99,39
Truck337064,2656,2655,25,101,76
Truck337020,3122,2437,15,104,89
Truck337206,3239,2225,65,104,39
Truck336962,2437,2655,0,105,105
Truck337099,3331,2999,35,105,70
Truck337245,2821,2822,75,107,32
Truck336963,2655,1339,0,108,108
Truck337153,3331,2822,50,109,59
Truck337224,3239,2436,70,109,39
Truck336980,2437,2822,5,110,105
Truck337117,3331,3121,40,110,70
Truck337034,2437,1339,20,112,92
Truck337330,1339,0,100,112,12
Truck337013,2998,2656,10,113,103
Truck337242,3239,2437,75,114,39
Truck337192,2822,2656,60,115,55
Truck336998,2437,3239,10,116,106
Truck336999,2655,3122,10,119,109
Truck337136,2656,2655,45,121,76
Truck337388,2656,3331,115,121,6
Truck337356,0,1339,110,122,12
Truck337157,2998,2224,50,124,74
Truck337278,3239,2437,85,124,39
Truck337174,2822,2224,55,127,72
Truck337106,2437,3122,40,128,88
Truck337318,2822,2821,95,128,33
Truck337007,2224,2821,10,130,120
Truck337246,2822,2656,75,130,55
Truck337193,2998,2822,60,131,71
Truck336975,2821,2437,0,132,132
Truck337217,3121,2999,70,132,62
Truck337227,2821,3331,70,132,62
Truck337085,2998,2656,30,133,103
Truck337314,3239,2225,95,134,39
Truck336994,2822,2999,5,135,130
Truck337179,2655,2656,60,135,75
Truck337201,3238,0,65,135,70
Truck337070,2437,3331,30,136,106
Truck337392,0,3122,120,136,16
Truck337441,3331,2656,130,136,6
Truck337262,2656,2821,80,137,57
Truck337137,2821,3239,45,139,94
Truck337146,3122,2437,50,139,89
Truck337162,2999,2437,55,139,84
Truck337280,2656,2822,85,139,54
Truck337332,3239,2655,100,139,39
Truck337012,2822,2655,10,140,130
Truck337074,3122,2655,30,140,110
Truck337088,2437,2998,35,141,106
Truck337089,2655,2437,35,141,106
Truck337208,2656,2437,65,141,76
Truck337118,2656,2998,40,143,103
Truck337164,3122,2437,55,144,89
Truck337298,2656,2822,90,144,54
Truck337350,3239,2436,105,144,39
Truck337030,2822,2436,15,145,130
Truck337247,2998,2822,75,146,71
Truck337477,3331,2656,140,146,6
Truck337299,2821,2656,90,147,57
Truck337107,2655,1339,40,148,108
Truck337048,2822,2436,20,150,130
Truck337110,3122,2655,40,150,110
Truck337244,2656,3121,75,151,76
Truck337047,2821,3121,20,152,132
Truck337124,2437,2821,45,152,107
Truck337142,2437,0,50,153,103
Truck337200,3122,2437,65,154,89
Truck337309,3238,1339,95,154,59
Truck337386,3239,2437,115,154,39
Truck337273,3238,0,85,155,70
Truck337279,3331,2436,85,155,70
Truck336960,0,3239,0,158,158
Truck337002,3122,3239,10,158,148
Truck337175,2998,2656,55,158,103
Truck337406,2656,3239,120,158,38
Truck337426,2822,2821,125,158,33
Truck337143,2655,3122,50,159,109
Truck337277,2224,2822,85,159,74
Truck337160,2437,2655,55,160,105
Truck337297,3331,2655,90,160,70
Truck337336,2822,3331,100,161,61
Truck337482,0,3122,145,161,16
Truck337531,3331,2656,155,161,6
Truck337325,3121,2999,100,162,62
Truck337443,2821,2822,130,162,32
Truck337026,3239,3122,15,163,148
Truck337444,2822,2821,130,163,33
Truck337125,2655,0,45,164,119
Truck337102,2822,2437,35,165,130
Truck337315,3331,1338,95,165,70
Truck337062,3239,2998,25,166,141
Truck337500,0,3122,150,166,16
Truck337071,2655,3238,30,168,138
Truck337440,3239,1338,130,169,39
Truck337120,2822,2436,40,170,130
Truck337196,2437,2821,65,170,105
Truck337390,2822,2656,115,170,55
Truck337372,2822,3331,110,171,61
Truck337144,2999,2225,50,172,122
Truck337258,1339,2437,80,172,92
Truck337337,2998,2224,100,174,74
Truck337138,2822,2436,45,175,130
Truck337214,2437,3239,70,175,105
Truck336982,2999,3122,5,176,171
Truck337334,2656,2225,100,176,76
Truck337338,0,3238,105,176,71
Truck337586,2656,3331,170,176,6
Truck337354,2822,2224,105,177,72
Truck337387,3331,2821,115,177,62
Truck337215,2655,1339,70,178,108
Truck337378,2999,3121,115,178,63
Truck337476,3239,2999,140,179,39
Truck337363,3238,0,110,180,70
Truck337369,3331,2225,110,180,70
Truck337399,3238,3122,120,180,60
Truck337397,3121,2999,120,182,62
Truck337398,3122,3238,120,182,62
Truck337304,2437,3122,95,183,88
Truck337420,1339,3238,125,184,59
Truck337139,2998,3239,45,185,140
Truck337205,2224,2821,65,185,120
Truck337250,2437,2655,80,185,105
Truck337010,2656,2224,10,186,176
Truck337370,2656,2436,110,186,76
Truck337479,2821,2998,140,186,46
Truck337173,2821,1338,55,187,132
Truck337198,2999,2225,65,187,122
Truck336964,2999,2821,0,189,189
Truck337512,3239,2437,150,189,39
Truck337405,3331,2999,120,190,70
Truck337134,3239,3122,45,193,148
Truck337530,3239,2656,155,193,38
Truck337210,2822,2437,65,195,130
Truck337150,1339,3239,50,196,146
Truck337478,2656,2821,140,197,57
Truck337000,2999,2821,10,198,188
Truck337049,2998,2437,20,198,178
Truck337028,2656,3122,15,199,184
Truck337287,2655,3122,90,199,109
Truck336978,0,2656,5,200,195
Truck337038,3122,3331,20,200,180
Truck337054,2999,1339,25,200,175
Truck337228,2822,2999,70,200,130
Truck337424,2656,2225,125,201,76
Truck337428,0,3238,130,201,71
Truck337043,2224,3331,20,202,182
Truck337497,2821,2656,145,202,57
Truck337053,2655,2998,25,203,178
Truck337588,2822,2821,170,203,33
Truck336986,2225,2437,5,205,200
Truck337018,2999,2656,15,205,190
Truck337431,2655,2656,130,205,75
Truck337032,0,2999,20,206,186
Truck337036,2999,0,20,206,186
Truck337442,2656,1338,130,206,76
Truck337081,3331,3122,30,208,178
Truck337182,3122,3239,60,208,148
Truck337323,2655,3122,100,209,109
Truck337457,2224,2822,135,209,74
Truck337510,1339,3238,150,209,59
Truck337584,3239,2437,170,209,39
Truck337264,2822,2436,80,210,130
Truck337460,2656,1338,135,211,76
Truck337516,2822,3331,150,211,61
Truck337263,2821,2437,80,212,132
Truck336971,2224,3239,0,213,213
Truck336991,3331,3238,5,213,208
Truck337602,3239,2655,175,214,39
Truck337282,2822,2999,85,215,130
Truck337495,3331,2999,145,215,70
Truck337222,1339,3239,70,216,146
Truck337499,2998,2822,145,216,71
Truck337281,2821,1338,85,217,132
Truck336989,2224,3239,5,218,213
Truck337121,2998,3121,40,218,178
Truck337251,2655,3238,80,218,138
Truck337373,2998,3331,110,218,108
Truck337611,2655,3239,180,218,38
Truck337112,2225,3121,40,219,179
Truck337132,1339,2999,45,219,174
Truck337434,3122,2437,130,219,89
Truck337493,2224,2998,145,219,74
Truck337543,3238,1339,160,219,59
Truck337620,3239,2436,180,219,39
Truck337496,2656,2655,145,221,76
Truck337027,3331,3238,15,223,208
Truck337194,0,3239,65,223,158
Truck337082,2656,0,30,224,194
Truck337638,3239,2436,185,224,39
Truck337762,1339,3122,220,224,4
Truck337052,2437,2225,25,225,200
Truck337090,2999,2655,35,225,190
Truck337268,2437,3121,85,226,141
Truck337311,2436,2225,95,227,132
Truck337395,2655,2437,120,227,107
Truck337559,3121,2999,165,227,62
Truck337567,3331,2821,165,227,62
Truck337254,3122,3239,80,228,148
Truck337260,3239,3122,80,228,148
Truck337466,2437,3122,140,228,88
Truck337656,3239,2656,190,228,38
Truck337108,2999,2998,40,229,189
Truck337367,2224,2821,110,230,120
Truck337458,3239,2821,135,230,95
Truck337286,2437,3121,90,231,141
Truck337412,2437,2822,125,231,106
Truck337532,2656,2225,155,231,76
Truck336970,1339,3121,0,232,232
Truck337335,2821,2999,100,232,132
Truck337039,3238,2656,20,233,213
Truck337135,3331,0,45,233,188
Truck337171,3331,3122,55,233,178
Truck337413,2655,1339,125,233,108
Truck337423,3331,2998,125,233,108
Truck337163,3121,2225,55,234,179
Truck337126,2999,3239,45,235,190
Truck337794,3122,1339,230,236,6
Truck337494,3239,2822,145,237,92
Truck337498,2822,3239,145,237,92
Truck337770,0,1339,225,237,12
Truck337438,1339,2655,130,238,108
Truck337445,2998,3331,130,238,108
Truck337692,3239,3121,200,239,39
Truck337448,2437,2655,135,240,105
Truck337585,3331,2436,170,240,70
Truck337322,2437,3121,100,241,141
Truck337568,2656,2437,165,241,76
Truck337371,2821,2655,110,242,132
Truck337396,2999,2225,120,242,122
Truck337204,1339,3331,65,243,178
Truck337211,2998,1338,65,243,178
Truck337520,2437,3122,155,243,88
Truck336993,2821,1339,5,244,239
Truck337154,2656,0,50,244,194
Truck337515,2821,3239,150,244,94
Truck337636,1339,3238,185,244,59
Truck337710,3239,2999,205,244,39
Truck336965,3121,2656,0,245,245
Truck337660,2822,2656,190,245,55
Truck337695,2821,2998,200,246,46
Truck337632,3122,3238,185,247,62
Truck337180,2999,3331,60,248,188
Truck337189,3331,0,60,248,188
Truck337225,3331,3122,70,248,178
Truck337229,2998,2436,70,248,178
Truck337481,2998,3331,140,248,108
Truck337730,2656,3239,210,248,38
Truck337728,3239,2225,210,249,39
Truck336983,3121,2822,5,250,245
Truck337408,2822,2655,120,250,130
Truck337484,2437,2822,145,250,105
Truck337621,3331,2436,180,250,70
Truck337361,3121,2437,110,251,141
Truck337677,2821,2656,195,252,57
Truck337055,3121,3122,25,253,228
Truck337207,3331,0,65,253,188
Truck337233,2655,2998,75,253,178
Truck337514,2656,2998,150,253,103
Truck337190,2656,0,60,254,194
Truck337226,2656,3122,70,254,184
Truck337485,2655,3122,145,254,109
Truck337560,3122,2437,165,254,89
Truck337675,3331,2822,195,254,59
Truck337001,3121,2821,10,255,245
Truck337176,0,2656,60,255,195
Truck337502,2437,2224,150,255,105
Truck337639,3331,2655,185,255,70
Truck337274,2225,2436,85,256,171
Truck337368,3239,1339,110,256,146
Truck337622,2656,1338,180,256,76
Truck337425,2821,3121,125,257,132
Truck337265,2998,2436,80,258,178
Truck337513,3331,2998,150,258,108
Truck337755,2655,3239,220,258,38
Truck337216,2999,2655,70,259,189
Truck337637,2224,2998,185,259,74
Truck337693,3331,2822,200,259,59
Truck337011,2821,0,10,260,250
Truck337019,3121,2998,15,260,245
Truck337042,1339,2821,20,260,240
Truck337647,2655,3331,190,260,70
Truck337072,2999,3238,30,261,231
Truck337803,2821,2822,230,262,32
Truck337870,1339,0,250,262,12
Truck337147,3238,2656,50,263,213
Truck337283,2998,2437,85,263,178
Truck337535,2998,3331,155,263,108
Truck337536,0,2437,160,263,103
Truck337550,2656,2998,160,263,103
Truck337784,2656,3239,225,263,38
Truck337234,2999,3239,75,264,189
Truck337596,3122,2437,175,264,89
Truck337782,3239,2437,225,264,39
Truck337029,2821,0,15,265,250
Truck337037,3121,2655,20,265,245
Truck337462,2822,2655,135,265,130
Truck337669,3238,0,195,265,70
Truck337658,2656,2437,190,266,76
Truck337769,2998,2821,220,266,46
Truck337538,2437,3331,160,267,107
Truck336976,2822,3238,0,268,268
Truck337172,2656,3238,55,268,213
Truck337252,2999,2821,80,268,188
Truck337549,3331,2998,160,268,108
Truck337553,2998,3331,160,268,108
Truck337800,3239,2437,230,269,39
Truck337290,3122,3331,90,270,180
Truck337556,2437,2224,165,270,105
Truck337035,2655,2224,20,271,251
Truck337676,2656,2225,195,271,76
Truck337749,2821,2656,215,272,57
Truck337365,2436,2225,110,273,163
Truck337836,3239,3331,240,273,33
Truck337270,2999,2224,85,274,189
Truck337437,2436,2225,130,274,144
Truck337691,2224,2822,200,274,74
Truck337065,2821,0,25,275,250
Truck337308,3122,3331,95,275,180
Truck337574,2437,2822,170,275,105
Truck337741,3238,3122,215,275,60
Truck337073,3121,2822,30,276,246
Truck337288,2999,0,90,276,186
Truck337694,2656,1338,200,276,76
Truck337344,3122,2999,105,277,172
Truck337714,2822,2998,205,277,72
Truck337747,3331,2821,215,277,62
Truck337767,2821,2656,220,277,57
Truck337068,0,2822,30,278,248
Truck337219,3238,3331,70,278,208
Truck337316,2656,1339,95,278,183
Truck337086,0,3121,35,279,244
Truck337539,2655,0,160,279,119
Truck337083,2821,0,30,280,250
Truck337551,2821,2224,160,280,120
Truck337592,2437,2998,175,280,105
Truck336979,1338,2225,5,281,276
Truck337079,2224,2225,30,281,251
Truck337712,2656,2999,205,281,76
Truck337914,0,3122,265,281,16
Truck337351,3331,1339,105,282,177
Truck337875,2821,2822,250,282,32
Truck337243,3331,3238,75,283,208
Truck337410,0,3239,125,283,158
Truck337346,2225,3121,105,284,179
Truck337783,3331,2822,225,284,59
Truck337109,3121,2655,40,285,245
Truck337534,2822,2655,155,285,130
Truck337777,3238,3122,225,285,60
Truck337610,2437,2224,180,286,106
Truck336966,3122,2998,0,287,287
Truck337261,3331,3238,80,288,208
Truck337471,3238,2437,140,288,148
Truck337628,2437,0,185,288,103
Truck336988,1339,2998,5,290,285
Truck336995,2998,1339,5,290,285
Truck337155,2821,3122,50,290,240
Truck337552,2822,2655,160,290,130
Truck337765,3331,2655,220,290,70
Truck337104,0,2821,40,291,251
Truck337115,2224,1338,40,291,251
Truck337127,3121,3331,45,291,246
Truck337752,0,3238,220,291,71
Truck337859,2998,2821,245,291,46
Truck337644,0,2437,190,293,103
Truck337792,2999,3121,230,293,63
Truck337402,1339,2999,120,294,174
Truck337145,3121,2656,50,295,245
Truck337590,0,2655,175,295,120
Truck337122,0,2821,45,296,251
Truck337133,2224,2436,45,296,251
Truck337360,2999,0,110,296,186
Truck337403,2224,2656,120,296,176
Truck337414,2999,3122,125,296,171
Truck337766,2656,3121,220,296,76
Truck337075,3238,2822,30,297,267
Truck337839,2821,2656,240,297,57
Truck337927,3331,3239,265,297,32
Truck337787,2998,2224,225,299,74
Truck337908,3239,2436,260,299,39
Truck338032,1339,3122,295,299,4
Truck337031,2998,1339,15,300,285
Truck337191,2821,3122,60,300,240
Truck337664,2437,2656,195,300,105
Truck337791,2655,3331,230,300,70
Truck337051,1338,2225,25,301,276
Truck337140,0,2821,50,301,251
Truck337151,2224,3121,50,301,251
Truck337161,2655,3121,55,301,246
Truck337805,2998,2822,230,301,71
Truck338036,2656,3331,295,301,6
Truck337422,3239,3238,125,302,177
Truck337587,2821,3121,170,302,132
Truck337726,1339,2437,210,302,92
Truck337837,3331,2821,240,302,62
Truck337021,3238,3121,15,303,288
Truck337427,2998,2655,125,303,178
Truck337557,2655,3238,165,303,138
Truck337917,2655,3239,265,303,38
Truck337928,2656,3239,265,303,38
Truck337948,2822,2821,270,303,33
Truck337296,3239,2224,90,304,214
Truck337852,1339,3238,245,304,59
Truck337926,3239,2437,265,304,39
Truck336968,2225,2822,0,305,305
Truck337181,3121,3239,60,305,245
Truck337606,2822,2225,175,305,130
Truck337809,2655,3331,235,305,70
Truck337819,3331,3121,235,305,70
Truck337022,2225,1339,15,306,291
Truck337169,2224,1338,55,306,251
Truck337548,3239,1339,160,306,146
Truck337682,2437,2998,200,306,106
Truck337802,2656,2437,230,306,76
Truck337593,2655,2821,175,307,132
Truck337746,3239,2822,215,307,92
Truck337750,2822,3239,215,307,92
Truck337333,3331,3238,100,308,208
Truck337962,3239,3331,275,308,33
Truck337119,2821,3238,40,310,270
Truck337199,3121,3239,65,310,245
Truck337358,2437,2225,110,310,200
Truck337700,2437,2655,205,310,105
Truck336981,2655,2225,5,311,306
Truck337187,2224,3121,60,311,251
Truck337876,2822,3331,250,311,61
Truck337058,2225,3122,25,312,287
Truck337218,3122,2821,70,312,242
Truck337463,2998,2655,135,313,178
Truck337518,0,3239,155,313,158
Truck337566,3239,3122,165,313,148
Truck337718,2437,0,210,313,103
Truck337004,2225,3239,10,314,304
Truck337212,0,3121,70,314,244
Truck337835,2224,2998,240,314,74
Truck337376,2437,2225,115,315,200
Truck337642,2822,2437,185,315,130
Truck338082,3122,1339,310,316,6
Truck337236,3122,2821,75,317,242
Truck337858,2822,2998,245,317,72
Truck337884,3122,3238,255,317,62
Truck337893,2821,3331,255,317,62
Truck337235,3121,0,75,318,243
Truck337289,3121,3122,90,318,228
Truck337352,2656,3238,105,318,213
Truck337982,2656,3239,280,318,38
Truck337432,2999,2655,130,319,189
Truck337719,2655,3122,210,319,109
Truck337903,3238,1339,260,319,59
Truck337980,3239,2225,280,319,39
Truck337103,2998,1339,35,320,285
Truck337722,3122,2655,210,320,110
Truck337873,3331,3121,250,320,70
Truck337076,2225,1339,30,321,291
Truck337123,1338,2225,45,321,276
Truck337223,2224,3121,70,321,251
Truck337856,2656,2437,245,321,76
Truck337165,3238,2822,55,322,267
Truck337659,2821,2999,190,322,132
Truck337736,2437,2224,215,322,107
Truck337804,2822,3239,230,322,92
Truck337230,0,2822,75,323,248
Truck337307,3121,3122,95,323,228
Truck337450,2999,3239,135,323,188
Truck337459,3331,0,135,323,188
Truck338020,2822,2821,290,323,33
Truck337998,3239,2436,285,324,39
Truck337003,3238,2998,10,325,315
Truck337470,3122,2656,140,325,185
Truck337504,2999,1339,150,325,175
Truck337863,2655,2656,250,325,75
Truck337891,3331,2436,255,325,70
Truck337040,2225,3331,20,326,306
Truck337294,1339,2822,90,326,236
Truck337631,3121,2437,185,326,141
Truck337754,2437,3239,220,326,106
Truck337874,2656,2437,250,326,76
Truck337253,3121,3239,80,327,247
Truck337524,3122,2999,155,327,172
Truck337381,3238,2656,115,328,213
Truck337467,2655,2999,140,328,188
Truck337517,2998,2437,150,328,178
Truck337468,2999,3239,140,329,189
Truck337508,2225,3121,150,329,179
Truck337846,2999,2437,245,329,84
Truck338016,3239,2436,290,329,39
Truck337183,3238,2821,60,330,270
Truck337696,2822,2999,200,330,130
Truck337731,2821,2224,210,330,120
Truck337909,3331,2655,260,330,70
Truck337259,2224,2655,80,331,251
Truck337271,3121,2822,85,331,246
Truck337324,2999,3238,100,331,231
Truck337772,2437,2224,225,331,106
Truck337892,2656,2655,255,331,76
Truck338100,3122,0,315,331,16
Truck337128,3122,2998,45,332,287
Truck337598,2225,2436,175,332,157
Truck337947,2821,3331,270,332,62
Truck337965,2821,2656,275,332,57
Truck337266,0,2822,85,333,248
Truck337486,2999,2656,145,333,188
Truck337404,3239,2224,120,334,214
Truck337737,2655,0,215,334,119
Truck337960,1339,3238,275,334,59
Truck337342,2999,3238,105,336,231
Truck337910,2656,2437,260,336,76
Truck338021,2998,2821,290,336,46
Truck337094,2225,0,35,337,302
Truck338071,3331,3239,305,337,32
Truck338140,1339,0,325,337,12
Truck337808,2437,0,235,338,103
Truck337362,3122,3121,110,339,229
Truck337544,2225,3121,160,339,179
Truck338000,2656,2822,285,339,54
Truck338052,3239,2436,300,339,39
Truck337067,2998,3238,25,340,315
Truck337732,2822,2437,210,340,130
Truck337284,0,2821,90,341,251
Truck337305,2655,3121,95,341,246
Truck337522,2999,0,155,341,186
Truck337326,3122,2821,100,342,242
Truck337974,3122,3238,280,342,62
Truck337983,2821,3331,280,342,62
Truck338158,1339,0,330,342,12
Truck337546,1339,2656,160,343,183
Truck337571,2998,2225,165,343,178
Truck337674,3239,3122,195,343,148
Truck337016,2437,2436,15,344,329
Truck337900,2999,2437,260,344,84
Truck337943,2224,2998,270,344,74
Truck337317,2821,0,95,345,250
Truck337812,3122,2655,235,345,110
Truck337826,2437,2656,240,345,105
Truck337168,1339,2225,55,346,291
Truck337313,2224,2436,95,346,251
Truck337690,1339,3239,200,346,146
Truck337946,2656,1338,270,346,76
Truck337950,0,3238,275,346,71
Truck337999,3331,2821,285,347,62
Truck338107,3331,3239,315,347,32
Truck338109,2821,2822,315,347,32
Truck337686,3122,3239,200,348,148
Truck337827,2655,1339,240,348,108
Truck337834,1339,2655,240,348,108
Truck337130,2225,2998,45,349,304
Truck337540,2999,2655,160,349,189
Truck337902,3122,2437,260,349,89
Truck338088,3239,2436,310,349,39
Truck337343,3121,2655,105,350,245
Truck337578,3122,3331,170,350,180
Truck337768,2822,2999,220,350,130
Truck337981,3331,2437,280,350,70
Truck337964,2656,3121,275,351,76
Truck338166,0,3122,335,351,16
Truck337238,2225,1338,75,352,277
Truck338017,3331,2821,290,352,62
Truck338037,2821,2656,295,352,57
Truck337489,3238,3331,145,353,208
Truck337558,2999,2822,165,353,188
Truck337607,2998,2225,175,353,178
Truck337662,0,3239,195,353,158
Truck337855,3331,2998,245,353,108
Truck337380,3122,2822,115,354,239
Truck337845,2655,3122,245,354,109
Truck337148,2225,3331,50,355,305
Truck337786,2822,2655,225,355,130
Truck336969,2436,2437,0,356,356
Truck337862,2437,3331,250,356,106
Truck338054,2656,2821,300,357,57
Truck338212,1339,0,345,357,12
Truck337300,2822,3238,90,358,268
Truck337575,2655,2999,170,358,188
Truck337576,2999,2998,170,358,188
Truck337600,1339,2656,175,358,183
Truck337625,2998,1338,180,358,178
Truck337895,2998,2656,255,358,103
Truck337407,2821,1339,120,359,239
Truck337166,2225,2998,55,360,305
Truck337240,1339,2998,75,360,285
Truck337291,3238,2821,90,360,270
Truck337379,3121,2821,115,360,245
Truck337640,2656,2224,185,361,176
Truck337764,3239,2998,220,361,141
Truck337934,2437,1339,270,362,92
Truck337603,3331,0,175,363,188
Truck337643,2998,1338,185,363,178
Truck337184,2225,2656,60,364,304
Truck338142,3239,2999,325,364,39
Truck337594,2999,3239,175,365,190
Truck338035,3331,2655,295,365,70
Truck338065,3238,3122,305,365,60
Truck336984,3122,2224,5,366,361
Truck337670,2225,2436,195,367,172
Truck337821,2821,3121,235,367,132
Truck337952,2437,1339,275,367,92
Truck337529,2224,3239,155,368,213
Truck337657,3331,3122,190,368,178
Truck337913,2998,3331,260,368,108
Truck337091,3121,2436,35,369,334
Truck337604,2656,0,175,369,194
Truck337612,2999,2821,180,369,189
Truck337580,2225,2437,170,370,200
Truck337650,3122,3331,190,370,180
Truck337202,2225,2822,65,371,306
Truck338280,3122,1339,365,371,6
Truck337629,2655,2999,185,372,187
Truck337984,2822,3239,280,372,92
Truck338056,2822,2224,300,372,72
Truck337025,2224,1339,15,373,358
Truck337272,3122,2225,85,373,288
Truck337672,1339,3331,195,373,178
Truck337220,2225,3331,70,374,304
Truck337626,0,3331,185,374,189
Truck337630,2999,3331,185,374,189
Truck338178,3239,1338,335,374,39
Truck337353,2821,3238,105,375,270
Truck337433,3121,2656,130,375,245
Truck337889,2224,2821,255,375,120
Truck337421,2224,2225,125,376,251
Truck337474,1339,2822,140,376,236
Truck338075,2998,2822,305,376,71
Truck338305,3331,2656,370,376,6
Truck337704,3122,2999,205,377,172
Truck337857,2821,2655,245,377,132
Truck337988,2437,1339,285,377,92
Truck338215,3331,3239,345,377,32
Truck337697,2998,2437,200,378,178
Truck337795,3238,2437,230,378,148
Truck337648,2999,3239,190,379,189
Truck338196,3239,2999,340,379,39
Truck338320,1339,3122,375,379,4
Truck337907,2224,2821,260,380,120
Truck337953,2655,2437,275,380,105
Truck338089,3331,2437,310,380,70
Truck337439,2224,2655,130,381,251
Truck337451,3121,2998,135,381,246
Truck337816,1339,3239,235,381,146
Truck338072,2656,3121,305,381,76
Truck338324,2656,3331,375,381,6
Truck337093,3238,2225,35,382,347
Truck337256,2225,0,80,382,302
Truck337711,3331,1339,205,382,177
Truck338118,3122,3238,320,382,62
Truck338144,2656,2821,325,382,57
Truck337061,2224,1339,25,383,358
Truck337715,2998,2999,205,383,178
Truck337963,3331,2998,275,383,108
Truck338214,3239,1338,345,384,39
Truck337389,2821,3238,115,385,270
Truck337469,3121,3331,140,385,245
Truck337666,2999,3239,195,385,190
Truck337894,2822,3121,255,385,130
Truck337312,1339,2225,95,386,291
Truck337796,2225,2436,230,386,156
Truck338292,0,3122,370,386,16
Truck337740,3122,2999,215,387,172
Truck337970,2437,2656,280,387,107
Truck338034,3239,2822,295,387,92
Truck338136,3122,3238,325,387,62
Truck337480,2822,0,140,388,248
Truck337615,3238,3331,180,388,208
Truck337971,2655,1339,280,388,108
Truck337978,1339,2655,280,388,108
Truck337506,3122,2822,150,389,239
Truck337684,2999,2998,200,389,189
Truck337721,3121,2225,210,389,179
Truck338232,3239,2999,350,389,39
Truck337237,3238,2998,75,390,315
Truck337348,1339,2998,105,390,285
Truck337912,2822,2655,260,390,130
Truck337475,2224,2437,140,391,251
Truck337698,0,2999,205,391,186
Truck337865,3121,2437,250,391,141
Truck338108,2656,2436,315,391,76
Truck337302,0,2998,95,392,297
Truck337097,2224,1339,35,393,358
Truck337701,2655,2999,205,393,188
Truck337844,2437,3238,245,393,148
Truck338018,2656,2998,290,393,103
Truck337533,2821,1339,155,394,239
Truck338374,1339,3122,390,394,4
Truck337292,2225,2821,90,395,305
Truck337680,0,2656,200,395,195
Truck337930,2822,2225,265,395,130
Truck338143,3331,2999,325,395,70
Truck337092,3122,2224,35,396,361
Truck337505,3121,2821,150,396,246
Truck338182,2822,3331,335,396,61
Truck337320,0,2998,100,397,297
Truck337929,2821,2999,265,397,132
Truck337748,2656,1339,215,398,183
Truck338014,1339,2655,290,398,108
Truck337797,2436,2225,230,399,169
Truck338147,2998,2224,325,399,74
Truck338392,1339,3122,395,399,4
Truck337521,2655,3121,155,400,245
Truck337523,3121,2224,155,400,245
Truck337720,2999,2656,210,400,190
Truck337758,3122,3331,220,400,180
Truck337310,2225,2821,95,401,306
Truck337355,2998,0,105,401,296
Truck337364,2225,1339,110,401,291
Truck337391,2998,3122,115,401,286
Truck337503,2655,2224,150,401,251
Truck337511,2224,2655,150,401,251
Truck338024,2437,3331,295,401,106
Truck338388,3122,1339,395,401,6
Truck337453,3238,2822,135,402,267
Truck337542,3122,2821,160,402,242
Truck337570,2822,1339,165,402,237
Truck337763,2224,3331,220,402,182
Truck337239,2436,3121,75,403,328
Truck337885,3238,2437,255,403,148
Truck338040,0,2437,300,403,103
Truck337734,0,3331,215,404,189
Truck337738,2999,2821,215,404,189
Truck337301,2998,3238,90,405,315
Truck337461,2821,3238,135,405,270
Truck337541,3121,2821,160,405,245
Truck337776,3122,3331,225,405,180
Truck337931,2998,3239,265,405,140
Truck337966,2822,2436,275,405,130
Truck338042,2437,3239,300,405,105
Truck338179,3331,2655,335,405,70
Truck337328,2225,2224,100,406,306
Truck337409,2998,3122,120,406,286
Truck338162,2656,2436,330,406,76
Truck336997,1338,2999,10,407,397
Truck337872,3239,0,250,407,157
Truck337673,2224,3239,195,408,213
Truck337756,2999,2656,220,408,188
Truck337801,3331,3122,230,408,178
Truck337898,2437,3238,260,408,148
Truck337319,2998,3238,95,410,315
Truck337810,2999,1339,235,410,175
Truck337949,2998,3239,270,410,140
Truck337547,2224,1338,160,411,251
Truck337820,2656,2224,235,411,176
Truck338060,2437,3239,305,411,106
Truck337618,1339,3121,180,412,232
Truck337799,2224,3331,230,412,182
Truck337818,3239,3238,235,412,177
Truck337890,3239,0,255,412,157
Truck338008,2999,2225,290,412,122
Truck338253,2821,2656,355,412,57
Truck337416,3122,2225,125,413,288
Truck338068,1339,2655,305,413,108
Truck338093,2998,2656,310,413,103
Truck337605,2821,1339,175,414,239
Truck338270,2656,2822,360,414,54
Truck338002,2822,2225,285,415,130
Truck338033,2224,2821,295,415,120
Truck338078,2437,2821,310,415,105
Truck338187,2655,2656,340,415,75
Truck337565,2224,2225,165,416,251
Truck337955,3121,2437,275,416,141
Truck338198,2656,2436,340,416,76
Truck338254,2822,3331,355,416,61
Truck338449,3331,2656,410,416,6
Truck337382,2225,0,115,417,302
Truck337995,2436,2225,285,417,132
Truck338001,2821,2225,285,417,132
Truck337374,0,2225,115,418,303
Truck337649,3121,3122,190,418,228
Truck337729,3331,3238,210,418,208
Truck337841,2998,2437,240,418,178
Truck338362,2822,2821,385,418,33
Truck337614,3122,2822,180,419,239
Truck337624,2822,3122,180,419,239
Truck338079,2655,3122,310,419,109
Truck337345,3238,2998,105,420,315
Truck337377,2655,2225,115,420,305
Truck337651,3238,2999,190,420,230
Truck338096,2437,2655,315,420,105
Truck338233,3331,2999,350,420,70
Truck338290,2822,2656,365,420,55
Truck337583,2224,2999,170,421,251
Truck337595,3121,2655,175,421,246
Truck338216,2656,2999,345,421,76
Truck338237,2998,2822,350,421,71
Truck338418,0,3122,405,421,16
Truck337854,3239,3238,245,422,177
Truck338019,2821,2437,290,422,132
Truck338271,2821,3331,360,422,62
Truck337989,2655,3238,285,423,138
Truck338114,2437,0,320,423,103
Truck337400,2225,3239,120,424,304
Truck338163,2821,3239,330,424,94
Truck338284,1339,3238,365,424,59
Truck337830,3122,2656,240,425,185
Truck337848,3122,3331,245,425,180
Truck337456,1339,2225,135,426,291
Truck337601,2224,2436,175,426,251
Truck337905,2436,2225,260,426,166
Truck338436,0,3122,410,426,16
Truck338478,3122,1339,420,426,6
Truck337944,3239,0,270,427,157
Truck338129,2998,3331,320,428,108
Truck337828,2999,2821,240,429,189
Truck338115,2655,3122,320,429,109
Truck338376,3239,2999,390,429,39
Truck337418,2225,3331,125,430,305
Truck337654,1339,2821,190,430,240
Truck337687,3238,2999,200,430,230
Truck337790,2437,2225,230,430,200
Truck338269,3331,2225,360,430,70
Truck338299,3238,3122,370,430,60
Truck337619,2224,2437,180,431,251
Truck338006,2437,3121,290,431,141
Truck338256,0,3238,360,431,71
Truck338361,2821,2998,385,431,46
Truck338503,3331,2656,425,431,6
Truck338043,2655,2821,300,432,132
Truck338055,2821,2436,300,432,132
Truck337487,3121,3238,145,433,288
Truck337488,3122,2225,145,433,288
Truck338148,0,2437,330,433,103
Truck337838,2656,0,240,434,194
Truck338323,3331,2822,375,434,59
Truck338342,2656,2822,380,434,54
Truck337569,2821,3238,165,435,270
Truck337641,2821,0,185,435,250
Truck337436,2225,2822,130,436,306
Truck337492,1339,2225,145,436,291
Truck337918,2999,3122,265,436,171
Truck337994,2225,2436,285,436,151
Truck338150,2437,3331,330,436,106
Truck337464,0,2998,140,437,297
Truck337668,3122,2821,195,437,242
Truck338325,2821,3331,375,437,62
Truck337446,0,2225,135,438,303
Truck337888,1339,2656,255,438,183
Truck338010,3122,3239,290,438,148
Truck338047,3238,2655,300,438,138
Truck338180,2656,2998,335,438,103
Truck337454,2225,2821,135,439,304
Truck337864,2999,2998,250,439,189
Truck337665,2655,3121,195,440,245
Truck338092,2822,2437,310,440,130
Truck338112,0,2655,320,440,120
Truck337655,2224,2999,190,441,251
Truck337667,3121,2821,195,441,246
Truck337708,1339,2822,205,441,236
Truck338399,2998,2821,395,441,46
Truck337938,3122,2999,270,442,172
Truck338116,2999,2225,320,442,122
Truck338168,2437,2821,335,442,107
Truck338230,1339,2437,350,442,92
Truck338334,3122,3238,380,442,62
Truck337678,2822,0,195,443,248
Truck337241,2224,0,75,444,369
Truck337882,2999,3331,255,444,189
Truck337472,2225,2224,140,445,305
Truck337685,3121,2822,200,445,245
Truck337528,1339,2225,155,446,291
Truck338063,3121,2437,305,446,141
Truck338306,2656,2437,370,446,76
Truck338558,2656,3331,440,446,6
Truck337744,1339,3121,215,447,232
Truck337945,3331,1339,270,447,177
Truck338186,2437,3331,340,447,107
Truck338248,1339,2437,355,447,92
Truck338352,3122,3238,385,447,62
Truck338083,3238,2655,310,448,138
Truck338194,1339,2655,340,448,108
Truck337415,3121,2436,125,449,324
Truck336987,2436,3331,5,450,445
Truck337295,2224,3122,90,450,360
Truck337623,2821,3238,180,450,270
Truck337703,3121,2821,205,450,245
Truck338128,2822,2436,320,450,130
Truck338313,2655,2656,375,450,75
Truck338341,3331,2436,380,450,70
Truck338398,2822,2656,395,450,55
Truck337581,2436,2999,170,451,281
Truck337683,2655,2224,200,451,251
Truck337957,3238,3239,275,451,176
Truck338070,3239,1339,305,451,146
Truck338435,2998,2821,405,451,46
Truck338576,2656,3331,445,451,6
Truck338127,2821,2225,320,452,132
Truck338204,2437,3331,345,452,107
Truck338272,2822,3239,360,452,92
Truck338344,2822,2998,380,452,72
Truck338554,1339,0,440,452,12
Truck337561,3238,3121,165,453,288
Truck337967,2998,1338,275,453,178
Truck338013,2436,2225,290,453,163
Truck337113,2436,1338,40,454,414
Truck337716,0,3121,210,454,244
Truck337077,2436,1339,30,455,425
Truck337956,3122,3331,275,455,180
Truck338177,2224,2821,335,455,120
Truck337564,1339,2225,165,456,291
Truck337078,1339,2436,30,457,427
Truck337775,3121,1339,225,457,232
Truck338145,2821,2437,325,457,132
Truck338395,3331,2821,395,457,62
Truck338414,2656,2821,400,457,57
Truck338415,2821,2656,400,457,57
Truck337331,2224,1339,100,458,358
Truck337577,3121,3238,170,458,288
Truck337985,2998,2225,280,458,178
Truck337041,2436,1338,20,459,439
Truck337936,2999,2656,270,459,189
Truck337526,2225,3331,155,460,305
Truck338164,2822,3121,330,460,130
Truck337096,1339,2436,35,461,426
Truck337582,1339,2225,170,461,291
Truck337627,1338,2225,185,461,276
Truck337727,2224,2655,210,461,251
Truck337993,3238,3239,285,461,176
Truck338360,2656,2437,385,461,76
Truck337634,2225,1338,185,462,277
Truck337739,3121,2656,215,462,247
Truck337340,2437,2436,105,463,358
Truck337597,3238,3121,175,463,288
Truck338003,2998,2437,285,463,178
Truck338251,3331,2998,355,463,108
Truck337087,1338,2436,35,464,429
Truck337329,2436,2437,100,464,364
Truck337785,2821,1339,225,464,239
Truck338241,2655,3122,355,464,109
Truck338307,2821,3239,370,464,94
Truck338450,2656,2822,410,464,54
Truck338502,3239,1338,425,464,39
Truck338202,0,2655,345,465,120
Truck337056,3122,2436,25,466,441
Truck337589,2998,0,170,466,296
Truck337745,2224,2999,215,466,251
Truck337757,3121,3239,220,466,246
Truck337798,1339,2822,230,466,236
Truck337968,0,2999,280,466,186
Truck338132,2437,3121,325,466,141
Truck338434,2822,3331,405,466,61
Truck338630,2656,3331,460,466,6
Truck337572,0,2998,170,467,297
Truck337616,2225,3122,180,467,287
Truck338423,3121,2999,405,467,62
Truck338151,2655,3238,330,468,138
Truck337005,2436,0,10,469,459
Truck337972,2999,2821,280,469,189
Truck338350,2999,2437,385,469,84
Truck338200,2822,2655,340,470,130
Truck337059,2436,2998,25,471,446
Truck338396,2656,2437,395,471,76
Truck338417,2998,2822,400,471,71
Truck337705,3238,2822,205,472,267
Truck338199,2821,2655,340,472,132
Truck337385,2224,1339,115,473,358
Truck337921,3238,3331,265,473,208
Truck338039,2998,2437,295,473,178
Truck338094,0,3239,315,473,158
Truck338348,2437,3122,385,473,88
Truck338538,3239,2656,435,473,38
Truck337349,2224,0,105,474,369
Truck337990,2999,3239,285,474,189
Truck337661,2998,1339,190,475,285
Truck337713,2821,3238,205,475,270
Truck338218,2822,3121,345,475,130
Truck338431,3331,2999,405,475,70
Truck337793,3121,3331,230,476,246
Truck338171,3121,2437,335,476,141
Truck337435,3238,2225,130,477,347
Truck337608,0,2998,180,477,297
Truck338124,3239,0,320,477,157
Truck338294,2437,2822,370,477,107
Truck338429,2224,2998,405,479,74
Truck338482,1339,3238,420,479,59
Truck337976,2225,2437,280,480,200
Truck338236,2822,2436,350,480,130
Truck337788,0,2821,230,481,251
Truck338640,3122,0,465,481,16
Truck337774,2999,2436,225,482,257
Truck338053,3331,2224,300,482,182
Truck338235,2821,2655,350,482,132
Truck337822,2822,0,235,483,248
Truck338330,2437,0,380,483,103
Truck338574,3239,2656,445,483,38
Truck337824,0,3121,240,484,244
Truck338277,2655,0,365,484,119
Truck337186,1339,2436,60,485,425
Truck337829,3121,2998,240,485,245
Truck338026,2999,3331,295,485,190
Truck338461,3238,0,415,485,70
Truck337702,2999,2436,205,486,281
Truck337817,2224,2655,235,486,251
Truck338044,2999,0,300,486,186
Truck338090,2656,2224,310,486,176
Truck338471,2998,2822,415,486,71
Truck336967,3238,2436,0,488,488
Truck337961,2224,3239,275,488,213
Truck338338,1339,2655,380,488,108
Truck337761,2436,2999,220,490,270
Truck338064,3122,2656,305,490,185
Truck338485,3331,2437,420,490,70
Truck337023,2436,2821,15,491,476
Truck337679,2998,0,195,491,296
Truck337847,3121,2656,245,491,246
Truck338058,0,2999,305,491,186
Truck338225,3121,2437,350,491,141
Truck338468,2656,2437,415,491,76
Truck337095,2436,2821,35,492,457
Truck337306,2999,1338,95,492,397
Truck337490,2225,3238,145,492,347
Truck337706,2225,3122,205,492,287
Truck338087,2224,3331,310,492,182
Truck338106,3239,3238,315,492,177
Truck338514,3122,3238,430,492,62
Truck338097,2655,2998,315,493,178
Truck338111,2998,2437,315,493,178
Truck338359,3331,2998,385,493,108
Truck338612,2656,3239,455,493,38
Truck338489,2998,2224,420,494,74
Truck337652,2225,3239,190,495,305
Truck337853,2224,3121,245,496,251
Truck338366,2437,3331,390,496,106
Truck338486,2656,3121,420,496,76
Truck338531,3121,2999,435,497,62
Truck338532,3122,3238,435,497,62
Truck338011,3238,3331,290,498,208
Truck338080,2999,3331,310,498,188
Truck338377,3331,2998,390,498,108
Truck338381,2998,3331,390,498,108
Truck338120,2225,3121,320,499,179
Truck337906,1339,2821,260,500,240
Truck338308,2822,1338,370,500,130
Truck338370,3122,2655,390,500,110
Truck337871,2224,2999,250,501,251
Truck338098,2999,0,315,501,186
Truck338268,3239,2998,360,501,141
Truck338712,3122,0,485,501,16
Truck337525,3238,2225,155,502,347
Truck337883,3121,2998,255,502,247
Truck337942,1339,3121,270,502,232
Truck338452,2822,3239,410,502,92
Truck337131,2436,2656,45,503,458
Truck338250,3239,3122,355,503,148
Truck338594,2656,2822,450,504,54
Truck337688,2225,2656,200,505,305
Truck338326,2822,3121,375,505,130
Truck338539,3331,2437,435,505,70
Truck337733,2998,0,210,506,296
Truck337881,2655,2224,255,506,251
Truck338522,2656,2436,430,506,76
Truck338766,3122,1339,500,506,6
Truck338774,2656,3331,500,506,6
Truck338742,0,1339,495,507,12
Truck337840,2822,3238,240,508,268
Truck338029,3238,2656,295,508,213
Truck338125,3331,0,320,508,188
Truck338295,2655,3238,370,508,138
Truck337221,2436,2822,70,509,439
Truck338367,2655,0,390,509,119
Truck338587,3238,1339,450,509,59
Truck338664,3239,3121,470,509,39
Truck337919,3121,2998,265,510,245
Truck338154,3122,3331,330,510,180
Truck338557,3331,3121,440,510,70
Truck337751,2998,0,215,511,296
Truck337899,2655,2224,260,511,251
Truck338421,2655,2437,405,511,106
Truck337375,1338,2999,115,512,397
Truck337562,2225,3238,165,512,347
Truck338159,2224,3331,330,512,182
Truck338161,3331,2224,330,512,182
Truck338343,2821,3121,380,512,132
Truck338372,2225,2999,390,512,122
Truck338176,1339,3331,335,513,178
Truck338183,2998,2999,335,513,178
Truck338438,2437,0,410,513,103
Truck338584,2999,3121,450,513,63
Truck337724,2225,2821,210,514,304
Truck337932,0,3121,270,514,244
Truck338126,2656,0,320,514,194
Truck338134,2999,2998,325,514,189
Truck338575,3331,2437,445,515,70
Truck337780,1339,2225,225,516,291
Truck337925,2224,2225,265,516,251
Truck337937,3121,3331,270,516,246
Truck337996,1339,3121,285,517,232
Truck338197,3331,1339,340,517,177
Truck338009,3121,3122,290,518,228
Truck338201,2998,2225,340,518,178
Truck338304,3239,3122,370,518,148
Truck338456,2437,0,415,518,103
Truck338152,2999,2224,330,519,189
Truck338629,3331,2822,460,519,59
Truck338824,1339,3122,515,519,4
Truck337185,2436,3331,60,520,460
Truck338457,2655,2437,415,521,106
Truck338820,3122,1339,515,521,6
Truck337149,2436,2224,50,522,472
Truck337814,2225,3122,235,522,287
Truck338286,3239,0,365,522,157
Truck338379,2821,2437,390,522,132
Truck338219,2998,2225,345,523,178
Truck338274,0,3239,365,523,158
Truck338312,2437,3238,375,523,148
Truck338620,2999,3121,460,523,63
Truck338718,3239,3121,485,524,39
Truck337203,2436,2821,65,525,460
Truck338170,2999,2998,335,525,190
Truck338611,3331,2655,455,525,70
Truck338641,3238,3122,465,525,60
Truck338668,2822,2656,470,525,55
Truck337760,2225,3239,220,526,306
Truck338242,2999,3122,355,526,171
Truck338340,3239,1339,380,526,146
Truck338358,3239,2998,385,526,141
Truck338474,2437,3331,420,526,106
Truck337973,3121,2998,280,527,247
Truck338397,2821,2437,395,527,132
Truck337831,3238,3121,240,528,288
Truck338301,2436,2225,370,528,158
Truck338754,3239,3331,495,528,33
Truck337275,2436,1338,85,529,444
Truck338046,3122,3121,300,529,229
Truck338188,2999,3239,340,529,189
Truck338736,3239,2655,490,529,39
Truck337778,2225,3239,225,530,305
Truck337911,2821,3238,260,530,270
Truck338416,2822,2655,400,530,130
Truck338659,3238,3122,470,530,60
Truck338686,2822,2656,475,530,55
Truck337167,2436,2224,55,531,476
Truck337991,3121,2822,285,531,246
Truck337806,0,2998,235,532,297
Truck337954,2999,2436,275,532,257
Truck338038,2822,1339,295,532,237
Truck338322,3239,0,375,532,157
Truck338403,2655,2821,400,532,132
Truck338137,3238,3331,325,533,208
Truck338310,0,3239,375,533,158
Truck338772,3239,3331,500,533,33
Truck338206,2999,2998,345,534,189
Truck338234,2656,3122,350,534,184
Truck338568,3122,2437,445,534,89
Truck337177,1338,2437,60,535,475
Truck337554,0,2224,165,535,370
Truck338244,3122,3331,355,535,180
Truck337178,2437,1338,60,536,476
Truck337997,2224,2999,285,536,251
Truck338062,2999,3238,305,536,231
Truck338220,0,2999,350,536,186
Truck338249,2224,3331,355,537,182
Truck338510,2437,3331,430,537,107
Truck338850,0,1339,525,537,12
Truck338027,3121,0,295,538,243
Truck338224,2999,2822,350,538,188
Truck338521,3331,2998,430,538,108
Truck338577,2821,3239,445,539,94
Truck338720,2656,2822,485,539,54
Truck338528,2437,2655,435,540,105
Truck338665,3331,2436,470,540,70
Truck338285,2224,2656,365,541,176
Truck338648,2656,2999,465,541,76
Truck338757,2821,2998,495,541,46
Truck337257,2436,2998,80,542,462
Truck338155,3238,2656,330,543,213
Truck338287,3331,3122,365,543,178
Truck338291,2998,1338,365,543,178
Truck338561,2998,2656,440,543,103
Truck338600,2437,3122,455,543,88
Truck337293,2436,2656,90,544,454
Truck338073,2821,1339,305,544,239
Truck338160,3239,2224,330,544,214
Truck338790,3239,2999,505,544,39
Truck337832,2225,2655,240,545,305
Truck338470,2822,2999,415,545,130
Truck338683,3331,2999,475,545,70
Truck337877,2998,0,250,546,296
Truck337933,1338,2225,270,546,276
Truck338022,0,2821,295,546,251
Truck338430,3239,2998,405,546,141
Truck338874,3122,0,530,546,16
Truck338918,2656,3331,540,546,6
Truck337269,2655,2436,85,547,462
Truck337860,0,2998,250,547,297
Truck338045,3121,2998,300,547,247
Truck338469,2821,2999,415,547,132
Truck337842,0,2225,245,548,303
Truck338260,2999,3239,360,548,188
Truck338309,2998,2999,370,548,178
Truck338402,2437,3238,400,548,148
Truck338412,3239,3122,400,548,148
Truck337811,3121,2436,235,549,314
Truck338049,2436,2999,300,549,249
Truck338091,2821,1339,310,549,239
Truck338511,2655,0,430,549,119
Truck337231,1338,2437,75,550,475
Truck337813,3238,2998,235,550,315
Truck337823,2998,3238,235,550,315
Truck337850,2225,2224,245,550,305
Truck338086,1339,2821,310,550,240
Truck338488,2822,2437,420,550,130
Truck337232,2437,1338,75,551,476
Truck338051,2224,2225,300,551,251
Truck338684,2656,2225,475,551,76
Truck338740,2822,3331,490,551,61
Truck338793,2821,2998,505,551,46
Truck338935,3331,2656,545,551,6
Truck338394,3239,0,395,552,157
Truck338475,2655,2821,420,552,132
Truck338487,2821,2437,420,552,132
Truck338564,2437,2822,445,552,107
Truck338074,2822,0,305,553,248
Truck338195,2224,3239,340,553,213
Truck338278,2999,3239,365,553,188
Truck338572,1339,2655,445,553,108
Truck338597,2998,2656,450,553,103
Truck338110,2822,3122,315,554,239
Truck337383,2436,3122,115,555,440
Truck337868,2225,3239,250,555,305
Truck338031,2436,2999,295,555,260
Truck338582,2437,2822,450,555,105
Truck338628,3239,2821,460,555,95
Truck338719,3331,2999,485,555,70
Truck338069,2224,2436,305,556,251
Truck338339,2224,2656,380,556,176
Truck338702,2656,2655,480,556,76
Truck337255,3238,2436,80,557,477
Truck337896,0,2998,260,557,297
Truck338505,2821,2436,425,557,132
Truck338530,2999,2225,435,557,122
Truck338722,2822,2224,485,557,72
Truck338775,2821,2656,500,557,57
Truck338932,1339,0,545,557,12
Truck337452,3122,2436,135,558,423
Truck338227,3238,3331,350,558,208
Truck338345,2998,1338,380,558,178
Truck338443,3238,2437,410,558,148
Truck338448,3239,3122,410,558,148
Truck338593,3331,2998,450,558,108
Truck338598,0,2437,455,558,103
Truck337579,3238,2224,170,559,389
Truck338296,2999,2655,370,559,189
Truck337886,2225,2224,255,560,305
Truck338122,1339,2821,320,560,240
Truck338099,3121,2655,315,561,246
Truck338484,3239,2998,420,561,141
Truck338964,3122,1339,555,561,6
Truck337742,2225,3238,215,562,347
Truck337958,2225,3122,275,562,287
Truck338523,2821,3121,430,562,132
Truck338601,2655,2437,455,562,107
Truck337709,2224,1339,205,563,358
Truck338314,2999,2821,375,563,188
Truck338363,2998,2225,385,563,178
Truck338493,2655,3238,425,563,138
Truck338862,3239,2656,525,563,38
Truck337904,2225,2998,260,564,304
Truck338735,2224,2822,490,564,74
Truck338276,2437,2225,365,565,200
Truck338282,2225,2437,365,565,200
Truck338749,3238,0,495,565,70
Truck338755,3331,2436,495,565,70
Truck338105,2224,3121,315,566,251
Truck338117,3121,3239,320,566,246
Truck338378,2656,2224,390,566,176
Truck338462,2225,2436,415,566,151
Truck338618,2437,2821,460,566,106
Truck338738,2656,2999,490,566,76
Truck338849,2998,2821,520,566,46
Truck337759,3238,2225,220,567,347
Truck338791,3331,2821,505,567,62
Truck337901,3121,2436,260,568,308
Truck337975,3238,3121,280,568,288
Truck338252,2656,3238,355,568,213
Truck338331,2655,2999,380,568,188
Truck338515,3238,2655,430,568,138
Truck338626,1339,2655,460,568,108
Truck338332,2999,2224,380,569,189
Truck338583,2655,0,450,569,119
Truck338619,2655,3122,460,569,109
Truck338710,2999,2437,485,569,84
Truck338880,3239,2655,530,569,39
Truck337303,1338,2437,95,570,475
Truck337922,2225,2655,265,570,305
Truck338123,2224,1338,320,571,251
Truck338976,0,1339,560,572,12
Truck337992,3122,2225,285,573,288
Truck338146,2822,0,325,573,248
Truck338492,2437,3238,425,573,148
Truck338496,3122,3239,425,573,148
Truck338644,1339,2655,465,573,108
Truck338654,2437,0,470,573,103
Truck338898,3239,2656,535,573,38
Truck339022,1339,3122,570,574,4
Truck337743,2436,2437,215,575,360
Truck337940,2225,2655,270,575,305
Truck338153,3121,2656,330,575,245
Truck338609,2224,2821,455,575,120
Truck337419,2436,2821,125,576,451
Truck338565,2655,2821,445,577,132
Truck338937,2821,2822,545,577,32
Truck338288,2656,3238,365,578,213
Truck338551,3238,2655,440,578,138
Truck338103,2436,2999,315,579,264
Truck338190,3122,2822,340,579,239
Truck338428,1339,2999,405,579,174
Truck338795,2998,2224,505,579,74
Truck338916,3239,2655,540,579,39
Truck336961,1338,2822,0,580,580
Truck337347,2436,2224,105,580,475
Truck337449,2655,2436,135,580,445
Truck338809,3331,1338,510,580,70
Truck337851,2436,2437,245,581,336
Truck338386,2999,0,395,581,186
Truck338792,2656,3121,505,581,76
Truck338994,0,3122,565,581,16
Truck337024,1339,1338,15,582,567
Truck337491,2436,3239,145,582,437
Truck338595,2821,1338,450,582,132
Truck338208,3122,2822,345,584,239
Truck338739,2821,3239,490,584,94
Truck338813,2998,2224,510,584,74
Truck337781,2224,3122,225,585,360
Truck337939,3238,2998,270,585,315
Truck338101,3238,2821,315,585,270
Truck338181,2821,0,335,585,250
Truck338406,3122,2656,400,585,185
Truck338691,2655,2437,480,585,105
Truck337401,2436,2655,120,586,466
Truck338189,3121,3331,340,586,246
Truck338458,2999,3122,415,586,171
Truck338690,2437,2821,480,586,106
Truck338810,2656,1338,510,586,76
Truck338004,0,2998,290,587,297
Truck338520,3239,0,430,587,157
Truck338613,2821,2655,455,587,132
Truck337455,2436,3331,135,588,453
Truck338413,3331,0,400,588,188
Truck338432,2656,1339,405,588,183
Truck338762,2437,3122,500,588,88
Truck338900,2656,2822,535,589,54
Truck338205,2655,3121,345,590,245
Truck338632,2822,2225,460,590,130
Truck338845,3331,2225,520,590,70
Truck337617,2436,1338,180,591,411
Truck338207,3121,2998,345,591,246
Truck338828,2656,1338,515,591,76
Truck339080,2656,3331,585,591,6
Truck337849,3238,2225,245,592,347
Truck338261,3121,1339,360,592,232
Truck338631,2821,2655,460,592,132
Truck338446,1339,2656,410,593,183
Truck338709,2655,1339,485,593,108
Truck338007,2655,2225,290,594,304
Truck338012,2225,2822,290,594,304
Truck338843,2224,2998,520,594,74
Truck338970,3239,2225,555,594,39
Truck337015,1338,2224,15,595,580
Truck338422,2999,2998,405,595,190
Truck338442,3122,2656,410,595,185
Truck338650,2822,2225,465,595,130
Truck338670,0,2655,475,595,120
Truck338726,2437,2998,490,595,105
Truck338863,3331,2436,525,595,70
Truck338920,2822,2656,540,595,55
Truck337394,2437,1338,120,596,476
Truck338057,2998,0,300,596,296
Truck338213,2224,2655,345,596,251
Truck338592,3239,1339,450,596,146
Truck337017,2655,1338,15,597,582
Truck337537,1338,2436,160,597,437
Truck338084,2225,3122,310,597,287
Truck338556,3239,0,440,597,157
Truck338081,3121,3238,310,598,288
Truck338586,3122,3239,450,598,148
Truck338737,3331,2998,490,598,108
Truck338741,2998,3331,490,598,108
Truck337033,1338,2655,20,599,579
Truck337671,2436,1338,195,599,404
Truck338298,3122,3121,370,599,229
Truck338440,2999,2656,410,599,189
Truck338500,1339,2999,425,599,174
Truck338727,2655,3122,490,599,109
Truck339112,1339,3122,595,599,4
Truck337880,2437,2436,255,600,345
Truck338030,2225,3239,295,600,305
Truck338266,1339,2821,360,600,240
Truck338881,3331,2436,530,600,70
Truck337509,2436,2821,150,601,451
Truck338231,2224,2999,350,601,251
Truck338243,3121,3239,355,601,246
Truck338504,2656,2224,425,601,176
Truck337887,2436,3121,255,602,347
Truck338588,2225,2436,450,602,152
Truck338744,2437,3239,495,602,107
Truck338812,2822,3239,510,602,92
Truck338467,3331,0,415,603,188
Truck338507,2998,2655,425,603,178
Truck338610,3239,3122,455,603,148
Truck338834,2437,2999,520,603,83
Truck337591,1338,2436,175,604,429
Truck338048,2225,2998,300,604,304
Truck338229,2436,2999,350,605,255
Truck338651,2998,3239,465,605,140
Truck337430,2437,1338,130,606,476
Truck338149,1338,2225,330,606,276
Truck338238,0,2821,355,606,251
Truck338636,2437,3121,465,606,141
Truck339133,3331,2656,600,606,6
Truck337717,1338,2999,210,607,397
Truck338076,0,2998,310,607,297
Truck338191,3238,2822,340,607,267
Truck338501,2224,3331,425,607,182
Truck338393,2224,3239,395,608,213
Truck337473,2436,3239,140,609,469
Truck338476,2999,3331,420,609,189
Truck338066,2225,3239,305,610,305
Truck338704,2822,2655,480,610,130
Truck338724,0,2655,490,610,120
Truck338917,3331,2999,540,610,70
Truck337635,2436,3122,185,611,426
Truck338167,1338,2225,335,611,276
Truck339151,3331,2656,605,611,6
Truck337527,2436,1339,155,612,457
Truck338703,2821,2437,480,612,132
Truck338844,3239,2822,520,612,92
Truck338135,3121,3238,325,613,288
Truck338494,2999,3331,425,613,188
Truck338543,2998,2437,435,613,178
Truck338316,3122,2822,375,614,239
Truck339042,3239,2225,575,614,39
Truck338217,2821,3238,345,615,270
Truck338798,2437,2656,510,615,105
Truck338907,2655,2656,540,615,75
Truck337916,2437,2436,265,616,351
Truck337959,2436,2437,275,616,341
Truck338297,3121,3239,370,616,246
Truck338922,0,3238,545,616,71
Truck338356,1339,3121,385,617,232
Truck338537,2224,3331,435,617,182
Truck338938,2822,2224,545,617,72
Truck339148,1339,0,605,617,12
Truck338536,1339,2656,435,618,183
Truck338540,2656,1339,435,618,183
Truck338865,2821,3239,525,619,94
Truck338989,3331,2822,560,619,59
Truck337105,1338,3239,40,620,580
Truck338102,2225,2655,315,620,305
Truck338771,2224,2821,500,620,120
Truck337159,1338,1339,55,621,566
Truck338156,2225,1339,330,621,291
Truck338303,2224,1338,370,621,251
Truck338569,3238,3239,445,621,176
Truck338130,0,2998,325,622,297
Truck337545,2436,3239,160,623,463
Truck338579,2998,2437,445,623,178
Truck338831,2998,3331,515,623,108
Truck337924,1339,2224,265,624,359
Truck338745,2655,2822,495,624,129
Truck339004,1339,3238,565,624,59
Truck339078,3239,1338,585,624,39
Truck338758,2822,1338,495,625,130
Truck338961,2655,3331,555,625,70
Truck338971,3331,1338,555,625,70
Truck339001,3238,3122,565,625,60
Truck337920,3122,2224,265,626,361
Truck338174,2225,1339,335,626,291
Truck338321,2224,2437,375,626,251
Truck338333,3121,2821,380,626,246
Truck338958,0,3238,555,626,71
Truck338192,2225,3122,340,627,287
Truck338604,3122,2999,455,627,172
Truck338678,2225,2436,475,627,152
Truck339000,3122,3238,565,627,62
Truck339174,0,1339,615,627,12
Truck338700,3239,3122,480,628,148
Truck338842,1339,2655,520,628,108
Truck338852,2437,0,525,628,103
Truck339087,2655,3239,590,628,38
Truck339096,3239,2656,590,628,38
Truck338138,2225,2998,325,629,304
Truck338466,3239,2224,415,629,214
Truck339044,2656,2822,575,629,54
Truck337141,1338,2655,50,630,580
Truck338263,3238,2821,360,630,270
Truck338349,2655,3121,385,630,245
Truck338351,3121,3331,385,630,245
Truck338548,2999,2998,440,630,190
Truck338853,2655,2437,525,631,106
Truck338972,2656,2225,555,631,76
Truck339180,3122,0,615,631,16
Truck338410,1339,3121,400,632,232
Truck338682,3239,0,475,632,157
Truck338763,2655,2821,500,632,132
Truck338590,1339,2656,450,633,183
Truck338708,2437,3238,485,633,148
Truck338885,2998,2656,530,633,103
Truck337613,3121,1338,180,634,454
Truck339114,3239,1338,595,634,39
Truck338289,2821,3238,365,635,270
Truck338369,3121,2224,390,635,245
Truck338544,0,2656,440,635,195
Truck338870,2437,2822,530,635,105
Truck339007,3331,2655,565,635,70
Truck338990,2656,2655,560,636,76
Truck337563,2436,3331,165,637,472
Truck338380,2822,0,390,638,248
Truck338608,1339,2656,455,638,183
Truck338633,2998,2655,460,638,178
Truck338730,3122,3239,490,638,148
Truck339034,2999,3121,575,638,63
Truck339134,2656,3239,600,638,38
Truck339132,3239,2655,600,639,39
Truck338385,2655,3121,395,640,245
Truck338638,2999,1339,465,640,175
Truck338777,2998,3239,500,640,140
Truck338888,2437,2822,535,641,106
Truck338889,2655,2437,535,641,106
Truck339216,3122,0,625,641,16
Truck338646,3239,3238,465,642,177
Truck338950,1339,2437,550,642,92
Truck339054,3122,3238,580,642,62
Truck337653,2436,2998,190,643,453
Truck338184,0,2225,340,643,303
Truck337195,1338,2655,65,644,579
Truck338602,2999,2656,455,644,189
Truck338639,3121,2225,465,644,179
Truck339023,2224,2822,570,644,74
Truck339150,3239,2436,605,644,39
Truck338165,2998,3238,330,645,315
Truck338830,2822,2655,515,645,130
Truck338892,3122,2655,535,645,110
Truck338906,2437,2224,540,645,105
Truck337197,2655,1338,65,646,581
Truck338273,2998,3122,360,646,286
Truck338405,3121,2656,400,646,246
Truck338663,2224,2656,470,646,176
Truck339135,2821,2998,600,646,46
Truck339277,3331,2656,640,646,6
Truck338335,3238,2822,380,647,267
Truck338424,3122,2821,405,647,242
Truck338464,1339,3121,415,647,232
Truck338647,3331,2224,465,647,182
Truck338829,2821,2436,515,647,132
Truck339079,3331,2821,585,647,62
Truck338669,2998,1338,470,648,178
Truck337663,1338,3121,195,649,454
Truck337725,2436,2656,210,649,439
Truck337979,2224,0,280,649,369
Truck338210,2225,3239,345,649,304
Truck338451,2821,1339,410,649,239
Truck338982,3122,2437,560,649,89
Truck339091,3238,1339,590,649,59
Truck337213,1338,2224,70,650,580
Truck338848,2822,2225,520,650,130
Truck338883,2821,2224,530,650,120
Truck339051,2655,3331,580,650,70
Truck337599,2436,2224,175,651,476
Truck338411,2224,2225,400,651,251
Truck339246,0,3122,635,651,16
Truck338694,3122,2999,480,652,172
Truck338847,2821,2225,520,652,132
Truck338872,2999,2225,530,652,122
Truck339064,2822,2224,580,652,72
Truck337069,1338,3238,30,653,623
Truck338687,2998,2436,475,653,178
Truck338634,0,3331,465,654,189
Truck338228,2225,2655,350,655,305
Truck338302,1339,2998,370,655,285
Truck338441,3121,2998,410,655,245
Truck338676,3122,3331,475,655,180
Truck339069,2655,3331,585,655,70
Truck337285,1338,1339,90,656,566
Truck338439,2655,3121,410,656,246
Truck338808,3239,1339,510,656,146
Truck338819,3121,2437,515,656,141
Truck338942,2437,2655,550,656,106
Truck339062,2656,2225,580,656,76
Truck338495,3121,1339,425,657,232
Truck338656,2999,2655,470,658,188
Truck338701,3331,3122,480,658,178
Truck338802,3122,3239,510,658,148
Truck338246,2225,3239,355,659,304
Truck338652,0,3331,470,659,189
Truck338693,3121,2225,480,659,179
Truck338716,1339,2999,485,659,174
Truck339077,2224,2822,585,659,74
Truck339204,3239,2655,620,659,39
Truck337249,1338,2998,80,660,580
Truck338327,2998,1339,375,660,285
Truck339097,3331,1338,590,660,70
Truck338175,2436,3121,335,661,326
Truck338347,1338,2225,385,661,276
Truck338459,3121,3239,415,661,246
Truck338512,2999,3238,430,661,231
Truck338960,2437,2655,555,661,106
Truck338318,2225,3122,375,662,287
Truck338518,1339,3121,430,662,232
Truck339024,3239,2822,570,662,92
Truck339300,0,1339,650,662,12
Truck337111,3238,1338,40,663,623
Truck337321,1338,3122,100,663,563
Truck338698,1339,2656,480,663,183
Truck338723,2998,1338,485,663,178
Truck338816,2437,3238,515,663,148
Truck339244,2822,2821,630,663,33
Truck337633,3238,2436,185,664,479
Truck339222,3239,2999,625,664,39
Truck339346,1339,3122,660,664,4
Truck337267,1338,2821,85,665,580
Truck337645,1338,2437,190,665,475
Truck338264,2225,2224,360,665,305
Truck338674,2999,2655,475,665,190
Truck338867,2998,3239,525,665,140
Truck338902,2822,2225,535,665,130
Truck338978,2437,2655,560,665,105
Truck339115,3331,1338,595,665,70
Truck337646,2437,1338,190,666,476
Truck338465,2224,2999,415,666,251
Truck338692,2999,0,480,666,186
Truck339098,2656,2655,590,666,76
Truck339207,2821,2998,620,666,46
Truck339349,3331,2656,660,666,6
Truck338119,3238,2225,320,667,347
Truck338336,2225,3122,380,667,287
Truck338901,2821,2999,535,667,132
Truck339040,1339,2437,575,667,92
Truck337129,3238,1338,45,668,623
Truck338472,0,2822,420,668,248
Truck338734,1339,3331,490,668,178
Truck338993,2998,3331,560,668,108
Truck339240,3239,2656,630,668,38
Truck338490,0,3121,425,669,244
Truck339188,2656,2822,615,669,54
Truck338255,2998,3238,355,670,315
Truck338407,3238,2821,400,670,270
Truck339116,2656,2437,595,671,76
Truck338944,2999,2225,550,672,122
Truck339136,2822,2998,600,672,72
Truck338759,2998,3121,495,673,178
Truck339026,2656,2998,570,673,103
Truck339276,3239,3331,640,673,33
Truck338104,1339,2224,315,674,359
Truck338541,2821,1339,435,674,239
Truck338542,2822,3122,435,674,239
Truck339258,3239,1338,635,674,39
Truck338300,2225,2656,370,675,305
Truck338433,2821,3238,405,675,270
Truck338672,2437,2225,475,675,200
Truck338748,3122,3331,495,675,180
Truck339141,2655,3331,605,675,70
Truck337707,2436,0,205,676,471
Truck338728,2999,0,490,676,186
Truck338782,2999,3122,505,676,171
Truck339155,2998,2822,605,676,71
Truck339243,2821,2998,630,676,46
Truck337366,1339,1338,110,677,567
Truck337969,1338,2999,280,677,397
Truck338560,2822,1339,440,677,237
Truck337833,2436,2655,240,678,438
Truck338508,0,2822,430,678,248
Truck338524,2822,0,430,678,248
Truck338756,2656,1339,495,678,183
Truck338770,1339,3331,500,678,178
Truck338015,2224,3238,290,679,389
Truck338550,3122,2822,440,679,239
Truck337689,2436,3238,200,680,480
Truck337866,3122,2436,250,680,430
Truck338559,2821,3122,440,680,240
Truck338956,2822,1338,550,680,130
Truck338419,1338,2225,405,681,276
Truck338519,2224,2999,430,681,251
Truck338800,2999,3122,510,681,171
Truck338896,1339,3239,535,681,146
Truck339152,2656,2999,605,681,76
Truck339208,2822,3331,620,681,61
Truck337384,1339,1338,115,682,567
Truck338426,2225,1338,405,682,277
Truck339032,2437,2822,575,682,107
Truck338141,2224,1339,325,683,358
Truck338526,0,2822,435,683,248
Truck338603,3121,3122,455,683,228
Truck338666,2656,3238,470,683,213
Truck338746,2999,2655,495,683,188
Truck338893,3238,2437,535,683,148
Truck339043,3331,2998,575,683,108
Truck339104,2437,3122,595,683,88
Truck338578,2822,3122,445,684,239
Truck338858,2225,2436,525,685,160
Truck338974,2822,3121,555,685,130
Truck339036,3122,2655,575,685,110
Truck339050,2437,2655,580,685,105
Truck337339,1338,2224,105,686,581
Truck337341,2655,1338,105,686,581
Truck338437,1338,2225,410,686,276
Truck338549,3121,2656,440,686,246
Truck338818,2999,3122,515,686,171
Truck338934,3239,2998,545,686,141
Truck339170,2656,2437,610,686,76
Truck339414,3122,1339,680,686,6
Truck338240,2437,2436,355,687,332
Truck338354,2225,0,385,687,302
Truck338973,2821,2436,555,687,132
Truck339118,2822,3239,595,687,92
Truck338799,2655,2998,510,688,178
Truck338943,2655,3238,550,688,138
Truck339083,2998,2656,585,688,103
Truck337779,2436,2822,225,689,464
Truck338258,2437,2436,360,689,329
Truck338596,2822,3122,450,689,239
Truck338764,2999,2998,500,689,189
Truck337843,1338,2436,245,690,445
Truck338567,3121,3331,445,690,245
Truck338992,2822,2437,560,690,130
Truck339027,2821,2224,570,690,120
Truck339205,3331,1338,620,690,70
Truck337359,2655,1338,110,691,581
Truck337723,3238,2436,210,691,481
Truck338547,2655,2224,440,691,251
Truck338555,2224,2437,440,691,251
Truck338945,3121,2437,550,691,141
Truck339068,2437,2821,585,691,106
Truck339209,2998,2822,620,691,71
Truck337869,2436,2655,250,692,442
Truck338209,3238,2225,345,692,347
Truck338826,3239,3238,515,692,177
Truck338827,3331,1339,515,692,177
Truck338979,2655,2821,560,692,132
Truck338991,2821,1338,560,692,132
Truck339122,2437,1339,600,692,92
Truck339261,2821,2656,635,692,57
Truck338364,0,2225,390,693,303
Truck338506,2822,3238,425,693,268
Truck338562,0,2822,445,693,248
Truck338781,2655,2999,505,693,188
Truck338817,2655,2998,515,693,178
Truck339076,1339,2655,585,693,108
Truck338822,2225,3121,515,694,179
Truck339330,3239,2225,655,694,39
Truck338222,2437,2436,350,695,345
Truck339072,3122,2655,585,695,110
Truck339217,3238,0,625,695,70
Truck339223,3331,2999,625,695,70
Truck337429,1338,1339,130,696,566
Truck338172,3122,2224,335,696,361
Truck339206,2656,2436,620,696,76
Truck339317,2998,2821,650,696,46
Truck338444,2225,3122,410,697,287
Truck339279,2821,2656,640,697,57
Truck338382,0,2225,395,698,303
Truck338717,2224,3239,485,698,213
Truck338983,3238,2655,560,698,138
Truck337773,2655,2436,225,699,474
Truck339271,3238,1339,640,699,59
Truck339348,3239,2999,660,699,39
Truck337393,1338,2224,120,700,580
Truck338390,2225,3239,395,700,305
Truck339028,2822,3121,570,700,130
Truck339241,3331,2655,630,700,70
Truck338591,2224,3121,450,701,251
Truck338864,2656,2224,525,701,176
Truck339224,2656,2225,625,701,76
Truck337411,1338,0,125,702,577
Truck338059,1338,2999,305,702,397
Truck339052,2999,2225,580,702,122
Truck338315,3121,2436,375,703,328
Truck338499,2436,2999,425,703,278
Truck338997,2655,3238,565,703,138
Truck339105,2655,1339,595,703,108
Truck337935,2655,2436,270,704,434
Truck338408,2225,2821,400,704,304
Truck338846,2656,3122,520,704,184
Truck339289,3238,1339,645,704,59
Truck338780,2437,2225,505,705,200
Truck339046,2822,3121,575,705,130
Truck339253,3238,0,635,705,70
Truck339316,2822,2656,650,705,55
Truck338453,2998,0,410,706,296
Truck338621,3121,3331,460,706,246
Truck338952,3239,0,550,707,157
Truck339045,2821,2655,575,707,132
Truck339314,2656,2821,650,707,57
Truck339462,0,1339,695,707,12
Truck338479,3238,3121,420,708,288
Truck338773,3331,3238,500,708,208
Truck339140,2437,0,605,708,103
Truck338658,3122,2822,470,709,239
Truck338836,2999,2656,520,709,189
Truck339384,3239,2655,670,709,39
Truck338814,0,2656,515,710,195
Truck338985,2436,2225,560,710,150
Truck338616,0,2821,460,711,251
Truck338680,1339,2822,475,711,236
Truck339014,2437,3121,570,711,141
Truck339504,3122,1339,705,711,6
Truck339063,2821,2655,580,712,132
Truck338785,3238,3331,505,713,208
Truck338854,2999,3331,525,713,188
Truck338899,3331,3122,535,713,178
Truck338882,2656,3122,530,714,184
Truck338914,1339,2999,540,714,174
Truck337447,1338,2998,135,715,580
Truck337825,1338,2437,240,715,475
Truck338685,2821,3122,475,715,240
Truck338545,1338,2225,440,716,276
Truck338868,0,2999,530,716,186
Truck339158,2437,2821,610,716,106
Truck338516,2225,3122,430,717,287
Truck339498,0,1339,705,717,12
Truck338921,2998,2437,540,718,178
Truck339411,2655,3239,680,718,38
Truck337465,1338,2224,140,719,579
Truck339225,2821,3239,625,719,94
Truck339420,3239,3121,680,719,39
Truck339544,1339,3122,715,719,4
Truck338673,2655,3121,475,720,245
Truck338910,3122,3331,540,720,180
Truck339065,2998,3239,580,720,140
Truck339100,2822,2999,590,720,130
Truck339176,2437,2224,615,720,105
Truck339313,3331,2436,650,720,70
Truck338936,2656,2224,545,721,176
Truck339296,2656,2225,645,721,76
Truck338317,3238,2225,375,722,347
Truck338480,2225,0,420,722,302
Truck338675,3121,2998,475,722,247
Truck338915,2224,3331,540,722,182
Truck339006,3239,0,565,722,157
Truck339099,2821,1338,590,722,132
Truck339238,1339,2437,630,722,92
Truck337327,3238,1338,100,723,623
Truck338533,3238,3121,435,723,288
Truck338614,2822,3238,455,723,268
Truck338807,2224,3239,510,723,213
Truck338939,2998,1338,545,723,178
Truck339187,3331,2998,615,723,108
Truck339440,2656,3239,685,723,38
Truck338173,3238,2224,335,724,389
Truck337483,1338,3331,145,725,580
Truck338721,2821,3122,485,725,240
Truck339153,2821,2224,605,725,120
Truck339331,3331,2999,655,725,70
Truck338954,2656,2224,550,726,176
Truck339318,0,3238,655,726,71
Truck339425,2998,2821,680,726,46
Truck338953,3331,1339,550,727,177
Truck339142,2999,2225,605,727,122
Truck339367,3331,2821,665,727,62
Truck339358,2999,3121,665,728,63
Truck338067,2436,1339,305,729,424
Truck338267,2224,0,360,729,369
Truck337501,1338,3239,150,730,580
Truck337879,1338,2437,255,730,475
Truck338498,2225,2655,425,730,305
Truck338928,3122,2656,545,730,185
Truck339339,2655,3331,660,730,70
Truck339406,2822,2656,675,730,55
Truck337923,2436,2998,265,731,466
Truck338699,2224,2437,480,731,251
Truck338711,3121,2821,485,731,246
Truck339086,2437,3121,590,731,141
Truck339212,2437,3239,625,731,106
Truck339213,2655,2437,625,731,106
Truck339493,3331,3239,700,732,32
Truck337357,1338,3238,110,733,623
Truck337573,1338,3122,170,733,563
Truck338926,2999,2224,545,733,188
Truck338968,1339,3331,555,733,178
Truck339242,2656,2998,630,733,103
Truck339245,2998,2656,630,733,103
Truck337815,2436,3238,235,734,499
Truck337519,1338,2656,155,735,580
Truck338649,2821,3238,465,735,270
Truck339154,2822,2999,605,735,130
Truck339361,3238,0,665,735,70
Truck339350,2656,3121,660,736,76
Truck338371,3238,2225,390,737,347
Truck338477,3121,2436,420,737,317
Truck338988,3239,3238,560,737,177
Truck339060,3239,0,580,737,157
Truck339298,2822,3239,645,737,92
Truck339403,3331,2821,675,737,62
Truck339580,1339,0,725,737,12
Truck338585,3121,3238,450,738,288
Truck339297,2821,3239,645,739,94
Truck338529,2655,2225,435,740,305
Truck338667,2821,3238,470,740,270
Truck339172,2822,2655,610,740,130
Truck339192,0,2655,620,740,120
Truck339294,3239,2821,645,740,95
Truck339357,2655,2656,665,740,75
Truck338534,2225,2821,435,741,306
Truck338615,2998,3122,455,741,286
Truck338747,3121,2656,495,741,246
Truck339477,2821,2998,695,741,46
Truck338389,3238,2225,395,742,347
Truck338794,2822,1339,505,742,237
Truck339171,2821,2225,610,742,132
Truck337609,1338,3122,180,743,563
Truck338357,2224,1339,385,743,358
Truck338605,3238,3121,455,743,288
Truck339011,2998,3121,565,743,178
Truck339532,2822,2821,710,743,33
Truck338061,2655,2436,305,744,439
Truck338245,3238,2224,355,744,389
Truck338760,0,3121,500,744,244
Truck338962,2999,2656,555,744,189
Truck339315,2821,3239,650,744,94
Truck339383,2224,2822,670,744,74
Truck339433,3238,1339,685,744,59
Truck339634,1339,3122,740,744,4
Truck337555,1338,2998,165,745,580
Truck338525,2998,3238,430,745,315
Truck338552,2225,2822,440,745,305
Truck339190,2822,2999,615,745,130
Truck338753,2224,2225,495,746,251
Truck339630,3122,1339,740,746,6
Truck339637,3331,2656,740,746,6
Truck337941,2436,2655,270,747,477
Truck338580,0,2998,450,747,297
Truck338622,3122,2998,460,747,287
Truck339189,2821,1338,615,747,132
Truck337417,3238,1338,125,748,623
Truck338980,2999,2998,560,748,188
Truck339029,2998,2436,570,748,178
Truck339284,2437,0,645,748,103
Truck339338,2437,3122,660,748,88
Truck338778,0,3121,505,749,244
Truck338783,3121,2998,505,750,245
Truck338570,2225,2655,445,751,306
Truck339025,3331,2224,570,752,182
Truck339299,2998,3331,645,753,108
Truck339058,1339,2999,580,754,174
Truck338346,0,2224,385,755,370
Truck338998,2999,2998,565,755,190
Truck339018,3122,2656,570,755,185
Truck339226,2822,2437,625,755,130
Truck338789,2224,2225,505,756,251
Truck339012,0,2999,570,756,186
Truck339059,2224,2656,580,756,176
Truck339302,2437,3239,650,756,106
Truck338050,1339,2436,300,757,457
Truck339468,3122,3238,695,757,62
Truck338657,3121,3238,470,758,288
Truck338375,2224,0,390,759,369
Truck339394,2999,2437,675,759,84
Truck339564,3239,2225,720,759,39
Truck338384,2437,2436,395,760,365
Truck339457,3331,2225,690,760,70
Truck338660,2225,1339,470,761,291
Truck339088,2999,3122,590,761,171
Truck339444,0,3238,690,761,71
Truck339320,2437,2822,655,762,107
Truck339186,3239,3122,615,763,148
Truck339573,2655,3239,725,763,38
Truck338463,2436,2437,415,764,349
Truck338624,2225,3331,460,764,304
Truck339071,3121,2225,585,764,179
Truck339530,2656,2822,710,764,54
Truck339582,3239,2437,725,764,39
Truck338133,2655,2436,325,765,440
Truck338705,2998,1339,480,765,285
Truck339282,0,2655,645,765,120
Truck339048,0,2999,580,766,186
Truck339458,2656,2655,690,766,76
Truck338837,3121,2655,520,767,247
Truck339249,2655,2821,635,767,132
Truck338776,2822,3238,500,768,268
Truck339061,3331,0,580,768,188
Truck339094,1339,3331,590,768,178
Truck339101,2998,1338,590,768,178
Truck339194,2437,3238,620,768,148
Truck338884,2822,3122,530,769,239
Truck339089,3121,2225,590,769,179
Truck338139,2436,2224,325,770,445
Truck338157,2436,1339,330,770,440
Truck338226,3122,2436,350,770,420
Truck338447,2224,3122,410,770,360
Truck338642,2225,3239,465,770,305
Truck338767,3238,2821,500,770,270
Truck339280,2822,1338,640,770,130
Truck339356,2437,2821,665,770,105
Truck338743,1338,2225,495,771,276
Truck338832,0,2821,520,771,251
Truck338835,2655,2224,520,771,251
Truck339124,2999,3122,600,771,171
Truck339476,2656,2999,695,771,76
Truck337977,2436,3238,280,772,492
Truck338121,2436,0,320,772,452
Truck338497,3238,2225,425,772,347
Truck338750,2225,1338,495,772,277
Truck339531,2821,3331,710,772,62
Truck337507,3238,1338,150,773,623
Truck338866,2822,0,525,773,248
Truck338873,3121,0,530,773,243
Truck339386,2656,2998,670,773,103
Truck339446,2437,2999,690,773,83
Truck338113,1338,3121,320,774,454
Truck339070,2999,2224,585,774,189
Truck338193,2436,2998,340,775,435
Truck339511,3331,2436,705,775,70
Truck339568,2822,2656,720,775,55
Truck338861,2224,1338,525,776,251
Truck339127,3238,3239,600,776,176
Truck339494,2656,1338,700,776,76
Truck338927,3121,1339,545,777,232
Truck339547,3331,2821,715,777,62
Truck339655,3331,3239,745,777,32
Truck339008,2656,3238,565,778,213
Truck339137,2998,2999,600,778,178
Truck339382,1339,2655,670,778,108
Truck339404,2656,2998,675,778,103
Truck337681,1338,2998,200,779,579
Truck338919,2821,1339,540,779,239
Truck338946,3122,3121,550,779,229
Truck339636,3239,1338,740,779,39
Truck338811,2821,3238,510,780,270
Truck339347,2224,2821,660,780,120
Truck339529,3331,2437,710,780,70
Truck337735,1338,1339,215,781,566
Truck338779,1338,2225,505,781,276
Truck338879,2224,3121,530,781,251
Truck338696,2225,0,480,782,302
Truck338821,3238,2822,515,782,267
Truck339106,2999,2656,595,783,188
Truck339248,2437,3238,635,783,148
Truck339422,2656,2998,680,783,103
Truck339556,2999,3121,720,783,63
Truck337699,1338,2998,205,784,579
Truck338085,2436,2224,310,784,474
Truck339102,0,3331,595,784,189
Truck338454,0,2224,415,785,370
Truck338909,3121,2655,540,785,245
Truck339334,2822,3121,655,785,130
Truck339354,0,2655,665,785,120
Truck338752,1339,2225,495,786,291
Truck339120,0,2999,600,786,186
Truck339167,2224,2656,610,786,176
Truck339274,1339,3239,640,786,146
Truck339410,2437,2655,680,786,106
Truck339586,2822,3331,725,786,61
Truck338368,2999,1338,390,787,397
Truck338714,2225,0,485,787,302
Truck339168,3239,3238,610,787,177
Truck339169,3331,1339,610,787,177
Truck339464,2437,1339,695,787,92
Truck339173,2998,2655,610,788,178
Truck339228,0,3239,630,788,158
Truck339266,2437,3238,640,788,148
Truck339574,2999,3121,725,788,63
Truck339595,3238,1339,730,789,59
Truck339672,3239,2225,750,789,39
Truck338677,3238,2998,475,790,315
Truck338788,1339,2998,505,790,285
Truck338955,2821,3122,550,790,240
Truck339352,2822,2655,660,790,130
Truck339474,3239,2821,695,790,95
Truck339565,3331,3121,720,790,70
Truck339622,2822,2656,735,790,55
Truck338904,0,2821,540,791,251
Truck339312,3239,2998,650,791,141
Truck339756,3122,0,775,791,16
Truck338223,2655,2436,350,792,442
Truck339778,1339,0,780,792,12
Truck338259,2655,2436,360,793,433
Truck339191,2998,1338,615,793,178
Truck339429,2655,1339,685,793,108
Truck339690,3239,2656,755,793,38
Truck339182,2225,3121,615,794,179
Truck339202,1339,2999,620,794,174
Truck339520,2999,2437,710,794,84
Truck338247,2436,2656,355,795,440
Truck339370,2822,2999,665,795,130
Truck339447,2655,2437,690,795,105
Truck339492,3239,2821,700,795,95
Truck338933,2224,2225,545,796,251
Truck339203,2224,2656,620,796,176
Truck339566,2656,2436,720,796,76
Truck339768,0,3122,780,796,16
Truck338404,2999,1338,400,797,397
Truck338875,3238,2822,530,797,267
Truck339796,1339,0,785,797,12
Truck338963,3121,0,555,798,243
Truck339160,2999,2655,610,798,188
Truck339699,2655,3239,760,798,38
Truck339710,2656,3239,760,798,38
Truck339375,2655,2822,670,799,129
Truck337753,1338,2821,220,800,580
Truck338713,3238,2998,485,800,315
Truck339388,2822,2655,670,800,130
Truck339601,3331,2225,730,800,70
Truck338804,2225,1339,510,801,291
Truck338940,0,2821,550,801,251
Truck338951,2224,2437,550,801,251
Truck338606,2225,3238,455,802,347
Truck339177,2655,2999,615,802,187
Truck339387,2821,2225,670,802,132
Truck339656,2656,2821,745,802,57
Truck338981,3121,0,560,803,243
Truck339227,2998,2436,625,803,178
Truck339324,3122,3239,655,803,148
Truck337771,1338,2822,225,804,579
Truck338211,2436,3239,345,804,459
Truck338768,2225,3331,500,804,304
Truck339009,2821,3122,565,805,240
Truck339198,3122,2656,620,805,185
Truck339619,3331,3121,735,805,70
Truck338969,2224,2437,555,806,251
Truck339366,3239,2998,665,806,141
Truck339482,2437,2998,700,806,106
Truck337789,1338,0,230,807,577
Truck338796,0,2998,510,807,297
Truck339657,2821,3331,745,807,62
Truck338890,2999,2436,535,808,273
Truck339196,2999,2822,620,808,188
Truck338483,2224,3238,420,809,389
Truck338786,2225,2656,505,809,304
Truck339256,1339,2999,635,809,174
Truck339234,3122,3331,630,810,180
Truck339424,2822,2437,680,810,130
Truck339374,2437,3121,670,811,141
Truck339620,2656,2225,735,811,76
Truck338929,3238,2822,545,812,267
Truck339423,2821,1338,680,812,132
Truck339448,2999,2225,690,812,122
Truck339452,2225,2999,690,812,122
Truck339666,3122,3238,750,812,62
Truck338856,3122,2225,525,813,288
Truck339010,2822,0,565,813,248
Truck339214,2999,3239,625,813,188
Truck339263,2998,2436,635,813,178
Truck339533,2998,2656,710,813,103
Truck337807,1338,2822,235,814,579
Truck338679,2436,3121,475,814,339
Truck339442,2822,1338,685,815,130
Truck339627,2655,2656,740,815,75
Truck339005,2224,2437,565,816,251
Truck339017,3121,3239,570,816,246
Truck339275,2224,2656,640,816,176
Truck339638,2656,1338,740,816,76
Truck338373,2436,3122,390,817,427
Truck339257,2224,3331,635,817,182
Truck339259,3331,2224,635,817,182
Truck339441,2821,2999,685,817,132
Truck339466,2999,2225,695,817,122
Truck339858,0,1339,805,817,12
Truck339163,3238,3331,610,818,208
Truck339281,2998,2655,640,818,178
Truck338279,3121,1338,365,819,454
Truck338627,2224,3122,460,820,360
Truck338715,2436,2437,485,820,335
Truck339035,3121,2998,575,820,245
Truck339673,3331,2225,750,820,70
Truck338878,1339,2225,530,821,291
Truck338908,2999,2436,540,821,281
Truck339537,2655,2437,715,821,106
Truck339765,2821,2998,775,821,46
Truck338894,2225,3122,535,822,287
Truck339817,3331,3239,790,822,32
Truck339886,1339,0,810,822,12
Truck338645,2224,1339,465,823,358
Truck338805,2436,3121,510,823,313
Truck338891,3121,3238,535,823,288
Truck339250,2999,2821,635,823,188
Truck339402,3239,3122,675,823,148
Truck339700,2999,3121,760,823,63
Truck339820,2822,2821,790,823,33
Truck339082,2822,3122,585,824,239
Truck339671,2224,2822,750,824,74
Truck339677,2998,2224,750,824,74
Truck338355,2436,2655,385,825,440
Truck338840,2225,2655,520,825,305
Truck339218,2225,2437,625,825,200
Truck339478,2822,2436,695,825,130
Truck339663,2655,2656,750,825,75
Truck339041,2224,2436,575,826,251
Truck339876,0,3122,810,826,16
Truck338912,2225,3122,540,827,287
Truck339293,2224,3331,645,827,182
Truck339465,2655,2821,695,827,132
Truck339506,2225,2999,705,827,122
Truck339720,3122,3238,765,827,62
Truck339727,3331,2821,765,827,62
Truck337915,1338,3122,265,828,563
Truck339185,2224,3239,615,828,213
Truck339199,3238,3331,620,828,208
Truck337861,1338,2998,250,829,579
Truck339260,2656,0,635,829,194
Truck339519,2655,0,710,829,119
Truck339816,3239,2999,790,829,39
Truck338283,2436,2655,365,830,465
Truck339268,2999,2224,640,830,190
Truck339322,2999,1339,655,830,175
Truck339496,2822,2655,700,830,130
Truck339332,2656,2224,655,831,176
Truck338527,1338,2999,435,832,397
Truck337878,0,1338,255,833,578
Truck338391,2436,1339,395,833,438
Truck338681,2224,1339,475,833,358
Truck339335,2998,2436,655,833,178
Truck339432,3122,3239,685,833,148
Truck339583,3331,2998,725,833,108
Truck339590,2437,0,730,833,103
Truck338265,2436,2998,360,834,474
Truck338573,2224,3238,445,834,389
Truck338765,3121,2436,500,834,334
Truck338876,2225,2656,530,834,304
Truck339286,2999,2822,645,834,189
Truck339501,2655,2822,705,834,129
Truck339707,2224,2998,760,834,74
Truck338337,2436,3239,380,835,455
Truck339081,2821,0,585,835,250
Truck339130,1339,2822,600,836,236
Truck339961,3331,2656,830,836,6
Truck338732,2225,3238,490,837,347
Truck339143,3121,1339,605,837,232
Truck339084,0,2822,590,838,248
Truck339161,3121,3122,610,838,228
Truck339353,2998,1338,660,838,178
Truck339591,2655,3122,730,839,109
Truck339852,3239,2225,800,839,39
Truck337897,1338,2655,260,840,580
Truck338455,1338,2436,415,840,425
Truck338857,3238,2998,525,840,315
Truck339735,2655,3331,770,840,70
Truck339095,2224,2225,590,841,251
Truck339107,3121,2821,595,841,246
Truck339608,2437,2998,735,841,106
Truck339732,0,3238,770,841,71
Truck338566,2999,1338,445,842,397
Truck339166,1339,3121,610,842,232
Truck339438,3239,0,685,842,157
Truck339524,2225,2436,710,842,132
Truck339800,2656,2821,785,842,57
Truck339371,2998,2999,665,843,178
Truck339426,0,3239,685,843,158
Truck339623,2998,3331,735,843,108
Truck339888,3239,3331,810,843,33
Truck338365,1338,3121,390,844,454
Truck339749,2998,2224,770,844,74
Truck339117,2821,0,595,845,250
Truck339125,3121,3239,600,845,245
Truck339515,2998,3239,705,845,140
Truck339550,2822,1338,715,845,130
Truck339763,3331,2437,775,845,70
Truck339500,2437,3121,705,846,141
Truck339626,2437,3331,740,846,106
Truck339819,2821,2656,790,847,57
Truck338460,3122,2436,415,848,433
Truck339389,2998,2655,670,848,178
Truck338383,1338,3121,395,849,454
Truck338387,3121,1338,395,849,454
Truck338623,3238,2224,460,849,389
Truck339718,2999,2437,765,849,84
Truck338903,2998,3238,535,850,315
Truck338930,2225,2998,545,850,305
Truck338975,2998,0,555,851,296
Truck338986,1339,2225,560,851,291
Truck339123,2655,2224,600,851,251
Truck339131,2224,1338,600,851,251
Truck339184,1339,2822,615,851,236
Truck339528,3239,2998,710,851,141
Truck339644,2437,3239,745,851,106
Truck338409,2436,2224,400,852,452
Truck338948,2225,0,550,852,302
Truck339197,3121,1339,620,852,232
Truck339810,3122,3238,790,852,62
Truck339925,3331,3239,820,852,32
Truck339138,0,2822,605,853,248
Truck339278,2656,3238,640,853,213
Truck339295,3331,3238,645,853,208
Truck339407,2998,2225,675,853,178
Truck339659,2998,3331,745,853,108
Truck339734,2437,2999,770,853,83
Truck337951,1338,2821,275,854,579
Truck339326,2225,2437,655,855,200
Truck339396,3122,3331,675,855,180
Truck339551,2998,3239,715,855,140
Truck339606,0,2655,735,855,120
Truck339799,3331,1338,785,855,70
Truck339149,2224,2225,605,856,251
Truck339662,2437,2998,750,856,106
Truck339585,2821,3121,725,857,132
Truck339610,2999,2225,735,857,122
Truck340012,1339,0,845,857,12
Truck338023,1338,3122,295,858,563
Truck339376,2999,3331,670,858,188
Truck339518,2437,3238,710,858,148
Truck339695,2998,2656,755,858,103
Truck338028,3122,1338,295,859,564
Truck339872,2656,2822,805,859,54
Truck338966,2225,3239,555,860,305
Truck339179,3121,2224,615,860,245
Truck339604,2822,2436,730,860,130
Truck339726,3239,2821,765,860,95
Truck339159,2655,2224,610,861,251
Truck339909,2821,2998,815,861,46
Truck337987,1338,0,285,862,577
Truck338855,3121,2436,525,862,337
Truck339074,2225,1338,585,862,277
Truck339393,2655,2999,675,862,187
Truck339439,3331,1339,685,862,177
Truck339603,2821,3121,730,862,132
Truck339632,2225,2999,740,862,122
Truck337986,0,1338,285,863,578
Truck339418,1339,2656,680,863,183
Truck339443,2998,1338,685,863,178
Truck339536,2437,3238,715,863,148
Truck339688,1339,2655,755,863,108
Truck339696,0,2437,760,863,103
Truck339390,0,3331,675,864,189
Truck339871,3331,2822,805,864,59
Truck339890,2656,2822,810,864,54
Truck339942,3239,2437,825,864,39
Truck338957,2998,3238,550,865,315
Truck338984,2225,2998,560,865,305
Truck339835,3331,3121,795,865,70
Truck338784,3122,2224,505,866,361
Truck339195,2655,3121,620,866,246
Truck340026,3122,0,850,866,16
Truck339002,2225,0,565,867,302
Truck339456,3239,3238,690,867,177
Truck339621,2821,2437,735,867,132
Truck339838,2822,2998,795,867,72
Truck339979,3331,3239,835,867,32
Truck338841,2436,3121,520,868,348
Truck339461,2998,3121,690,868,178
Truck338806,1339,2224,510,869,359
Truck339839,2998,2224,795,869,74
Truck339215,3121,3239,625,870,245
Truck339412,2999,2655,680,870,190
Truck339640,2822,1338,740,870,130
Truck339702,3122,2655,760,870,110
Truck338005,1338,2998,290,871,581
Truck339484,2999,3122,700,871,171
Truck339716,2437,2656,765,871,106
Truck339857,2998,2822,800,871,71
Truck339455,2224,3331,690,872,182
Truck339639,2821,2437,740,872,132
Truck339668,2225,2999,750,872,122
Truck339881,3121,2999,810,872,62
Truck337867,3238,1338,250,873,623
Truck338825,2224,1339,515,873,358
Truck339430,2999,2822,685,873,188
Truck339479,2998,2436,695,873,178
Truck339724,1339,2655,765,873,108
Truck339788,2437,3122,785,873,88
Truck338535,2436,0,435,874,439
Truck339262,2822,3122,635,874,239
Truck339288,3122,3121,645,874,229
Truck339783,2821,3239,780,874,94
Truck338025,2655,1338,295,875,580
Truck339392,2437,2225,675,875,200
Truck339658,2822,2655,745,875,130
Truck339020,2225,2822,570,876,306
Truck339233,3121,2821,630,876,246
Truck339854,2656,2999,800,876,76
Truck339910,2822,3331,815,876,61
Truck339965,2998,2821,830,876,46
Truck338281,3238,2436,365,877,512
Truck339475,3331,2224,695,877,182
Truck339874,2822,2998,805,877,72
Truck339030,0,2225,575,878,303
Truck339368,2656,3238,665,878,213
Truck339385,3331,3238,670,878,208
Truck339497,2998,1338,700,878,178
Truck338041,1338,3331,300,879,579
Truck338731,3238,2224,490,879,389
Truck339038,2225,2821,575,879,304
Truck339485,3121,2225,700,879,179
Truck339869,2224,2998,805,879,74
Truck340120,1339,3122,875,879,4
Truck339738,3122,2655,770,880,110
Truck339889,3331,3121,810,880,70
Truck338420,2437,1338,405,881,476
Truck338838,3122,2224,520,881,361
Truck339239,2224,2437,630,881,251
Truck339251,3121,2656,635,881,246
Truck339512,2656,2224,705,881,176
Truck338427,2436,3239,405,882,477
Truck338445,2436,2821,410,882,472
Truck338481,2436,3331,420,882,462
Truck338635,1338,2436,465,882,417
Truck338707,1338,2999,485,882,397
Truck339181,3238,2822,615,882,267
Truck339510,3239,3238,705,882,177
Truck339753,2655,1339,775,883,108
Truck339916,2999,3121,820,883,63
Truck338513,3121,1338,430,884,454
Truck339056,2225,2224,580,884,304
Truck339264,0,3121,640,884,244
Truck338425,3238,2436,405,885,480
Truck339714,0,2655,765,885,120
Truck339907,3331,2436,815,885,70
Truck338571,2436,1339,445,886,441
Truck339267,2655,3121,640,886,246
Truck339538,2999,3122,715,886,171
Truck339770,2437,2821,780,886,106
Truck338319,2436,3238,375,887,512
Truck338999,3121,2436,565,887,322
Truck339509,2224,3331,705,887,182
Truck339600,3239,0,730,887,157
Truck339681,2655,2821,755,887,132
Truck339421,3331,3238,680,888,208
Truck340023,2655,3239,850,888,38
Truck339771,2655,3122,780,889,109
Truck339837,2821,3239,795,889,94
Truck340032,3239,2225,850,889,39
Truck338077,1338,3239,310,890,580
Truck339037,3238,2998,575,890,315
Truck339047,2998,3238,575,890,315
Truck339287,3121,2821,645,890,245
Truck339712,2822,3121,760,890,130
Truck339955,3238,3122,830,890,60
Truck339340,2999,3238,660,891,231
Truck339908,2656,2437,815,891,76
Truck340116,3122,0,875,891,16
Truck339144,3122,2998,605,892,287
Truck339546,3239,3238,715,892,177
Truck339736,2999,2225,770,892,122
Truck339981,2821,2656,835,892,57
Truck339419,2224,3239,680,893,213
Truck339526,1339,2656,710,893,183
Truck339818,2656,2998,790,893,103
Truck338553,2436,3122,440,894,454
Truck339502,2999,2821,705,894,189
Truck340174,1339,3122,890,894,4
Truck338517,2436,2655,430,895,465
Truck339730,2822,2436,765,895,130
Truck339806,2437,3331,790,895,105
Truck339943,3331,2225,825,895,70
Truck338095,1338,2821,315,896,581
Truck339305,3121,2224,650,896,246
Truck339680,2437,3121,755,896,141
Truck339926,2656,2999,820,896,76
Truck338947,3238,2225,550,897,347
Truck339162,3122,2998,610,897,287
Truck339359,3121,1339,665,897,232
Truck339364,1339,3121,665,897,232
Truck339614,2225,2436,735,897,162
Truck339998,2656,2821,840,897,57
Truck339548,2656,1339,715,898,183
Truck339569,2998,2437,720,898,178
Truck339814,1339,2655,790,898,108
Truck339836,2656,2998,795,898,103
Truck338803,3238,2224,510,899,389
Truck339378,3122,3121,670,899,229
Truck339994,1339,3238,840,899,59
Truck338491,1338,2437,425,900,475
Truck339110,2225,2656,595,900,305
Truck339351,2821,3122,660,900,240
Truck339488,2225,2437,700,900,200
Truck339779,2224,2821,780,900,120
Truck338625,2436,2224,460,901,441
Truck339232,2999,2436,630,901,271
Truck339323,3121,3239,655,901,246
Truck339708,3239,2998,760,901,141
Truck340152,3122,0,885,901,16
Truck339342,3122,2821,660,902,242
Truck339654,3239,0,745,902,157
Truck340164,0,1339,890,902,12
Truck339395,3121,3122,675,903,228
Truck339587,2998,2655,725,903,178
Truck338131,1338,2822,325,904,579
Truck338607,2436,1339,455,904,449
Truck340086,3239,2436,865,904,39
Truck339333,2821,0,655,905,250
Truck339397,3238,2999,675,905,230
Truck339576,3122,3331,725,905,180
Truck339766,2822,2436,775,905,130
Truck339128,2225,2822,600,906,306
Truck339602,2656,2224,730,906,176
Truck339842,2437,2821,800,906,106
Truck339962,2656,2436,830,906,76
Truck338661,2436,2998,470,907,437
Truck338797,1338,2999,510,907,397
Truck340192,1339,0,895,907,12
Truck339413,3121,3122,680,908,228
Truck339605,2998,2225,730,908,178
Truck339698,2437,3238,760,908,148
Truck340095,2655,3239,870,908,38
Truck338839,3238,2224,520,909,389
Truck339843,2655,3122,800,909,109
Truck340030,1339,3238,850,909,59
Truck340104,3239,2655,870,909,39
Truck338637,2655,2436,465,910,445
Truck339109,3238,2998,595,910,315
Truck339119,2998,3238,595,910,315
Truck339146,2225,2998,605,910,305
Truck339220,1339,2998,625,910,285
Truck339784,2822,2999,780,910,130
Truck339997,3331,2225,840,910,70
Truck339336,0,2821,660,911,251
Truck339400,1339,2822,675,911,236
Truck339744,3239,2998,770,911,141
Truck339980,2656,2655,835,911,76
Truck339057,2436,3121,580,912,332
Truck340035,2821,3331,850,912,62
Truck339868,1339,2655,805,913,108
Truck339405,2821,1339,675,914,239
Truck338169,2655,1338,335,915,580
Truck339164,2225,3239,610,915,305
Truck339369,2821,0,665,915,250
Truck339802,2822,1338,785,915,130
Truck339833,2224,2821,795,915,120
Truck340005,2655,3331,845,915,70
Truck340015,3331,2225,845,915,70
Truck338546,2437,1338,440,916,476
Truck339878,2437,3239,810,916,106
Truck340250,2656,3331,910,916,6
Truck340043,3121,2999,855,917,62
Truck340070,2656,2821,860,917,57
Truck340071,2821,2656,860,917,57
Truck338987,2224,1339,560,918,358
Truck339505,3238,2656,705,918,213
Truck338185,1338,2655,340,919,579
Truck338589,2436,3331,450,919,469
Truck339592,2999,3239,730,919,189
Truck339840,0,2655,800,920,120
Truck339851,2224,2821,800,920,120
Truck339896,2437,2822,815,920,105
Truck339200,2225,0,620,922,302
Truck339635,2224,3331,740,922,182
Truck339291,2436,2999,645,923,278
Truck339541,3238,3331,715,923,208
Truck339762,3239,3122,775,923,148
Truck339793,3238,2655,785,923,138
Truck338262,3122,1338,360,924,564
Truck338653,1338,3121,470,924,454
Truck338897,2224,3238,535,924,389
Truck340037,2998,2224,850,924,74
Truck340158,3239,2225,885,924,39
Truck338203,1338,2656,345,925,580
Truck339436,1339,2821,685,925,240
Truck339572,2437,2225,725,925,200
Truck339664,2999,1339,750,925,175
Truck339960,3239,2821,830,925,95
Truck339674,2656,2224,750,926,176
Truck339780,3239,1339,780,926,146
Truck339914,2437,2656,820,926,106
Truck340034,2656,1338,850,926,76
Truck340038,0,3238,855,926,71
Truck339055,3238,2225,580,927,347
Truck339308,2225,1338,650,927,277
Truck339460,2822,1339,690,927,237
Truck339978,3239,2822,835,927,92
Truck340264,1339,0,915,927,12
Truck338275,1338,3122,365,928,563
Truck339431,3121,0,685,928,243
Truck339545,2224,3239,715,928,213
Truck339628,2999,2656,740,928,188
Truck339652,1339,2656,745,928,183
Truck339915,2655,1339,820,928,108
Truck338221,1338,2655,350,929,579
Truck338911,3238,2224,540,929,389
Truck339459,2821,1339,690,929,239
Truck339879,2655,0,810,929,119
Truck340176,3239,2999,890,929,39
Truck339918,3122,2655,820,930,110
Truck340069,3331,3121,860,930,70
Truck338996,2437,2436,565,931,366
Truck339272,2225,1339,640,931,291
Truck339642,0,2999,745,931,186
Truck339692,2656,2224,755,931,176
Truck339933,2655,2437,825,931,106
Truck339073,3238,2225,585,932,347
Truck339490,1339,3121,700,932,232
Truck339855,2821,2436,800,932,132
Truck339880,2999,2225,810,932,122
Truck339932,2437,3239,825,932,107
Truck339986,2437,1339,840,932,92
Truck340000,2822,3239,840,932,92
Truck338697,2436,2822,480,933,453
Truck339691,3331,3122,755,933,178
Truck340004,2437,3122,845,933,88
Truck338239,1338,2656,355,934,579
Truck338751,2436,2655,495,934,439
Truck339236,2225,2224,630,934,304
Truck340194,3239,1338,895,934,39
Truck339449,3121,2821,690,935,245
Truck340117,3238,3122,875,935,60
Truck338643,2436,2224,465,936,471
Truck339827,3121,2437,795,936,141
Truck340074,0,3238,865,936,71
Truck340126,2822,3331,875,936,61
Truck340181,2998,2821,890,936,46
Truck340322,2656,3331,930,936,6
Truck339092,2225,3238,590,937,347
Truck339254,2225,0,635,937,302
Truck339689,2224,3331,755,937,182
Truck339709,3331,1339,760,937,177
Truck339873,2821,2225,805,937,132
Truck340014,3239,2822,845,937,92
Truck338311,1338,3122,375,938,563
Truck339307,3238,3121,650,938,288
Truck339584,2656,3238,725,938,213
Truck339811,3238,2437,790,938,148
Truck339847,3238,2655,800,938,138
Truck338733,2436,2656,490,939,449
Truck340017,2821,3239,845,939,94
Truck340105,3331,3121,870,940,70
Truck340135,3238,3122,880,940,60
Truck338257,1338,2224,360,941,581
Truck339467,3121,3331,695,941,246
Truck339508,1339,2822,705,941,236
Truck339968,2437,3331,835,941,106
Truck340197,2821,2998,895,941,46
Truck340141,3331,2821,880,942,62
Truck339706,1339,2656,760,943,183
Truck338729,3121,1338,490,944,454
Truck338965,3238,2224,555,944,389
Truck340103,2224,2822,870,944,74
Truck338706,0,2436,485,945,460
Truck338860,1339,2436,525,945,420
Truck339682,2999,2655,755,945,190
Truck340123,3331,2999,875,945,70
Truck339328,1339,2225,655,946,291
Truck339850,1339,3239,800,946,146
Truck339987,2655,2437,840,946,106
Truck340106,2656,2436,870,946,76
Truck340314,3122,0,930,946,16
Truck338823,2436,1338,515,947,432
Truck339415,3238,2822,680,947,267
Truck339938,2225,2999,825,947,122
Truck340048,1339,2437,855,947,92
Truck340159,3331,2821,885,947,62
Truck339341,3121,3238,660,948,288
Truck339728,2656,1339,765,948,183
Truck339846,3122,3239,800,948,148
Truck339522,3122,2822,710,949,239
Truck339558,3122,3121,720,949,229
Truck339618,3239,2224,735,949,214
Truck340248,3239,1338,910,949,39
Truck338293,1338,3239,370,950,580
Truck339290,2225,2656,645,950,305
Truck339495,2821,0,700,950,250
Truck339678,0,2656,755,950,195
Truck339928,2822,1338,820,950,130
Truck339948,0,2655,830,950,120
Truck339963,2821,2224,830,950,120
Truck340131,2655,3331,880,950,70
Truck339483,2655,2224,700,951,251
Truck339491,2224,2437,700,951,251
Truck340332,3122,0,935,951,16
Truck339145,3238,2225,605,952,347
Truck339269,3121,2436,640,952,312
Truck339503,3121,3331,705,952,247
Truck339743,2224,3331,770,952,182
Truck339834,3239,0,795,952,157
Truck339927,2821,2437,820,952,132
Truck339360,3122,2225,665,953,288
Truck339631,3238,2656,740,953,213
Truck339742,1339,2656,770,953,183
Truck339767,2998,2437,775,953,178
Truck339860,2437,3238,805,953,148
Truck339870,3239,3122,805,953,148
Truck339549,2821,1339,715,954,239
Truck339746,2656,3122,770,954,184
Truck339113,2224,3122,595,955,360
Truck339946,2822,2437,825,955,130
Truck339977,2224,2821,835,955,120
Truck338787,2436,2656,505,956,451
Truck339540,3122,2821,715,957,242
Truck339575,3121,1339,725,957,232
Truck339945,2821,2225,825,957,132
Truck340022,2437,3331,850,957,107
Truck338328,0,1338,380,958,578
Truck339377,3121,3238,670,958,288
Truck339785,2998,2436,780,958,178
Truck339534,0,3121,715,959,244
Truck339764,2656,3122,775,959,184
Truck340098,3122,2437,870,959,89
Truck339381,2436,2999,670,960,290
Truck339451,3238,2821,690,960,270
Truck339567,2821,3122,720,960,240
Truck340177,3331,1338,890,960,70
Truck338329,1338,2224,380,961,581
Truck338695,3238,2436,480,961,481
Truck339380,2225,1339,670,961,291
Truck339527,2224,2437,710,961,251
Truck340160,2656,2999,885,961,76
Truck339903,2436,2225,815,962,147
Truck339951,2655,2821,830,962,132
Truck340040,2437,3239,855,962,107
Truck340094,2437,1339,870,962,92
Truck338401,1338,3122,400,963,563
Truck339803,2998,2999,785,963,178
Truck338801,3121,1338,510,964,454
Truck339612,3122,3121,735,964,229
Truck339782,2656,3122,780,964,184
Truck339791,3121,2225,785,964,179
Truck339469,3238,2821,695,965,270
Truck339613,3238,2999,735,965,230
Truck339982,2822,2437,835,965,130
Truck340195,3331,1338,895,965,70
Truck339344,2225,2655,660,966,306
Truck339555,2655,3121,720,966,246
Truck339557,3121,2224,720,966,246
Truck339772,2999,0,780,966,186
Truck339922,1339,3239,820,966,146
Truck339924,3239,1339,820,966,146
Truck339016,2999,1338,570,967,397
Truck339362,2225,0,665,967,302
Truck339372,0,2998,670,967,297
Truck340112,2437,1339,875,967,92
Truck340198,2822,2224,895,967,72
Truck339807,2655,2998,790,968,178
Truck340193,2224,2822,895,969,74
Truck339792,3122,2656,785,970,185
Truck340076,2437,2998,865,970,105
Truck340203,2655,3331,900,970,70
Truck340213,3331,2999,900,970,70
Truck339219,2436,2437,625,971,346
Truck339950,2437,3121,830,971,141
Truck340252,2822,3331,910,971,61
Truck339309,2436,3121,650,972,322
Truck339594,3122,2821,730,972,242
Truck339999,2821,2655,840,972,132
Truck340140,3239,2822,880,972,92
Truck339514,2822,3238,705,973,268
Truck339790,2999,3239,785,973,188
Truck340166,2437,2999,890,973,83
Truck339648,3122,3121,745,974,229
Truck339830,2225,3121,795,974,179
Truck340338,3239,2999,935,974,39
Truck339343,3238,2998,660,975,315
Truck339513,2821,3238,705,975,270
Truck339593,3121,2655,730,975,245
Truck340018,2822,1338,845,975,130
Truck339570,0,2821,725,976,251
Truck339646,2999,3238,745,976,231
Truck340214,2656,2655,900,976,76
Truck340270,2822,3331,915,976,61
Truck340458,3122,1339,970,976,6
Truck339398,2225,0,675,977,302
Truck339523,3238,2822,710,977,267
Truck340162,2822,3239,885,977,92
Truck340267,3331,2821,915,977,62
Truck340375,3331,3239,945,977,32
Truck338400,0,1338,400,978,578
Truck339745,3331,3238,770,978,208
Truck339808,2999,3239,790,978,188
Truck339954,3122,3239,830,978,148
Truck340124,2656,2998,875,978,103
Truck340378,2822,2821,945,978,33
Truck339804,0,3331,790,979,189
Truck339885,2436,2225,810,979,169
Truck340186,2999,2437,895,979,84
Truck340356,3239,2436,940,979,39
Truck339472,1339,2998,695,980,285
Truck340249,3331,2225,910,980,70
Truck339454,1339,2225,690,981,291
Truck339609,2655,3121,735,981,246
Truck339822,0,2999,795,981,186
Truck339989,3121,2437,840,981,141
Truck340232,2656,3121,905,981,76
Truck338859,2436,3122,525,982,457
Truck339611,3121,2822,735,982,247
Truck339853,3331,2224,800,982,182
Truck340287,2821,3331,920,982,62
Truck338877,2436,2822,530,983,453
Truck339683,3121,3122,755,983,228
Truck339230,2437,2436,630,984,354
Truck339416,2225,2656,680,984,304
Truck339379,3238,2998,670,985,315
Truck340054,2822,2225,855,985,130
Truck340261,3238,0,915,985,70
Truck338949,2436,2224,550,986,436
Truck339898,2999,3122,815,986,171
Truck339486,3122,2998,700,987,287
Truck340053,2821,1338,855,987,132
Truck339487,3238,3121,700,988,288
Truck339781,3331,3238,780,988,208
Truck339893,2998,3121,810,988,178
Truck339675,2821,1339,750,989,239
Truck339676,2822,3122,750,989,239
Truck339844,2999,2998,800,989,189
Truck340072,2822,2999,860,990,130
Truck340285,3331,2655,920,990,70
Truck339647,3121,3239,745,991,246
Truck340379,2998,2821,945,991,46
Truck339645,2655,3121,745,992,247
Truck339906,3239,3238,815,992,177
Truck340059,2655,2821,860,992,132
Truck340288,2822,2998,920,992,72
Truck340313,3121,2999,930,992,62
Truck339435,2436,3121,685,993,308
Truck340178,2656,2998,890,993,103
Truck339660,0,3121,750,994,244
Truck339694,2822,3122,755,994,239
Truck339577,3238,2821,725,995,270
Truck340090,2822,2225,865,995,130
Truck340110,0,2655,875,995,120
Truck340212,3239,2821,900,995,95
Truck340297,3238,0,925,995,70
Truck340303,3331,2999,925,995,70
Truck339653,2224,2655,745,996,251
Truck340286,2656,2437,920,996,76
Truck338886,0,2436,535,997,462
Truck338895,2436,3239,535,997,462
Truck339996,3239,0,840,997,157
Truck340089,2821,2225,865,997,132
Truck340339,3331,2821,935,997,62
Truck339521,3121,3238,710,998,288
Truck339929,2998,1338,820,998,178
Truck340182,0,2437,895,998,103
Truck340446,3239,3331,965,998,33
Truck338473,1338,2998,420,999,579
Truck339798,3239,2224,785,999,214
Truck339940,1339,2999,825,999,174
Truck340167,2655,3122,890,999,109
Truck339739,3238,2999,770,1000,230
Truck340108,2822,3121,870,1000,130
Truck340184,2437,2822,895,1000,105
Truck340321,3331,3121,930,1000,70
Truck339470,2225,2821,695,1001,306
Truck340304,2656,2999,925,1001,76
Truck340506,0,3122,985,1001,16
Truck338769,2436,3238,500,1002,502
Truck340246,1339,2437,910,1002,92
Truck339701,3121,0,760,1003,243
Truck339815,2224,3239,790,1003,213
Truck340464,3239,3331,970,1003,33
Truck338931,2436,2656,545,1004,459
Truck339292,1339,2224,645,1004,359
Truck340319,2224,2998,930,1004,74
Truck340325,2998,2224,930,1004,74
Truck340372,1339,3238,945,1004,59
Truck340394,2656,2822,950,1004,54
Truck338967,2436,2656,555,1005,450
Truck339651,2436,2999,745,1005,260
Truck340329,2655,3331,935,1005,70
Truck340068,3239,1339,860,1006,146
Truck339748,2822,1339,770,1007,237
Truck340125,2821,1338,875,1007,132
Truck340150,2999,2225,885,1007,122
Truck340367,3121,2999,945,1007,62
Truck338353,3238,1338,385,1008,623
Truck338563,1338,3122,445,1008,563
Truck338913,2436,3239,540,1008,468
Truck339311,2224,1339,650,1008,358
Truck338509,1338,2821,430,1009,579
Truck339310,1339,2224,650,1009,359
Truck340278,3122,2437,920,1009,89
Truck340393,3331,2822,950,1009,59
Truck340357,3331,3121,940,1010,70
Truck339021,2436,0,570,1011,441
Truck339306,3122,2224,650,1011,361
Truck339719,3121,2656,765,1011,246
Truck339930,0,2999,825,1011,186
Truck340097,3121,2437,870,1011,141
Truck340340,2656,3121,935,1011,76
Truck340361,2998,2822,940,1011,71
Truck339075,2436,3122,585,1012,427
Truck339178,2999,1338,615,1012,397
Truck339990,3122,2999,840,1012,172
Truck340143,2821,3121,880,1012,132
Truck340360,2822,2998,940,1012,72
Truck339983,2998,2437,835,1013,178
Truck340080,3122,3239,865,1013,148
Truck340310,2437,2999,930,1013,83
Truck340504,2822,2821,980,1013,33
Truck339015,2655,2436,570,1014,444
Truck339221,2224,3238,625,1014,389
Truck339934,2999,2656,825,1014,189
Truck340185,2655,0,895,1014,119
Truck340482,3239,2655,975,1014,39
Truck339737,3121,2998,770,1015,245
Truck339108,3122,2436,595,1016,421
Truck339725,2224,2655,765,1016,251
Truck340238,2437,2655,910,1016,106
Truck340149,2655,2821,885,1017,132
Truck340431,2821,2656,960,1017,57
Truck339093,2436,1339,590,1018,428
Truck339883,3238,3331,810,1018,208
Truck340268,2656,2998,915,1018,103
Truck338995,1338,3121,565,1019,454
Truck339944,2656,0,825,1019,194
Truck339952,2999,3331,830,1019,189
Truck340500,3239,2437,980,1019,39
Truck339542,2225,2998,715,1020,305
Truck339747,2821,0,770,1020,250
Truck340145,2998,3239,880,1020,140
Truck340180,2822,2655,890,1020,130
Truck340383,2655,3331,950,1020,70
Truck338924,2437,1338,545,1021,476
Truck340009,3238,3239,845,1021,176
Truck340016,2656,2224,845,1021,176
Truck340130,2437,3121,880,1021,141
Truck340256,2437,2821,915,1021,106
Truck340376,2656,1338,945,1021,76
Truck339809,3121,1339,790,1022,232
Truck340318,1339,2437,930,1022,92
Truck340019,2998,2655,845,1023,178
Truck340122,3239,3122,875,1023,148
Truck339329,2224,0,655,1024,369
Truck339687,2436,2999,755,1024,269
Truck339970,2999,2822,835,1024,189
Truck340444,1339,3238,965,1024,59
Truck339365,2224,3122,665,1025,360
Truck339641,2998,1339,740,1025,285
Truck339693,2821,3238,755,1025,270
Truck340411,3331,2999,955,1025,70
Truck339560,2225,2821,720,1026,306
Truck339661,1338,2225,750,1026,276
Truck339761,2224,2999,775,1026,251
Truck340042,2999,3122,855,1026,171
Truck339832,1339,3121,795,1027,232
Truck340033,3331,1339,850,1027,177
Truck340222,2999,2225,905,1027,122
Truck340274,2437,3239,920,1027,107
Truck339039,2436,0,575,1028,453
Truck339629,3121,3238,740,1028,288
Truck340289,2998,3331,920,1028,108
Truck340346,2437,3122,940,1028,88
Truck339578,2225,2656,725,1029,304
Truck340341,2821,3239,935,1029,94
Truck340536,3239,1338,990,1029,39
Truck339711,2821,3238,760,1030,270
Truck340008,3122,2656,845,1030,185
Truck340216,2822,2436,900,1030,130
Truck340236,0,2655,910,1030,120
Truck340486,2822,2656,975,1030,55
Truck339165,2436,1338,610,1031,421
Truck340664,2656,3331,1025,1031,6
Truck338599,1338,0,455,1032,577
Truck339434,2225,3238,685,1032,347
Truck339789,2655,3121,785,1032,247
Truck340154,2225,2436,885,1032,147
Truck339401,2224,1339,675,1033,358
Truck340055,2998,1338,855,1033,178
Truck339053,3121,1338,580,1034,454
Truck339596,2225,2821,730,1034,304
Truck340384,2999,2437,950,1034,84
Truck340554,3239,2437,995,1034,39
Truck338977,1338,2437,560,1035,475
Truck339729,2821,3238,765,1035,270
Truck339786,0,2821,785,1036,251
Truck339797,2224,2437,785,1036,251
Truck339862,2999,3238,805,1036,231
Truck338662,1339,1338,470,1037,567
Truck339856,2822,1339,800,1037,237
Truck340100,2225,2436,870,1037,167
Truck340155,2436,2225,885,1037,152
Truck340233,2821,2437,905,1037,132
Truck340364,2437,1339,945,1037,92
Truck339665,3121,3238,750,1038,288
Truck340594,2822,2821,1005,1038,33
Truck338617,1338,2224,460,1039,579
Truck339539,3121,2436,715,1039,324
Truck340024,2999,2655,850,1039,189
Truck340052,2656,3122,855,1039,184
Truck340084,1339,2999,865,1039,174
Truck340239,2655,2822,910,1039,129
Truck340572,3239,2999,1000,1039,39
Truck340328,2437,2821,935,1040,105
Truck340465,3331,2436,970,1040,70
Truck338671,1338,1339,475,1041,566
Truck340088,2656,2224,865,1041,176
Truck339757,3238,2822,775,1042,267
Truck340067,2224,3331,860,1042,182
Truck340392,3239,2822,950,1042,92
Truck340521,2821,2656,985,1042,57
Truck339845,3121,0,800,1043,243
Truck340041,2655,2999,855,1043,188
Truck340051,3331,0,855,1043,188
Truck340344,0,2437,940,1043,103
Truck340257,2655,2822,915,1044,129
Truck339437,2224,3122,685,1045,360
Truck339304,2999,1338,650,1047,397
Truck339650,2225,0,745,1047,302
Truck340227,2436,2225,905,1047,142
Truck340269,2821,3121,915,1047,132
Truck340410,3239,2822,955,1047,92
Truck339973,3238,2656,835,1048,213
Truck340109,2998,3121,870,1048,178
Truck339019,3238,2436,570,1049,479
Truck340060,2999,2656,860,1049,189
Truck340311,2655,0,930,1049,119
Truck339891,2821,3122,810,1050,240
Truck340114,2999,1339,875,1050,175
Truck339111,2436,2998,595,1051,456
Truck339731,2998,3122,765,1051,286
Truck338655,2655,1338,470,1052,582
Truck339882,3122,2821,810,1052,242
Truck339129,2436,3239,600,1053,453
Truck340078,2999,3239,865,1053,188
Truck340113,2655,2998,875,1053,178
Truck340230,3239,3122,905,1053,148
Truck340648,2822,2821,1020,1053,33
Truck339147,2436,2821,605,1054,449
Truck339428,2437,2436,685,1054,369
Truck339201,2436,2998,620,1055,435
Truck339489,2436,2437,700,1055,355
Truck339801,2821,3238,785,1055,270
Truck340046,2225,2437,855,1055,200
Truck340056,0,2656,860,1055,195
Truck340306,2822,1338,925,1055,130
Truck340549,3238,3122,995,1055,60
Truck339713,2998,0,760,1056,296
Truck340293,2655,2821,925,1057,132
Truck340305,2821,2999,925,1057,132
Truck340334,2225,2999,935,1057,122
Truck340522,2822,2224,985,1057,72
Truck338688,0,1338,480,1058,578
Truck339003,2436,3238,565,1058,493
Truck339471,2436,2437,695,1058,363
Truck339892,2822,0,810,1058,248
Truck340400,2437,0,955,1058,103
Truck340412,2656,2998,955,1058,103
Truck338689,1338,2656,480,1059,579
Truck339686,2225,2224,755,1059,304
Truck340573,3331,2822,1000,1059,59
Truck340058,2437,2225,860,1060,200
Truck340324,2822,2437,930,1060,130
Truck340355,2224,2821,940,1060,120
Truck340537,3331,2437,990,1060,70
Truck339887,2224,1338,810,1061,251
Truck340266,3239,1339,915,1061,146
Truck340520,2656,2436,985,1061,76
Truck339953,3121,1339,830,1062,232
Truck340323,2821,2437,930,1062,132
Truck340592,2656,2821,1005,1062,57
Truck340593,2821,2656,1005,1062,57
Truck340156,1339,3331,885,1063,178
Truck340163,2998,3121,885,1063,178
Truck340490,2437,2999,980,1063,83
Truck339704,2225,2998,760,1064,304
Truck340541,2998,2224,990,1064,74
Truck340662,3239,2437,1025,1064,39
Truck339667,3238,2998,750,1065,315
Truck340418,2437,2224,960,1065,105
Truck340585,3238,3122,1005,1065,60
Truck339897,2655,2224,815,1066,251
Truck339905,2224,2436,815,1066,251
Truck339917,3121,2224,820,1066,246
Truck340538,2656,2655,990,1066,76
Truck339237,2436,2821,630,1067,437
Truck339252,3122,2436,635,1067,432
Truck339255,2436,1339,635,1067,432
Truck339776,2225,3122,780,1067,287
Truck339964,2822,1339,830,1067,237
Truck340317,2436,2225,930,1067,137
Truck339775,3238,3121,780,1068,288
Truck339912,0,2822,820,1068,248
Truck340190,2225,2436,895,1068,173
Truck340429,3331,2998,960,1068,108
Truck340436,2437,0,965,1068,103
Truck340448,2656,2998,965,1068,103
Truck340050,3239,2224,855,1069,214
Truck340132,2999,2822,880,1069,189
Truck340169,3121,2225,890,1069,179
Truck338725,1338,2224,490,1070,580
Truck339183,2436,2224,615,1070,455
Truck339480,0,2224,700,1070,370
Truck339826,2999,2436,795,1070,275
Truck340545,2655,2656,995,1070,75
Truck339923,2224,2999,820,1071,251
Truck339935,3121,2655,825,1071,246
Truck339988,2999,3238,840,1071,231
Truck340316,2225,2436,930,1071,141
Truck340556,2656,2225,995,1071,76
Truck339865,3238,2822,805,1072,267
Truck340359,2821,2999,940,1072,132
Truck338581,1338,3238,450,1073,623
Truck340087,3331,3238,865,1073,208
Truck340199,2998,2999,895,1073,178
Truck340254,0,3239,915,1073,158
Truck340292,2437,3238,925,1073,148
Truck340437,2655,1339,965,1073,108
Truck340447,3331,2998,965,1073,108
Truck340600,2999,3121,1010,1073,63
Truck339229,1338,2436,630,1074,444
Truck339740,2225,2655,770,1074,304
Truck340142,2656,0,880,1074,194
Truck340365,2655,2822,945,1074,129
Truck340698,3239,2999,1035,1074,39
Truck339327,2436,1338,655,1075,420
Truck340591,3331,2437,1005,1075,70
Truck340207,3238,3239,900,1076,176
Truck340320,3239,1339,930,1076,146
Truck340454,2437,2998,970,1076,106
Truck340284,3239,0,920,1077,157
Truck340794,0,1339,1065,1077,12
Truck339563,2224,1339,720,1078,358
Truck340168,2999,3331,890,1078,188
Truck340217,2998,2655,900,1078,178
Truck340272,0,3239,920,1078,158
Truck340455,2655,1339,970,1078,108
Truck340196,2656,3122,895,1079,184
Truck340716,3239,2225,1040,1079,39
Truck339758,2225,3331,775,1080,305
Truck340427,2224,2821,960,1080,120
Truck340472,2437,2821,975,1080,105
Truck339959,2224,2999,830,1081,251
Truck339971,3121,3331,835,1081,246
Truck340229,2224,2656,905,1081,176
Truck340800,3122,0,1065,1081,16
Truck339270,3122,2436,640,1082,442
Truck340302,3239,0,925,1082,157
Truck340395,2821,2225,950,1082,132
Truck340612,2822,2224,1010,1082,72
Truck340665,2821,2656,1025,1082,57
Truck338833,1338,3122,520,1083,563
Truck339828,3122,2225,795,1083,288
Truck339829,3238,3121,795,1083,288
Truck340099,3238,2656,870,1083,213
Truck340235,2998,2436,905,1083,178
Truck339363,2436,1339,665,1084,419
Truck339473,2224,3238,695,1084,389
Truck340607,2224,2998,1010,1084,74
Truck340734,3239,2655,1045,1084,39
Truck339581,2224,3122,725,1085,360
Truck340148,2437,2225,885,1085,200
Truck340434,0,2655,965,1085,120
Truck340599,2655,2656,1010,1085,75
Truck339821,2998,0,790,1086,296
Truck339877,1338,2225,810,1086,276
Truck340204,2999,0,900,1086,186
Truck340610,2656,2225,1010,1086,76
Truck340231,3331,2224,905,1087,182
Truck340413,2821,2437,955,1087,132
Truck340253,2998,3121,910,1088,178
Truck340491,2655,1339,980,1088,108
Truck340498,1339,2655,980,1088,108
Truck340501,3331,2998,980,1088,108
Truck340654,2999,3121,1025,1088,63
Truck340743,2655,3239,1050,1088,38
Truck339598,1339,2224,730,1089,359
Truck339794,2225,3331,785,1089,304
Truck340241,3121,2225,910,1089,179
Truck340876,1339,3122,1085,1089,4
Truck339175,1338,2437,615,1090,475
Truck339599,2224,3122,730,1090,360
Truck340397,2998,3239,950,1090,140
Truck340452,0,2655,970,1090,120
Truck340508,2437,3239,985,1090,105
Truck340645,3331,1338,1020,1090,70
Truck339995,2224,1338,840,1091,251
Truck340374,3239,1339,945,1091,146
Truck340382,2437,3121,950,1091,141
Truck340628,2656,2225,1015,1091,76
Truck340737,2821,2998,1045,1091,46
Truck339812,2225,0,790,1092,302
Truck340681,3331,2821,1030,1092,62
Truck339863,3121,3238,805,1093,288
Truck340271,2998,2436,915,1093,178
Truck340792,2822,2821,1060,1093,33
Truck340282,1339,2999,920,1094,174
Truck340473,2655,0,975,1094,119
Truck340575,2821,3239,1000,1094,94
Truck340770,3239,1338,1055,1094,39
Truck338815,1338,2821,515,1095,580
Truck339193,1338,2437,620,1095,475
Truck339273,2436,2224,640,1095,455
Truck340025,3121,3331,850,1095,245
Truck340450,2822,2999,965,1095,130
Truck340653,2655,3331,1025,1095,70
Truck340663,3331,2999,1025,1095,70
Truck340066,1339,2822,860,1096,236
Truck340646,2656,2436,1020,1096,76
Truck340854,3122,0,1080,1096,16
Truck339481,1338,2999,700,1097,397
Truck340449,2821,2655,965,1097,132
Truck340590,3239,2822,1005,1097,92
Truck340666,2822,2224,1025,1097,72
Truck340691,3121,2999,1035,1097,62
Truck340036,2822,0,850,1098,248
Truck340157,2224,3239,885,1098,213
Truck340602,3122,2437,1010,1099,89
Truck340736,2656,2822,1045,1099,54
Truck339911,2998,1339,815,1100,285
Truck340468,2822,2655,970,1100,130
Truck340544,2437,3239,995,1100,105
Truck340031,2224,2436,850,1101,251
Truck340096,2999,3238,870,1101,231
Truck340102,1339,3121,870,1102,232
Truck340467,2821,2655,970,1102,132
Truck340598,2437,1339,1010,1102,92
Truck340684,2822,2224,1030,1102,72
Truck340894,1339,0,1090,1102,12
Truck338905,1338,3122,540,1103,563
Truck339957,2436,2999,830,1103,273
Truck340307,2998,2655,925,1103,178
Truck340405,3238,2437,955,1103,148
Truck340552,1339,2655,995,1103,108
Truck340560,0,2437,1000,1103,103
Truck338851,1338,2655,525,1104,579
Truck339617,2224,0,735,1104,369
Truck339848,2225,2998,800,1104,304
Truck340679,2224,2822,1030,1104,74
Truck340061,3121,2224,860,1105,245
Truck340562,2437,2821,1000,1105,105
Truck340699,3331,1338,1035,1105,70
Truck340301,2224,3331,925,1107,182
Truck340485,2821,2225,975,1107,132
Truck340702,2822,2224,1035,1107,72
Truck340276,2999,2656,920,1108,188
Truck340846,2822,2821,1075,1108,33
Truck338869,1338,3331,530,1109,579
Truck340638,3122,2437,1020,1109,89
Truck339624,0,2224,740,1110,370
Truck339866,2225,2655,805,1110,305
Truck340077,2655,3121,865,1110,245
Truck340107,2821,3122,870,1110,240
Truck340717,3331,2225,1040,1110,70
Truck340747,3238,3122,1050,1110,60
Truck340774,2822,2656,1055,1110,55
Truck338871,2655,1338,530,1111,581
Truck338923,1338,1339,545,1111,566
Truck339303,2655,2436,650,1111,461
Truck340079,3121,3239,865,1111,246
Truck340580,2437,3331,1005,1111,106
Truck340700,2656,3121,1035,1111,76
Truck340811,2998,2821,1065,1111,46
Truck339722,2225,3238,765,1112,347
Truck340528,2999,2225,990,1112,122
Truck340440,3122,3239,965,1113,148
Truck340744,2999,3121,1050,1113,63
Truck339752,2437,2436,775,1114,339
Truck340509,2655,2822,985,1114,129
Truck340715,2224,2998,1040,1114,74
Truck339884,2225,2822,810,1115,305
Truck340765,3238,3122,1055,1115,60
Truck338887,1338,2998,535,1116,581
Truck339684,3122,2224,755,1116,361
Truck340718,2656,2437,1040,1116,76
Truck340739,2998,2822,1045,1116,71
Truck339755,3121,2436,775,1117,342
Truck340144,2822,1339,880,1117,237
Truck340428,3239,0,960,1117,157
Truck340478,2225,2436,975,1117,142
Truck340763,3121,2999,1055,1117,62
Truck340225,3238,2656,905,1118,213
Truck340614,0,2437,1015,1118,103
Truck340312,2999,2224,930,1119,189
Truck340349,3121,2225,940,1119,179
Truck340352,2225,3121,940,1119,179
Truck340563,2655,0,1000,1119,119
Truck339875,2998,3238,805,1120,315
Truck340350,3122,3331,940,1120,180
Truck340540,2822,2437,990,1120,130
Truck340616,2437,2822,1015,1120,105
Truck340617,2655,2437,1015,1120,105
Truck340753,3331,2436,1050,1120,70
Truck339902,2225,2822,815,1121,306
Truck340845,2821,2998,1075,1121,46
Truck340847,2998,2821,1075,1121,46
Truck339417,2436,2656,680,1122,442
Truck340115,3121,2656,875,1122,247
Truck340539,2821,2437,990,1122,132
Truck340564,2999,2225,1000,1122,122
Truck340678,1339,2437,1030,1122,92
Truck340756,2822,2224,1050,1122,72
Truck338761,1338,3238,500,1123,623
Truck339450,3122,2436,690,1124,434
Truck340128,0,3121,880,1124,244
Truck340188,3122,3121,895,1124,229
Truck340330,2999,2822,935,1124,189
Truck340692,3122,2437,1035,1124,89
Truck340757,2998,2224,1050,1124,74
Truck338925,2655,1338,545,1125,580
Truck339399,2436,1339,675,1125,450
Truck339920,2225,2998,820,1125,305
Truck340001,2998,1339,840,1125,285
Truck340161,2821,3122,885,1125,240
Truck340308,0,2656,930,1125,195
Truck340558,2822,2999,995,1125,130
Truck340771,3331,2999,1055,1125,70
Truck340121,2224,1338,875,1126,251
Truck340133,3121,2656,880,1126,246
Truck340634,2437,2224,1020,1126,106
Truck340119,2436,2999,875,1127,252
Truck340557,2821,2655,995,1127,132
Truck340205,3121,3122,900,1128,228
Truck340667,2998,2656,1025,1128,103
Truck338941,1338,2655,550,1129,579
Truck340385,3121,2225,950,1129,179
Truck340775,2998,2224,1055,1129,74
Truck340896,3239,2437,1090,1129,39
Truck339319,1338,2437,655,1130,475
Truck339899,3121,2436,815,1130,315
Truck340151,3121,2821,885,1130,245
Truck340652,2437,2998,1025,1130,105
Truck340789,3331,2999,1060,1130,70
Truck340139,2224,2436,880,1131,251
Truck340772,2656,1338,1055,1131,76
Truck338959,1338,0,555,1132,577
Truck339345,2436,3331,660,1133,473
Truck340415,2998,2655,955,1133,178
Truck339408,0,2436,680,1134,454
Truck339760,1339,2224,775,1134,359
Truck339956,2225,3331,830,1134,304
Truck340358,2656,0,940,1134,194
Truck340366,2999,2224,945,1134,189
Truck340386,3122,2656,950,1135,185
Truck340559,2998,3239,995,1135,140
Truck340629,2821,2224,1015,1135,120
Truck340670,2437,2224,1030,1135,105
Truck340807,3331,2655,1065,1135,70
Truck340010,2225,1339,845,1136,291
Truck340057,1338,2225,860,1136,276
Truck341034,3122,1339,1130,1136,6
Truck339974,2225,0,835,1137,302
Truck340810,2822,2224,1065,1137,72
Truck340953,2821,2822,1105,1137,32
Truck339966,0,2225,835,1138,303
Truck340027,3238,3121,850,1138,288
Truck340426,1339,3331,960,1138,178
Truck340433,2998,1338,960,1138,178
Truck340742,2437,3122,1050,1138,88
Truck340760,2437,2999,1055,1138,83
Truck339427,1338,3121,685,1139,454
Truck340215,2821,1339,900,1139,239
Truck340746,3122,2437,1050,1139,89
Truck340805,2224,2998,1065,1139,74
Truck340932,3239,2437,1100,1139,39
Truck339947,2998,3238,825,1140,315
Truck340179,2821,0,890,1140,250
Truck340688,2437,2656,1035,1140,105
Truck340825,3331,3121,1070,1140,70
Truck340175,2224,3121,890,1141,251
Truck340187,3121,2998,895,1141,246
Truck340228,1339,2822,905,1141,236
Truck340234,2822,1339,905,1142,237
Truck340518,3239,0,985,1142,157
Truck340611,2821,2437,1010,1142,132
Truck340752,3239,2822,1050,1142,92
Truck340044,3122,2225,855,1143,288
Truck340402,2999,2821,955,1143,188
Truck340689,2655,1339,1035,1143,108
Truck340968,3239,3331,1110,1143,33
Truck340398,0,3331,955,1144,189
Truck340950,3239,1338,1105,1144,39
Truck341074,1339,3122,1140,1144,4
Truck340073,2998,1339,860,1145,285
Truck340630,2822,1338,1015,1145,130
Truck339992,2225,2822,840,1146,306
Truck340416,0,2999,960,1146,186
Truck340420,2999,0,960,1146,186
Truck340706,2437,3239,1040,1146,106
Truck340826,2656,2999,1070,1146,76
Truck340882,2822,3331,1085,1146,61
Truck339579,2436,1338,725,1147,422
Truck340872,3122,3238,1085,1147,62
Truck340002,0,2225,845,1148,303
Truck340063,3238,3121,860,1148,288
Truck340603,3238,2655,1010,1148,138
Truck340796,2437,2999,1065,1148,83
Truck340986,3239,3331,1115,1148,33
Truck339703,3238,2224,760,1149,389
Truck340218,0,3121,905,1149,244
Truck340635,2655,2822,1020,1149,129
Truck339013,1338,2822,570,1150,580
Truck340223,3121,3331,905,1150,245
Truck340474,2999,1339,975,1150,175
Truck340668,0,2655,1030,1150,120
Truck340861,3331,2436,1080,1150,70
Truck339453,2436,3239,690,1151,461
Truck340221,2655,3121,905,1151,246
Truck340900,2822,3331,1090,1151,61
Truck340955,2998,2821,1105,1151,46
Truck339031,1338,0,575,1152,577
Truck340647,2821,1338,1020,1152,132
Truck340676,2225,2999,1030,1152,122
Truck340890,3122,3238,1090,1152,62
Truck340462,1339,2656,970,1153,183
Truck340487,2998,2225,975,1153,178
Truck340542,0,3239,995,1153,158
Truck340754,2656,2998,1050,1153,103
Truck339090,3122,1338,590,1154,564
Truck340430,2656,0,960,1154,194
Truck340438,2999,2822,965,1154,189
Truck340466,2656,3122,970,1154,184
Truck340725,2655,3122,1045,1154,109
Truck340912,1339,3238,1095,1154,59
Truck340028,2225,2998,850,1155,305
Truck339525,2436,3239,710,1156,446
Truck340294,2999,3238,925,1156,231
Truck340499,2224,2656,980,1156,176
Truck340862,2656,2225,1080,1156,76
Truck339033,2655,1338,575,1157,582
Truck340483,3331,2224,975,1157,182
Truck340694,2225,2999,1035,1157,122
Truck340934,2656,2821,1100,1157,57
Truck340484,2656,1339,975,1158,183
Truck340505,2998,1338,980,1158,178
Truck341026,2822,2821,1125,1158,33
Truck340707,2655,0,1040,1159,119
Truck339507,2436,3239,705,1160,455
Truck340456,2999,2821,970,1160,190
Truck340897,3331,3121,1090,1160,70
Truck339049,1338,2224,580,1161,581
Truck339103,1338,1339,595,1161,566
Truck340147,1338,2225,885,1161,276
Truck340259,3121,2656,915,1161,246
Truck340300,1339,2822,925,1161,236
Truck339325,3238,2436,655,1162,507
Truck339597,2436,0,730,1162,432
Truck339901,3238,2225,815,1162,347
Truck340519,3331,1339,985,1162,177
Truck340671,2655,2821,1030,1162,132
Truck340712,2225,2999,1040,1162,122
Truck340828,2822,3239,1070,1162,92
Truck339066,0,1338,585,1163,578
Truck340387,3238,2656,950,1163,213
Truck340391,2224,3239,950,1163,213
Truck340502,2656,1339,980,1163,183
Truck340523,2998,2436,985,1163,178
Truck340578,0,3239,1005,1163,158
Truck340626,3239,3122,1015,1163,148
Truck339126,3122,1338,600,1164,564
Truck339543,2436,2998,715,1164,449
Truck339067,1338,2656,585,1165,580
Truck340064,2225,2655,860,1165,305
Truck340138,1339,2998,880,1165,285
Truck340275,2655,3121,920,1165,245
Truck340909,3238,0,1095,1165,70
Truck339085,1338,0,590,1167,577
Truck339516,0,2436,710,1167,457
Truck340134,3122,2998,880,1167,287
Truck340296,3122,2821,925,1167,242
Truck340336,1339,3121,935,1167,232
Truck340701,2821,2437,1035,1167,132
Truck340778,2437,2224,1060,1167,107
Truck340409,2224,3239,955,1168,213
Truck340644,3239,3122,1020,1168,148
Truck341058,3239,3331,1135,1168,33
Truck339615,2436,2821,735,1169,434
Truck340492,2999,2822,980,1169,189
Truck340779,2655,3122,1060,1169,109
Truck340007,3121,2436,845,1170,325
Truck340082,2225,2998,865,1170,305
Truck340295,3121,2998,925,1170,245
Truck340782,3122,2655,1060,1170,110
Truck340842,3239,2821,1075,1170,95
Truck340905,2655,2656,1095,1170,75
Truck340923,2655,3331,1100,1170,70
Truck339921,2436,2437,820,1171,351
Truck340127,2998,0,875,1171,296
Truck340283,2224,2437,920,1171,251
Truck340680,3239,2998,1030,1171,141
Truck340916,2656,2437,1095,1171,76
Truck339754,2999,1338,775,1172,397
Truck340342,2822,1339,935,1172,237
Truck340969,3331,2821,1110,1172,62
Truck340153,3238,3121,885,1173,288
Truck340510,2999,2224,985,1174,189
Truck340730,2225,2436,1045,1175,130
Truck340738,2822,2655,1045,1175,130
Truck340773,2821,2224,1055,1175,120
Truck340951,3331,2999,1105,1175,70
Truck339157,1338,1339,610,1176,566
Truck340814,2437,2822,1070,1176,106
Truck339552,0,2436,720,1177,457
Truck340989,2821,3331,1115,1177,62
Truck340170,3122,2225,890,1178,288
Truck340527,2655,2999,990,1178,188
Truck340577,2998,1338,1000,1178,178
Truck339121,1338,3239,600,1179,579
Truck340118,2225,2655,875,1179,304
Truck340999,3238,1339,1120,1179,59
Truck341076,3239,2436,1140,1179,39
Truck340081,3238,2998,865,1180,315
Truck340091,2998,3238,865,1180,315
Truck340251,2821,3238,910,1180,270
Truck340258,2999,2436,915,1180,265
Truck340566,3122,3331,1000,1180,180
Truck340791,2821,2224,1060,1180,120
Truck340331,3121,2822,935,1182,247
Truck341005,3331,2821,1120,1182,62
Truck341115,2821,2822,1150,1182,32
Truck340650,0,3239,1025,1183,158
Truck340848,0,2437,1080,1183,103
Truck341116,2822,2821,1150,1183,33
Truck339941,2224,3122,825,1185,360
Truck340136,2225,2656,880,1185,305
Truck340514,2225,2437,985,1185,200
Truck339669,2436,2224,750,1186,436
Truck340714,1339,3239,1040,1186,146
Truck340970,2656,2999,1110,1186,76
Truck340991,2998,2822,1115,1186,71
Truck341172,0,3122,1170,1186,16
Truck339588,0,2436,730,1187,457
Truck340244,2225,1338,910,1187,277
Truck340347,2655,3121,940,1187,247
Truck340990,2822,2998,1115,1187,72
Truck339156,0,1338,610,1188,578
Truck340613,2998,2225,1010,1188,178
Truck339561,2436,3239,720,1189,469
Truck340624,1339,2999,1015,1189,174
Truck340815,2655,0,1070,1189,119
Truck340917,2821,3239,1095,1189,94
Truck341112,3239,2999,1150,1189,39
Truck340423,3238,2999,960,1190,230
Truck340995,2655,3331,1120,1190,70
Truck340408,1339,2822,955,1191,236
Truck340868,2437,2998,1085,1191,106
Truck340988,2656,2655,1115,1191,76
Truck340581,2655,2999,1005,1192,187
Truck340936,2822,3239,1100,1192,92
Truck340582,2999,2656,1005,1193,188
Truck340631,2998,2437,1015,1193,178
Truck339976,1339,2224,835,1194,359
Truck340404,3122,2822,955,1194,239
Truck340414,2822,3122,955,1194,239
Truck340574,2656,0,1000,1194,194
Truck340797,2655,2822,1065,1194,129
Truck340935,2821,3239,1100,1194,94
Truck341130,3239,1338,1155,1194,39
Truck339705,2436,3331,760,1195,435
Truck340636,2999,1339,1020,1195,175
Truck341023,3331,2437,1125,1195,70
Truck339554,2437,1338,720,1196,476
Truck339972,3122,2224,835,1196,361
Truck340172,2225,2224,890,1196,306
Truck340362,0,2821,945,1196,251
Truck341214,3122,0,1180,1196,16
Truck339774,3122,2436,780,1197,417
Truck340656,3122,2999,1025,1197,172
Truck340809,2821,2225,1065,1197,132
Truck339247,1338,3122,635,1198,563
Truck340457,3121,3122,970,1198,228
Truck340531,3238,3331,990,1198,208
Truck340609,3331,0,1010,1198,188
Truck340649,2998,2225,1020,1198,178
Truck341148,3239,3121,1160,1199,39
Truck341031,2655,3331,1130,1200,70
Truck340045,3238,2225,855,1202,347
Truck340827,2821,2436,1070,1202,132
Truck340972,2822,3239,1110,1202,92
Truck339210,0,1338,625,1203,578
Truck339633,2436,2224,740,1203,463
Truck340555,3331,3238,995,1203,208
Truck340618,2999,3331,1015,1203,188
Truck340627,3331,0,1015,1203,188
Truck340660,1339,3331,1025,1203,178
Truck340208,2225,2224,900,1204,304
Truck341166,3239,1338,1165,1204,39
Truck340013,2224,3122,845,1205,360
Truck340421,3121,2224,960,1205,245
Truck340922,2437,2655,1100,1205,105
Truck341059,3331,3121,1135,1205,70
Truck340401,2655,2224,955,1206,251
Truck340419,2655,3121,960,1206,246
Truck341293,3331,2656,1200,1206,6
Truck340280,2225,3122,920,1207,287
Truck341114,2656,2821,1150,1207,57
Truck340685,2998,2225,1030,1208,178
Truck340930,1339,2655,1100,1208,108
Truck340933,3331,2998,1100,1208,108
Truck341175,2655,3239,1170,1208,38
Truck339919,3238,2224,820,1209,389
Truck341107,3238,1339,1150,1209,59
Truck339231,2655,1338,630,1210,580
Truck340226,2225,2656,905,1210,305
Truck340864,2822,2655,1080,1210,130
Truck340940,2437,2821,1105,1210,105
Truck340439,3121,2998,965,1211,246
Truck340480,1339,2822,975,1211,236
Truck340697,2224,2656,1035,1211,176
Truck340817,3121,2437,1070,1211,141
Truck341060,2656,2655,1135,1211,76
Truck341081,2998,2822,1140,1211,71
Truck340710,3122,2999,1040,1212,172
Truck340863,2821,3121,1080,1212,132
Truck340696,1339,3331,1035,1213,178
Truck341030,2437,2999,1130,1213,83
Truck339937,3238,2224,825,1214,389
Truck340512,3122,3121,985,1214,229
Truck340682,2656,3122,1030,1214,184
Truck340377,2821,3238,945,1215,270
Truck340622,2225,2437,1015,1215,200
Truck340958,2437,2822,1110,1215,105
Truck341004,3239,2821,1120,1215,95
Truck341095,3331,2999,1145,1215,70
Truck339759,2436,2821,775,1216,441
Truck340445,2224,3121,965,1216,251
Truck340726,2999,3122,1045,1216,171
Truck341078,2656,2225,1140,1216,76
Truck341187,2821,2998,1170,1216,46
Truck341280,0,3122,1200,1216,16
Truck340788,3239,0,1060,1217,157
Truck340881,2821,2436,1085,1217,132
Truck341124,3122,3238,1155,1217,62
Truck341239,3331,3239,1185,1217,32
Truck340348,2999,2436,940,1218,278
Truck340396,2822,3238,950,1218,268
Truck340721,2998,3121,1040,1218,178
Truck340818,3122,3239,1070,1218,148
Truck340824,3239,3122,1070,1218,148
Truck340494,3122,2822,980,1219,239
Truck340672,2999,2822,1030,1219,189
Truck341220,3239,2655,1180,1219,39
Truck339265,1338,3239,640,1220,580
Truck339795,2436,2822,785,1220,435
Truck340020,0,2224,850,1220,370
Truck340262,2225,2998,915,1220,305
Truck340503,2821,3122,980,1220,240
Truck340931,2224,2821,1100,1220,120
Truck339750,0,2436,775,1221,446
Truck340062,3122,2224,860,1221,361
Truck340343,2998,3122,935,1221,286
Truck340840,1339,3239,1075,1221,146
Truck340860,3239,2998,1080,1221,141
Truck340976,2437,2655,1115,1221,106
Truck339559,3238,2436,720,1222,502
Truck339723,2436,2822,765,1222,457
Truck340475,3121,2656,975,1222,247
Truck340899,2821,2436,1090,1222,132
Truck341316,0,1339,1210,1222,12
Truck339864,3122,2436,805,1223,418
Truck340832,2437,3238,1075,1223,148
Truck341006,2656,2998,1120,1223,103
Truck339283,1338,2821,645,1224,579
Truck340049,2224,0,855,1224,369
Truck340608,3239,2224,1010,1224,214
Truck340690,2999,2822,1035,1224,189
Truck339285,2655,1338,645,1225,580
Truck340883,2998,3239,1085,1225,140
Truck340918,2822,1338,1095,1225,130
Truck341040,3239,2821,1130,1225,95
Truck341131,3331,2436,1155,1225,70
Truck340481,2224,2437,975,1226,251
Truck340493,3121,2822,980,1226,246
Truck340546,2999,3238,995,1226,231
Truck340762,2999,3122,1055,1226,171
Truck340858,1339,3239,1080,1226,146
Truck341135,2998,2822,1155,1226,71
Truck341062,2822,3239,1135,1227,92
Truck341334,0,1339,1215,1227,12
Truck339139,1338,3238,605,1228,623
Truck340432,2822,3238,960,1228,268
Truck340565,3121,3122,1000,1228,228
Truck340850,2437,3238,1080,1228,148
Truck341158,2999,3121,1165,1228,63
Truck341256,3239,2656,1190,1228,38
Truck339301,1338,2656,650,1229,579
Truck340298,2225,2655,925,1229,304
Truck340708,2999,3331,1040,1229,189
Truck341185,3331,2822,1170,1229,59
Truck341204,2656,2822,1175,1229,54
Truck339867,2436,1339,805,1230,425
Truck340534,1339,2821,990,1230,240
Truck340967,2224,2821,1110,1230,120
Truck340998,3122,2655,1120,1230,110
Truck340488,0,2821,980,1231,251
Truck340511,3121,2998,985,1231,246
Truck340878,3239,1339,1085,1231,146
Truck341012,2437,2822,1125,1231,106
Truck340191,2436,2437,895,1232,337
Truck340326,0,2998,935,1232,297
Truck341178,3122,3238,1170,1232,62
Truck340368,3122,2225,945,1233,288
Truck340583,3121,3122,1005,1233,228
Truck340657,3238,3331,1025,1233,208
Truck340735,3331,0,1045,1233,188
Truck340750,1339,2656,1050,1233,183
Truck340761,2655,2998,1055,1233,178
Truck340873,3238,2437,1085,1233,148
Truck341176,2999,3121,1170,1233,63
Truck339773,3121,1338,780,1234,454
Truck340085,2224,0,865,1234,369
Truck341013,2655,3122,1125,1234,109
Truck341398,1339,3122,1230,1234,4
Truck339805,1338,2436,790,1235,445
Truck340529,3121,2224,990,1235,245
Truck340954,2822,2655,1105,1235,130
Truck341167,3331,2436,1165,1235,70
Truck339321,2655,1338,655,1236,581
Truck340907,3121,2437,1095,1236,141
Truck340914,3239,2998,1095,1236,141
Truck341150,2656,2437,1160,1236,76
Truck341394,3122,1339,1230,1236,6
Truck339741,2436,2822,770,1237,467
Truck340388,2225,3122,950,1237,287
Truck341310,3239,3331,1205,1238,33
Truck340173,2436,3121,890,1239,349
Truck340576,2822,3122,1000,1239,239
Truck339337,1338,2224,660,1240,580
Truck340937,2998,3239,1100,1240,140
Truck339831,2436,3122,795,1241,446
Truck340535,2224,3121,990,1241,251
Truck340758,0,2999,1055,1241,186
Truck340808,2656,2224,1065,1241,176
Truck340821,2436,2225,1070,1241,171
Truck341048,2437,2656,1135,1241,106
Truck339355,1338,0,665,1242,577
Truck340006,2999,1338,845,1242,397
Truck340406,2225,3122,955,1242,287
Truck340442,2225,1338,965,1242,277
Truck340477,3238,2822,975,1242,267
Truck340601,3121,1339,1010,1242,232
Truck340606,1339,3121,1010,1242,232
Truck340971,2821,1338,1110,1242,132
Truck341049,2655,2437,1135,1242,107
Truck341388,0,1339,1230,1242,12
Truck340904,2437,3238,1095,1243,148
Truck340945,3238,2655,1105,1243,138
Truck341066,2437,0,1140,1243,103
Truck340263,2436,2437,915,1244,329
Truck341193,2655,3331,1175,1245,70
Truck341203,3331,1338,1175,1245,70
Truck339409,1338,1339,680,1246,566
Truck340380,0,2998,950,1247,297
Truck340977,2655,2821,1115,1247,132
Truck339211,1338,3238,625,1248,623
Truck340637,3121,3122,1020,1248,228
Truck340693,3238,2656,1035,1248,213
Truck340963,3238,2655,1110,1248,138
Truck339373,1338,2998,670,1249,579
Truck340780,2999,2656,1060,1249,189
Truck341251,3238,1339,1190,1249,59
Truck340245,2436,3121,910,1250,340
Truck340370,2225,2656,945,1250,305
Truck340495,3238,2821,980,1250,270
Truck341008,2822,2225,1120,1250,130
Truck341070,3122,2655,1140,1250,110
Truck340451,2998,3122,965,1251,286
Truck340571,2224,1338,1000,1251,251
Truck341448,3122,1339,1245,1251,6
Truck341455,3331,2656,1245,1251,6
Truck340513,3238,2822,985,1252,267
Truck341007,2821,2655,1120,1252,132
Truck341036,2225,2999,1130,1252,122
Truck341249,3121,2999,1190,1252,62
Truck341367,2821,2822,1220,1252,32
Truck339235,3238,1338,630,1253,623
Truck341346,3239,2656,1215,1253,38
Truck339904,1339,2436,815,1254,439
Truck340798,2999,2655,1065,1254,189
Truck339685,3238,2436,755,1255,500
Truck340351,3238,2998,940,1255,315
Truck340469,2998,1339,970,1255,285
Truck340766,2225,2437,1055,1255,200
Truck340776,0,2656,1060,1255,195
Truck340836,3122,3331,1075,1255,180
Truck339391,1338,2656,675,1256,581
Truck339813,2436,3239,790,1256,466
Truck340589,2224,3121,1005,1256,251
Truck340812,0,2999,1070,1256,186
Truck341222,2656,2999,1180,1256,76
Truck340843,3331,2224,1075,1257,182
Truck341025,2821,3121,1125,1257,132
Truck341050,2999,2225,1135,1257,122
Truck340211,2224,1339,900,1258,358
Truck340865,2998,2655,1080,1258,178
Truck341118,0,2437,1155,1258,103
Truck339849,2436,2822,800,1259,459
Truck340844,2656,3122,1075,1259,184
Truck340816,2999,2655,1070,1260,190
Truck341120,2437,2821,1155,1260,105
Truck341257,3331,2999,1190,1260,70
Truck340619,3121,2821,1015,1261,246
Truck340424,2225,0,960,1262,302
Truck341295,2821,3331,1200,1262,62
Truck340834,2999,2655,1075,1263,188
Truck340879,3331,3122,1085,1263,178
Truck341284,2999,3121,1200,1263,63
Truck340371,2436,3121,945,1264,319
Truck340632,0,3121,1020,1264,244
Truck341212,2999,2437,1180,1264,84
Truck341275,3331,2436,1195,1265,70
Truck341305,3238,3122,1205,1265,60
Truck340625,2224,2436,1015,1266,251
Truck341258,2656,2225,1190,1266,76
Truck339445,1338,0,690,1267,577
Truck339825,2655,2436,795,1267,472
Truck340279,3238,2225,920,1267,347
Truck341061,2821,2655,1135,1267,132
Truck341202,3239,2822,1175,1267,92
Truck340011,2436,1338,845,1268,423
Truck340851,2655,2999,1080,1268,188
Truck340901,2998,2655,1090,1268,178
Truck341149,3331,2998,1160,1268,108
Truck341153,2998,3331,1160,1268,108
Truck341302,2999,3121,1205,1268,63
Truck341422,2822,2821,1235,1268,33
Truck339936,3122,2436,825,1269,444
Truck340674,3122,2822,1030,1269,239
Truck340683,2821,1339,1030,1269,239
Truck341067,2655,2822,1140,1269,129
Truck340567,3238,2821,1000,1270,270
Truck340830,0,2656,1075,1270,195
Truck341080,2822,2437,1140,1270,130
Truck341265,2655,2656,1195,1270,75
Truck339824,2437,1338,795,1271,476
Truck339900,3122,2436,815,1271,456
Truck340866,0,2999,1085,1271,186
Truck341520,3122,1339,1265,1271,6
Truck340550,2225,1338,995,1272,277
Truck341218,1339,2437,1180,1272,92
Truck339975,2436,2224,835,1273,438
Truck340790,2656,3238,1060,1273,213
Truck340915,3331,3122,1095,1273,178
Truck340919,2998,1338,1095,1273,178
Truck341016,3122,3239,1125,1273,148
Truck340460,2225,2998,970,1274,304
Truck340870,2999,2998,1085,1274,189
Truck341037,2436,2225,1130,1274,144
Truck341418,3239,2437,1235,1274,39
Truck340673,3121,3239,1030,1275,245
Truck339463,1338,2822,695,1276,581
Truck340260,3122,2224,915,1276,361
Truck340516,1339,2225,985,1276,291
Truck340661,2224,2225,1025,1276,251
Truck341174,2437,2998,1170,1276,106
Truck341294,2656,2655,1200,1276,76
Truck341350,2822,3331,1215,1276,61
Truck340129,1338,2999,880,1277,397
Truck341097,2821,2225,1145,1277,132
Truck341242,2822,3239,1185,1277,92
Truck340247,2224,0,910,1279,369
Truck340686,0,3121,1035,1279,244
Truck340720,2822,3122,1040,1279,239
Truck340806,3239,2224,1065,1279,214
Truck341241,2821,3239,1185,1279,94
Truck341301,2655,2656,1205,1280,75
Truck339993,2436,2655,840,1281,441
Truck341192,2437,2655,1175,1281,106
Truck341312,2656,2436,1205,1281,76
Truck341368,2822,3331,1220,1281,61
Truck341421,2821,2998,1235,1281,46
Truck340548,3122,2225,995,1283,288
Truck341210,2437,0,1180,1283,103
Truck341225,2998,2656,1180,1283,103
Truck340189,3238,2224,895,1284,389
Truck340265,2224,0,915,1284,369
Truck340704,0,3121,1040,1284,244
Truck340898,2656,0,1090,1284,194
Truck340906,2999,2224,1095,1284,189
Truck341121,2655,2822,1155,1284,129
Truck340496,2225,2224,980,1285,305
Truck340621,3238,2821,1015,1285,270
Truck340709,3121,2224,1040,1285,245
Truck340960,2999,1339,1110,1285,175
Truck341099,2998,3239,1145,1285,140
Truck341134,2822,1338,1155,1285,130
Truck341169,2821,2224,1165,1285,120
Truck341347,3331,1338,1215,1285,70
Truck339984,0,2436,840,1286,446
Truck340029,2436,2656,850,1286,436
Truck341330,2656,1338,1210,1286,76
Truck341538,3122,0,1270,1286,16
Truck341574,3122,1339,1280,1286,6
Truck339562,1339,1338,720,1287,567
Truck340604,2225,1338,1010,1287,277
Truck341133,2821,2437,1155,1287,132
Truck340952,2656,1339,1105,1288,183
Truck341145,2436,2225,1160,1289,129
Truck341472,3239,2655,1250,1289,39
Truck339517,1338,2822,710,1290,580
Truck340588,1339,2998,1005,1290,285
Truck340719,2821,0,1040,1290,250
Truck340886,2437,2225,1090,1290,200
Truck340902,0,2656,1095,1290,195
Truck341152,2822,2655,1160,1290,130
Truck341183,2224,2821,1170,1290,120
Truck341228,2437,2655,1185,1290,105
Truck341274,3239,2821,1195,1290,95
Truck341365,3331,2437,1220,1290,70
Truck340727,3121,2821,1045,1291,246
Truck340981,3238,3239,1115,1291,176
Truck341102,2437,3121,1150,1291,141
Truck341348,2656,2655,1215,1291,76
Truck341369,2998,2822,1220,1291,71
Truck340083,2436,1339,865,1292,427
Truck341151,2821,3121,1160,1292,132
Truck340722,0,2822,1045,1293,248
Truck340987,3331,3122,1115,1293,178
Truck341490,3239,2656,1255,1293,38
Truck339535,1338,3239,715,1294,579
Truck340942,2999,2821,1105,1294,189
Truck341419,3331,2822,1235,1294,59
Truck341614,1339,3122,1290,1294,4
Truck340532,2225,2224,990,1295,305
Truck340768,1339,2821,1055,1295,240
Truck340801,3238,2999,1065,1295,230
Truck341170,2822,2437,1165,1295,130
Truck341201,2224,2821,1175,1295,120
Truck341246,2437,2656,1190,1295,105
Truck341355,2655,2656,1220,1295,75
Truck340586,2225,1339,1005,1296,291
Truck340733,2224,3121,1045,1296,251
Truck340745,3121,3239,1050,1296,246
Truck340786,1339,2822,1060,1296,236
Truck341366,2656,2437,1220,1296,76
Truck340047,2436,3239,855,1298,443
Truck340880,2656,3238,1085,1298,213
Truck340891,3238,3331,1090,1298,208
Truck341163,2436,2225,1165,1298,133
Truck341530,2822,2821,1265,1298,33
Truck339553,1338,2822,720,1299,579
Truck339777,2436,3238,780,1299,519
Truck340354,1339,2224,940,1299,359
Truck340443,2436,2437,965,1299,334
Truck340956,0,3331,1110,1299,189
Truck341508,3239,2436,1260,1299,39
Truck341219,2224,2821,1180,1300,120
Truck341458,2822,2656,1245,1300,55
Truck340751,2224,2655,1050,1301,251
Truck341138,2437,3121,1160,1301,141
Truck341141,3121,2437,1160,1301,141
Truck341264,2437,2998,1195,1301,106
Truck341384,2656,2655,1225,1301,76
Truck339616,1339,1338,735,1302,567
Truck339939,2436,2822,825,1302,477
Truck341022,3239,3238,1125,1302,177
Truck340978,2999,2998,1115,1303,188
Truck341027,2998,1338,1125,1303,178
Truck340337,2224,0,935,1304,369
Truck340568,2225,3239,1000,1304,304
Truck341526,3239,2655,1265,1304,39
Truck339571,1338,3239,725,1305,580
Truck340373,2224,3122,945,1305,360
Truck340781,3121,2656,1060,1305,245
Truck340804,1339,2821,1065,1305,240
Truck341282,2437,3239,1200,1305,105
Truck340769,2224,2655,1055,1306,251
Truck340996,2999,0,1120,1306,186
Truck341042,2656,2224,1130,1306,176
Truck341402,2656,2999,1230,1306,76
Truck340240,2999,1338,910,1307,397
Truck341457,2821,3331,1245,1307,62
Truck341045,2998,2436,1130,1308,178
Truck339589,1338,2998,730,1309,579
Truck340390,1339,2224,950,1309,359
Truck341544,3239,2437,1270,1309,39
Truck340822,1339,2821,1070,1310,240
Truck341224,2822,2999,1180,1310,130
Truck340640,2225,1339,1020,1311,291
Truck340799,3121,2822,1065,1311,246
Truck341053,3238,3239,1135,1311,176
Truck341126,2225,2436,1155,1311,156
Truck341420,2656,2436,1235,1311,76
Truck340853,3121,1339,1080,1312,232
Truck341072,2225,2436,1140,1312,172
Truck341223,2821,3121,1180,1312,132
Truck341300,2437,2998,1205,1312,107
Truck341364,3239,2822,1220,1312,92
Truck341650,1339,0,1300,1312,12
Truck341063,2998,2225,1135,1313,178
Truck341156,2437,3238,1165,1313,148
Truck341161,3238,2437,1165,1313,148
Truck341197,3238,2655,1175,1313,138
Truck341315,2998,3331,1205,1313,108
Truck341229,2655,2822,1185,1314,129
Truck341562,3239,2437,1275,1314,39
Truck339607,1338,2655,735,1315,580
Truck340729,3238,2821,1045,1315,270
Truck341262,0,2655,1195,1315,120
Truck341182,1339,3239,1170,1316,146
Truck341184,3239,1339,1170,1316,146
Truck339670,1339,1338,750,1317,567
Truck340459,3238,2225,970,1317,347
Truck341318,2437,3239,1210,1317,107
Truck341493,2821,3331,1255,1317,62
Truck341511,2821,2656,1260,1317,57
Truck340675,3238,3121,1030,1318,288
Truck341041,3331,0,1130,1318,188
Truck341077,3331,3122,1140,1318,178
Truck341136,0,3239,1160,1318,158
Truck340315,3238,2224,930,1319,389
Truck341024,2656,0,1125,1319,194
Truck341283,2655,0,1200,1319,119
Truck340092,0,2436,870,1320,450
Truck340595,2998,3238,1005,1320,315
Truck340703,2998,1339,1035,1320,285
Truck340755,2821,3238,1050,1320,270
Truck341336,2437,2998,1215,1320,105
Truck340210,1339,2436,900,1321,421
Truck340835,3121,2998,1075,1321,246
Truck341096,2656,2224,1145,1321,176
Truck341200,1339,3239,1175,1321,146
Truck341565,2821,2998,1275,1321,46
Truck341094,3239,3238,1145,1322,177
Truck341259,2821,2437,1190,1322,132
Truck341400,3239,2822,1230,1322,92
Truck341085,2655,2998,1145,1323,178
Truck341500,2999,3121,1260,1323,63
Truck341110,1339,2999,1150,1324,174
Truck341598,3239,1338,1285,1324,39
Truck341278,2822,2999,1195,1325,130
Truck341354,2437,2821,1220,1325,105
Truck341481,2655,3331,1255,1325,70
Truck341485,3238,0,1255,1325,70
Truck341491,3331,3121,1255,1325,70
Truck339643,1338,3331,745,1326,581
Truck340833,2655,2224,1075,1326,251
Truck340841,2224,1338,1075,1326,251
Truck341474,2656,2436,1250,1326,76
Truck341725,3331,2656,1320,1326,6
Truck341113,3331,1339,1150,1327,177
Truck341277,2821,2225,1195,1327,132
Truck339499,1338,3238,705,1328,623
Truck341117,2998,2999,1150,1328,178
Truck341387,2998,2656,1225,1328,103
Truck340065,2436,3239,860,1329,469
Truck341068,2999,2656,1140,1329,189
Truck341616,3239,2436,1290,1329,39
Truck340039,1338,2437,855,1330,475
Truck340658,2225,2821,1025,1330,305
Truck341046,0,2656,1135,1330,195
Truck341509,3331,2225,1260,1330,70
Truck339715,1338,1339,765,1331,566
Truck340852,2999,2436,1080,1331,251
Truck341082,0,2999,1145,1331,186
Truck341132,2656,2224,1155,1331,176
Truck341373,2655,2437,1225,1331,106
Truck341548,2822,3331,1270,1331,61
Truck340871,3121,2655,1085,1332,247
Truck341537,3121,2999,1270,1332,62
Truck340943,3121,3122,1105,1333,228
Truck341462,2437,2999,1250,1333,83
Truck340803,2436,2999,1065,1334,269
Truck341507,2224,2998,1260,1334,74
Truck341513,2998,2224,1260,1334,74
Truck341634,3239,2437,1295,1334,39
Truck341314,2822,2225,1205,1335,130
Truck341390,2437,3331,1230,1335,105
Truck340869,2655,2224,1085,1336,251
Truck340877,2224,2999,1085,1336,251
Truck340889,3121,3239,1090,1336,246
Truck341510,2656,2436,1260,1336,76
Truck340819,3238,2822,1070,1337,267
Truck340887,2655,3121,1090,1337,247
Truck341342,2225,2999,1215,1337,122
Truck341128,1339,2656,1155,1338,183
Truck341401,3331,2998,1230,1338,108
Truck341406,0,2437,1235,1338,103
Truck341674,2822,2821,1305,1338,33
Truck339697,1338,2655,760,1339,579
Truck341391,2655,3122,1230,1339,109
Truck341525,2224,2822,1265,1339,74
Truck341652,3239,1338,1300,1339,39
Truck340146,0,2436,885,1340,455
Truck340209,2436,3122,900,1340,440
Truck341104,2999,3331,1150,1340,190
Truck341332,2822,2655,1210,1340,130
Truck341454,3239,2821,1245,1340,95
Truck341545,3331,2436,1270,1340,70
Truck340547,3121,2436,995,1341,346
Truck340895,2224,2225,1090,1341,251
Truck341528,2656,2225,1265,1341,76
Truck341356,2999,2225,1220,1342,122
Truck340764,3122,2225,1055,1343,288
Truck340925,3121,0,1100,1343,243
Truck341171,2998,2999,1165,1343,178
Truck341498,2437,2999,1260,1343,83
Truck341692,2822,2821,1310,1343,33
Truck340165,1338,3121,890,1344,454
Truck341670,3239,3121,1305,1344,39
Truck340093,1338,2437,870,1345,475
Truck340837,3238,2821,1075,1345,270
Truck340948,1339,2821,1105,1345,240
Truck341084,2437,2225,1145,1345,200
Truck341122,2999,2998,1155,1345,190
Truck341381,2224,2821,1225,1345,120
Truck341563,3331,2436,1275,1345,70
Truck339717,2655,1338,765,1346,581
Truck341426,2437,2998,1240,1346,106
Truck341546,2656,2999,1270,1346,76
Truck340855,3238,2822,1080,1347,267
Truck341165,2224,3331,1165,1347,182
Truck341488,1339,2437,1255,1347,92
Truck340783,3238,3121,1060,1348,288
Truck341456,2656,2998,1245,1348,103
Truck341168,2656,3122,1165,1349,184
Truck341561,2224,2998,1275,1349,74
Truck341688,3239,1338,1310,1349,39
Truck339733,1338,3331,770,1350,580
Truck341140,2999,2655,1160,1350,190
Truck341611,3238,3122,1290,1350,60
Truck340137,2436,3239,880,1351,471
Truck340984,1339,2822,1115,1351,236
Truck341585,2998,2822,1280,1351,71
Truck340740,0,2225,1050,1353,303
Truck341186,2656,1339,1170,1353,183
Truck341459,2998,3331,1245,1353,108
Truck341608,2999,3121,1290,1353,63
Truck341708,2656,3239,1315,1353,38
Truck340526,2437,2436,990,1354,364
Truck341579,2224,2998,1280,1354,74
Truck341706,3239,2655,1315,1354,39
Truck339751,1338,3239,775,1355,580
Truck340553,2224,3122,995,1355,360
Truck340748,2225,2655,1050,1355,305
Truck340959,2655,3121,1110,1355,245
Truck341386,2822,2437,1225,1355,130
Truck341589,2655,3331,1285,1355,70
Truck341593,3238,0,1285,1355,70
Truck341599,3331,2655,1285,1355,70
Truck340793,2998,0,1060,1356,296
Truck340949,2224,2655,1105,1356,251
Truck341002,1339,2822,1120,1356,236
Truck341582,2656,2225,1280,1356,76
Truck341603,2998,2822,1285,1356,71
Truck340281,2436,0,920,1357,437
Truck340820,2225,3122,1070,1357,287
Truck340961,3121,2821,1110,1357,247
Truck340980,3122,2821,1115,1357,242
Truck341292,3239,0,1200,1357,157
Truck341385,2821,3121,1225,1357,132
Truck341414,2225,2999,1235,1357,122
Truck341524,1339,2437,1265,1357,92
Truck340219,1338,3121,905,1359,454
Truck340299,2436,1339,925,1359,434
Truck340463,2224,3238,970,1359,389
Truck341554,2999,2437,1275,1359,84
Truck341724,3239,2655,1320,1359,39
Truck339769,1338,2822,780,1360,580
Truck341404,2822,2225,1230,1360,130
Truck341617,3331,2999,1290,1360,70
Truck340979,3121,2998,1115,1361,246
Truck341032,2999,3238,1130,1361,231
Truck341194,2999,0,1175,1361,186
Truck341240,2656,2224,1185,1361,176
Truck341600,2656,1338,1285,1361,76
Truck341238,3239,3238,1185,1362,177
Truck341403,2821,1338,1230,1362,132
Truck341480,2437,2655,1255,1362,107
Truck339625,1338,3238,740,1363,623
Truck341340,3122,3239,1215,1363,148
Truck340381,1338,2436,950,1364,414
Truck341742,3239,1338,1325,1364,39
Truck339787,1338,3331,785,1365,580
Truck340335,2436,1339,935,1365,430
Truck340784,2225,2656,1060,1365,305
Truck340997,3121,3331,1120,1365,245
Truck341162,2225,2437,1165,1365,200
Truck341635,3331,2225,1295,1365,70
Truck339841,1338,1339,800,1366,566
Truck341618,2656,2225,1290,1366,76
Truck341056,1339,3121,1135,1367,232
Truck339649,3238,1338,745,1368,623
Truck340888,2999,2436,1090,1368,278
Truck341261,2998,2225,1190,1368,178
Truck341359,3238,2437,1220,1368,148
Truck340255,1338,3121,915,1369,454
Truck341760,3239,2437,1330,1369,39
Truck341015,3121,2998,1125,1370,245
Truck341180,2225,2437,1170,1370,200
Truck341190,0,2656,1175,1370,195
Truck341440,2822,2436,1240,1370,130
Truck341471,2224,2821,1250,1370,120
Truck341653,3331,2999,1300,1370,70
Truck339859,1338,1339,805,1371,566
Truck340802,2225,2821,1065,1371,306
Truck341003,2224,2225,1120,1371,251
Truck341276,2656,2224,1195,1371,176
Truck341382,3239,1339,1225,1371,146
Truck341636,2656,2225,1295,1371,76
Truck341888,2656,3331,1365,1371,6
Truck340471,1338,2999,975,1372,397
Truck341033,3121,0,1130,1373,243
Truck341372,2437,3238,1225,1373,148
Truck341413,3238,2655,1235,1373,138
Truck341800,2822,2821,1340,1373,33
Truck340277,3121,1338,920,1374,454
Truck340517,2224,3238,985,1374,389
Truck341230,2999,3331,1185,1374,189
Truck341726,2656,2822,1320,1374,54
Truck341208,0,2656,1180,1375,195
Truck341534,2437,2224,1270,1375,105
Truck341665,3238,0,1305,1375,70
Truck340202,2437,1338,900,1376,476
Truck341021,2224,2655,1125,1376,251
Truck341086,2999,3238,1145,1376,231
Truck341291,2224,2656,1200,1376,176
Truck341898,3122,1339,1370,1376,6
Truck341588,2437,1339,1285,1377,92
Truck341700,3122,3238,1315,1377,62
Truck341874,0,1339,1365,1377,12
Truck339679,1338,3238,755,1378,623
Truck340101,2436,3238,870,1378,508
Truck340353,2436,1338,940,1378,438
Truck341051,3121,0,1135,1378,243
Truck341290,1339,3331,1200,1378,178
Truck341297,2998,2225,1200,1378,178
Truck341698,2999,3121,1315,1378,63
Truck341796,3239,2656,1340,1378,38
Truck341798,2656,3239,1340,1378,38
Truck341818,2822,2821,1345,1378,33
Truck340642,1339,2224,1020,1379,359
Truck341248,2999,2655,1190,1379,189
Truck340643,2224,3122,1020,1380,360
Truck341043,2821,0,1130,1380,250
Truck340220,2437,1338,905,1381,476
Truck340838,2225,2998,1075,1381,306
Truck341320,2999,3122,1210,1381,171
Truck341378,2225,2436,1225,1381,156
Truck341416,1339,3239,1235,1381,146
Truck341322,3122,2999,1210,1382,172
Truck341463,2655,2821,1250,1382,132
Truck341552,2437,2224,1275,1382,107
Truck341606,2437,1339,1290,1382,92
Truck341727,2821,3331,1320,1382,62
Truck341745,2821,2656,1325,1382,57
Truck341892,0,1339,1370,1382,12
Truck341266,2999,2822,1195,1383,188
Truck341408,2437,3238,1235,1383,148
Truck340389,2436,2998,950,1384,434
Truck340856,2225,2821,1080,1384,304
Truck341064,0,3121,1140,1384,244
Truck341737,3238,1339,1325,1384,59
Truck341814,3239,2999,1345,1384,39
Truck340829,2998,3238,1070,1385,315
Truck341125,3238,2999,1155,1385,230
Truck341570,2437,2655,1280,1386,106
Truck339861,2655,1338,805,1387,582
Truck340171,3238,2436,890,1387,497
Truck341329,3331,1339,1210,1387,177
Truck339721,3238,1338,765,1388,623
Truck340927,3238,3121,1100,1388,288
Truck341221,3331,3238,1180,1388,208
Truck341333,2998,1338,1210,1388,178
Truck341642,2437,3122,1300,1388,88
Truck341324,2225,3121,1210,1389,179
Truck341535,2655,0,1270,1389,119
Truck341755,3238,1339,1330,1389,59
Truck341832,3239,3121,1350,1389,39
Truck340874,2225,2224,1085,1390,305
Truck340924,2999,2436,1100,1390,290
Truck341087,3121,2224,1145,1390,245
Truck341697,2655,2656,1315,1390,75
Truck340290,0,2436,925,1391,466
Truck341075,2224,2999,1140,1391,251
Truck341298,0,2999,1205,1391,186
Truck340944,3122,2998,1105,1392,287
Truck341728,2822,2998,1320,1392,72
Truck341754,3122,3238,1330,1392,62
Truck339894,0,1338,815,1393,578
Truck340884,0,2225,1090,1393,303
Truck341311,3331,0,1205,1393,188
Truck341444,2437,3238,1245,1393,148
Truck341449,3238,2437,1245,1393,148
Truck341621,2998,2656,1290,1393,103
Truck341678,2437,2999,1310,1393,83
Truck340892,2225,2655,1090,1394,304
Truck339895,1338,2656,815,1395,580
Truck340973,2998,1339,1110,1395,285
Truck341743,3331,1338,1325,1395,70
Truck341782,2822,3331,1335,1396,61
Truck339958,1339,1338,830,1397,567
Truck340910,2225,0,1095,1397,302
Truck341159,3121,1339,1165,1397,232
Truck341376,3122,2999,1225,1397,172
Truck341529,2821,1338,1265,1397,132
Truck341044,2822,3238,1130,1398,268
Truck341466,3122,3239,1250,1398,148
Truck341696,2437,2999,1315,1398,83
Truck341870,2656,3239,1360,1398,38
Truck341319,2655,2999,1210,1399,189
Truck341380,1339,2999,1225,1399,174
Truck339913,1338,2821,820,1400,580
Truck341761,3331,1338,1330,1400,70
Truck339967,1338,1339,835,1401,566
Truck340425,2436,3122,960,1401,441
Truck340785,2436,3121,1060,1401,341
Truck340966,1339,2225,1110,1401,291
Truck341164,1339,2822,1165,1401,236
Truck339931,1338,0,825,1402,577
Truck341123,3121,2821,1155,1402,247
Truck341142,3122,2821,1160,1402,242
Truck341547,2821,1338,1270,1402,132
Truck339985,1338,3122,840,1403,563
Truck340479,2436,1338,975,1403,428
Truck340920,0,2225,1100,1403,303
Truck341654,2656,2998,1300,1403,103
Truck341765,2998,2224,1330,1404,74
Truck340928,2225,2224,1100,1405,305
Truck341566,2822,2436,1275,1405,130
Truck341586,0,2655,1285,1405,120
Truck341779,3331,1338,1335,1405,70
Truck341809,3238,3122,1345,1405,60
Truck340728,3122,2224,1045,1406,361
Truck341009,2998,3122,1120,1406,286
Truck341129,2224,1338,1155,1406,251
Truck341139,2655,3121,1160,1406,246
Truck341395,3238,3239,1230,1406,176
Truck341762,2656,2999,1330,1406,76
Truck341815,3331,2821,1345,1407,62
Truck341923,3331,3239,1375,1407,32
Truck341982,0,1339,1395,1407,12
Truck341405,2998,2225,1230,1408,178
Truck341732,2437,2999,1325,1408,83
Truck339949,1338,2655,830,1409,579
Truck340403,3121,1338,955,1409,454
Truck341830,1339,3238,1350,1409,59
Truck340946,2225,2656,1105,1410,305
Truck341079,2821,3238,1140,1410,270
Truck341615,2224,2821,1290,1410,120
Truck341787,2655,3331,1340,1410,70
Truck341797,3331,3121,1340,1410,70
Truck341147,2224,1338,1160,1411,251
Truck341780,2656,2655,1335,1411,76
Truck341801,2998,2822,1340,1411,71
Truck341054,2225,1338,1135,1412,277
Truck341583,2821,3121,1280,1412,132
Truck341014,2999,2436,1125,1413,288
Truck341098,2822,3238,1145,1413,268
Truck341423,2998,2999,1235,1413,178
Truck341196,3122,2822,1175,1414,239
Truck341205,2821,1339,1175,1414,239
Truck341374,2999,3239,1225,1414,189
Truck341795,2224,2998,1340,1414,74
Truck341922,3239,2437,1375,1414,39
Truck340964,2225,3239,1110,1415,305
Truck341602,2822,1338,1285,1415,130
Truck341872,2822,2656,1360,1415,55
Truck341157,2655,2224,1165,1416,251
Truck339969,2655,1338,835,1417,582
Truck341177,3121,2821,1170,1417,247
Truck341601,2821,2999,1285,1417,132
Truck341626,2999,2225,1295,1417,122
Truck341740,1339,2437,1325,1417,92
Truck341746,2822,3239,1325,1417,92
Truck339823,1338,3238,795,1418,623
Truck340974,0,2225,1115,1418,303
Truck341441,2998,3121,1240,1418,178
Truck341571,2655,3238,1280,1418,138
Truck341689,3331,2998,1310,1418,108
Truck341694,0,2437,1315,1418,103
Truck341942,2656,3239,1380,1418,38
Truck341392,2999,3239,1230,1419,189
Truck341770,2999,2437,1335,1419,84
Truck341869,3331,2822,1360,1419,59
Truck340982,2225,2224,1115,1420,305
Truck341195,3121,3239,1175,1420,245
Truck341620,2822,1338,1290,1420,130
Truck340461,2436,3331,970,1422,452
Truck340651,1338,2999,1025,1422,397
Truck341648,2225,2999,1300,1422,122
Truck341232,3122,2822,1185,1424,239
Truck341328,3239,2224,1210,1424,214
Truck341410,2999,2822,1235,1424,189
Truck340003,1338,2656,845,1425,580
Truck341213,3121,2224,1180,1425,245
Truck341669,2224,2821,1305,1425,120
Truck341673,2821,2224,1305,1425,120
Truck341881,3238,3122,1365,1425,60
Truck340407,2436,0,955,1426,471
Truck341000,2225,2998,1120,1426,306
Truck341834,2656,2437,1350,1426,76
Truck340515,2436,2821,985,1427,442
Truck341272,1339,3121,1195,1427,232
Truck340551,2436,2821,995,1428,433
Truck341069,3121,3238,1140,1428,288
Truck341477,2998,2999,1250,1428,178
Truck340711,3238,2224,1040,1429,389
Truck341018,2225,2998,1125,1429,304
Truck341260,2822,3122,1190,1429,239
Truck341424,0,3331,1240,1429,189
Truck341428,2999,2821,1240,1429,189
Truck340021,1338,2655,850,1430,580
Truck341656,2822,3121,1300,1430,130
Truck341211,2655,2224,1180,1431,251
Truck341231,3121,2998,1185,1431,246
Truck340687,1338,2999,1035,1432,397
Truck341250,3122,2821,1190,1432,242
Truck341655,2821,1338,1300,1432,132
Truck341684,2225,2999,1310,1432,122
Truck341925,2821,2656,1375,1432,57
Truck340530,3122,2436,990,1433,443
Truck340875,2436,3121,1085,1433,348
Truck341383,3331,3238,1225,1433,208
Truck342012,3239,3331,1400,1433,33
Truck341438,2656,0,1240,1434,194
Truck341506,1339,2999,1260,1434,174
Truck341090,2225,1339,1145,1436,291
Truck341247,2655,3121,1190,1436,246
Truck342114,3122,1339,1430,1436,6
Truck341580,3239,0,1280,1437,157
Truck341188,2822,3238,1170,1438,268
Truck341473,3331,0,1250,1438,188
Truck341464,2999,2224,1250,1439,189
Truck341842,2999,2437,1355,1439,84
Truck341323,3238,2999,1210,1440,230
Truck341108,2225,1339,1150,1441,291
Truck341255,2224,3121,1190,1441,251
Truck341267,3121,2822,1195,1441,246
Truck341527,3331,1339,1265,1442,177
Truck341908,2822,2224,1370,1442,72
Truck340587,2436,3122,1005,1443,438
Truck341206,2822,3238,1175,1443,268
Truck341531,2998,2225,1265,1443,178
Truck341624,2437,3238,1295,1443,148
Truck340333,3238,2436,935,1444,509
Truck340525,1338,3121,990,1444,454
Truck341482,2999,2656,1255,1444,189
Truck341285,3121,2998,1200,1445,245
Truck341341,3238,2999,1215,1445,230
Truck340075,1338,2822,865,1446,581
Truck341344,1339,3121,1215,1447,232
Truck341709,2821,1338,1315,1447,132
Truck341786,2437,2822,1340,1447,107
Truck342069,2821,2822,1415,1447,32
Truck340994,2437,2436,1120,1448,328
Truck341437,3331,3238,1240,1448,208
Truck341549,2998,2655,1270,1448,178
Truck341794,1339,2655,1340,1448,108
Truck340369,3238,2436,945,1449,504
Truck340787,2224,3238,1060,1449,389
Truck340859,2224,0,1080,1449,369
Truck341492,2656,0,1255,1449,194
Truck342048,3239,3121,1410,1449,39
Truck341326,1339,2821,1210,1450,240
Truck341468,2225,2437,1250,1450,200
Truck341805,2655,2437,1345,1450,105
Truck341146,1339,2225,1160,1451,291
Truck341303,3121,2998,1205,1451,246
Truck341514,0,2999,1265,1451,186
Truck340524,0,2436,990,1452,462
Truck340596,0,2436,1010,1452,442
Truck342154,1339,0,1440,1452,12
Truck341435,2224,3239,1240,1453,213
Truck341553,2655,2998,1275,1453,178
Truck341567,2998,2655,1275,1453,178
Truck341837,2998,2656,1350,1453,103
Truck340111,1338,2655,875,1454,579
Truck341349,2821,1339,1215,1454,239
Truck341436,3239,2224,1240,1454,214
Truck342014,2656,2822,1400,1454,54
Truck341103,2655,2225,1150,1455,305
Truck341313,2821,0,1205,1455,250
Truck341496,0,2656,1260,1455,195
Truck341556,3122,3331,1275,1455,180
Truck341711,2998,3239,1315,1455,140
Truck341822,2437,2821,1350,1455,105
Truck341309,2224,1338,1205,1456,251
Truck341321,3121,2656,1210,1456,246
Truck340777,1338,2999,1060,1457,397
Truck341581,3331,1339,1280,1457,177
Truck341592,3122,2999,1285,1457,172
Truck341962,2822,2998,1385,1457,72
Truck341536,2999,3239,1270,1458,188
Truck341833,3331,2998,1350,1458,108
Truck341852,2656,2998,1355,1458,103
Truck342086,2656,3239,1420,1458,38
Truck340605,2436,2821,1010,1459,449
Truck340823,2224,3238,1070,1459,389
Truck341358,3122,2822,1220,1459,239
Truck341564,2656,3122,1275,1459,184
Truck341207,2998,1339,1175,1460,285
Truck341331,2821,0,1210,1460,250
Truck341977,3331,1338,1390,1460,70
Truck340926,3122,2224,1100,1461,361
Truck341327,2224,3121,1210,1461,251
Truck341339,3121,2656,1215,1461,246
Truck341714,2437,3121,1320,1461,141
Truck341717,3121,2437,1320,1461,141
Truck341840,2437,2656,1355,1461,106
Truck341960,2656,3121,1385,1461,76
Truck341198,2225,3122,1175,1462,287
Truck341751,2655,2821,1330,1462,132
Truck342015,2821,3331,1400,1462,62
Truck339991,3238,1338,840,1463,623
Truck340569,2436,0,1000,1463,463
Truck341467,3238,2656,1250,1463,213
Truck341596,1339,3331,1285,1463,178
Truck341841,2655,1339,1355,1463,108
Truck341855,2998,3331,1355,1463,108
Truck340206,3122,1338,900,1464,564
Truck341144,2225,2655,1160,1464,304
Truck341357,3121,3331,1220,1465,245
Truck341995,3331,2437,1395,1465,70
Truck341189,2998,0,1170,1466,296
Truck341345,2224,2437,1215,1466,251
Truck341978,2656,2225,1390,1466,76
Truck342222,3122,1339,1460,1466,6
Truck342229,3331,2656,1460,1466,6
Truck342230,2656,3331,1460,1466,6
Truck341597,2224,3331,1285,1467,182
Truck341781,2821,2225,1335,1467,132
Truck342033,2821,3331,1405,1467,62
Truck342051,2821,2656,1410,1467,57
Truck341296,2822,3238,1200,1468,268
Truck341572,2999,2822,1280,1468,188
Truck342111,2655,3239,1430,1468,38
Truck340224,3122,1338,905,1469,564
Truck340659,2436,2822,1025,1469,444
Truck341105,3121,2436,1150,1469,319
Truck341609,3121,2225,1290,1469,179
Truck341950,2999,2437,1385,1469,84
Truck342068,2656,2822,1415,1469,54
Truck342244,1339,3122,1465,1469,4
Truck341236,1339,2998,1185,1470,285
Truck341243,2998,1339,1185,1470,285
Truck342013,3331,3121,1400,1470,70
Truck342070,2822,2656,1415,1470,55
Truck341363,2224,2436,1220,1471,251
Truck341375,3121,2656,1225,1471,246
Truck342049,3331,2821,1410,1472,62
Truck340713,2436,3239,1040,1473,433
Truck342040,2999,3121,1410,1473,63
Truck340183,1338,2656,895,1474,579
Truck340242,3122,1338,910,1474,564
Truck340938,0,2224,1105,1475,370
Truck341253,2436,2999,1190,1475,285
Truck341393,3121,2655,1230,1475,245
Truck341558,2225,2437,1275,1475,200
Truck342031,3331,2999,1405,1475,70
Truck342061,3238,3122,1415,1475,60
Truck340623,2436,3239,1015,1477,462
Truck341607,2655,2999,1290,1477,187
Truck341633,2224,3331,1295,1477,182
Truck341817,2821,2655,1345,1477,132
Truck341958,3239,2822,1385,1477,92
Truck340200,0,1338,900,1478,578
Truck340767,2436,1338,1055,1478,423
Truck341927,2998,2656,1375,1478,103
Truck340655,3121,1338,1025,1479,454
Truck341859,2655,0,1360,1479,119
Truck342085,3331,2822,1420,1479,59
Truck342156,3239,1338,1440,1479,39
Truck340441,3238,2436,965,1480,515
Truck341409,2655,3121,1235,1480,245
Truck340201,1338,3331,900,1481,581
Truck340533,2436,3238,990,1481,491
Truck341778,3239,1339,1335,1481,146
Truck341912,2437,3331,1375,1481,106
Truck342032,2656,2655,1405,1481,76
Truck341930,2437,0,1380,1483,103
Truck342002,2437,2999,1400,1483,83
Truck340695,2436,2224,1035,1484,449
Truck340913,2224,3238,1095,1484,389
Truck340985,2224,0,1115,1484,369
Truck341020,1339,2224,1125,1484,359
Truck341216,2225,2656,1180,1484,304
Truck341666,2225,3121,1305,1484,179
Truck341979,2821,3239,1390,1484,94
Truck342047,2224,2822,1410,1484,74
Truck342174,3239,3121,1445,1484,39
Truck341452,1339,2821,1245,1485,240
Truck341646,3122,2656,1300,1485,185
Truck341854,2822,2655,1355,1485,130
Truck341976,3239,2821,1390,1485,95
Truck340731,2436,2224,1045,1486,441
Truck341417,2224,2655,1235,1486,251
Truck341429,3121,3239,1240,1486,246
Truck341690,2656,2224,1310,1486,176
Truck342302,2656,3331,1480,1486,6
Truck341234,2225,0,1185,1487,302
Truck341853,2821,2655,1355,1487,132
Truck340291,1338,3122,925,1488,563
Truck341501,3121,3122,1260,1488,228
Truck341644,2999,2656,1300,1488,188
Truck341693,2998,2655,1310,1488,178
Truck341938,1339,2655,1380,1488,108
Truck342020,2437,2999,1405,1488,83
Truck340237,1338,3331,910,1489,579
Truck340497,2436,3238,980,1489,509
Truck341442,0,3121,1245,1489,244
Truck341476,2822,3122,1250,1489,239
Truck341502,3122,3121,1260,1489,229
Truck341997,2821,3239,1395,1489,94
Truck341039,2224,3122,1130,1490,360
Truck341475,2821,3122,1250,1490,240
Truck342057,2655,2656,1415,1490,75
Truck341279,2998,0,1195,1491,296
Truck341447,3121,2822,1245,1491,246
Truck342177,2821,2998,1445,1491,46
Truck342276,3122,0,1475,1491,16
Truck341252,2225,0,1190,1492,302
Truck341871,2821,2655,1360,1492,132
Truck342016,2822,3239,1400,1492,92
Truck342288,0,1339,1480,1492,12
Truck340309,1338,3122,930,1493,563
Truck340732,1339,2436,1045,1493,448
Truck341244,0,2225,1190,1493,303
Truck341519,3121,3122,1265,1493,228
Truck341766,0,3239,1335,1493,158
Truck341959,3331,2998,1385,1493,108
Truck341484,3122,2822,1255,1494,239
Truck341662,2999,3331,1305,1494,189
Truck341877,2655,2822,1365,1494,129
Truck342133,3238,1339,1435,1494,59
Truck342210,3239,2655,1455,1494,39
Truck341465,3121,2656,1250,1495,245
Truck342103,3331,2655,1425,1495,70
Truck341052,3122,2224,1135,1496,361
Truck341453,2224,3121,1245,1496,251
Truck341518,2999,3238,1265,1496,231
Truck341676,0,2999,1310,1496,186
Truck341850,3239,2998,1355,1496,141
Truck341966,2437,2224,1390,1496,106
Truck340273,1338,0,920,1497,577
Truck342132,3122,3238,1435,1497,62
Truck341729,2998,3121,1320,1498,178
Truck340749,2436,2821,1050,1499,449
Truck341512,2822,3122,1260,1499,239
Truck341680,2999,2224,1310,1499,189
Truck342058,2999,2437,1415,1499,84
Truck342228,3239,2437,1460,1499,39
Truck341028,0,2224,1130,1500,370
Truck341270,2225,2224,1195,1500,305
Truck341658,0,2656,1305,1500,195
Truck341939,2224,2821,1380,1500,120
Truck342121,3331,1338,1430,1500,70
Truck341744,2656,2224,1325,1501,176
Truck341984,2437,3331,1395,1501,106
Truck342104,2656,2999,1425,1501,76
Truck342312,3122,0,1485,1501,16
Truck341288,2225,0,1200,1502,302
Truck341483,3121,2224,1255,1502,247
Truck341723,2224,3331,1320,1502,182
Truck341907,2821,2655,1370,1502,132
Truck342159,2821,3331,1440,1502,62
Truck340641,2436,3238,1020,1503,483
Truck341629,3238,3331,1295,1503,208
Truck341747,2998,3121,1325,1503,178
Truck342074,2437,2999,1420,1503,83
Truck340857,2436,3122,1080,1504,424
Truck341092,1339,2224,1145,1504,359
Truck342246,3239,2999,1465,1504,39
Truck341926,2822,2655,1375,1505,130
Truck341489,2224,2655,1255,1506,251
Truck341542,1339,2822,1270,1506,236
Truck342122,2656,3121,1430,1506,76
Truck342143,2998,2822,1435,1506,71
Truck341555,3121,1339,1275,1507,232
Truck341954,2225,2999,1385,1507,122
Truck342142,2822,2224,1435,1507,72
Truck341715,2655,2999,1320,1508,188
Truck341868,3239,3122,1360,1508,148
Truck342286,2822,2821,1475,1508,33
Truck341397,2436,2999,1230,1509,279
Truck342212,2656,2822,1455,1509,54
Truck341111,2224,3122,1150,1510,360
Truck341306,2225,2224,1205,1510,305
Truck341439,2821,3238,1240,1510,270
Truck341944,2822,2999,1380,1510,130
Truck342006,3122,2655,1400,1510,110
Truck341362,1339,2225,1220,1511,291
Truck342140,2656,2437,1435,1511,76
Truck341573,3121,1339,1280,1512,232
Truck341931,2655,2821,1380,1512,132
Truck342084,3239,2822,1420,1512,92
Truck341671,3331,3238,1305,1513,208
Truck341783,2998,3121,1335,1513,178
Truck341886,3239,3122,1365,1513,148
Truck342035,2998,3331,1405,1513,108
Truck342036,0,2437,1410,1513,103
Truck342273,2655,3239,1475,1513,38
Truck341017,3238,2224,1125,1514,389
Truck341734,2999,3331,1325,1514,189
Truck342161,2998,2224,1440,1514,74
Truck342282,3239,2437,1475,1514,39
Truck342038,2437,3239,1410,1515,105
Truck340327,1338,2821,935,1516,581
Truck341517,2655,2224,1265,1516,251
Truck341578,1339,2822,1280,1516,236
Truck341590,2999,3238,1285,1516,231
Truck341748,0,2999,1330,1516,186
Truck342158,2656,3121,1440,1516,76
Truck341352,0,2998,1220,1517,297
Truck341432,2225,1338,1240,1517,277
Truck341961,2821,2225,1385,1517,132
Truck342106,2822,3239,1425,1517,92
Truck342204,3122,3238,1455,1517,62
Truck341672,2656,3238,1305,1518,213
Truck340677,2436,3238,1030,1519,489
Truck341812,1339,2999,1345,1519,174
Truck341967,2655,2822,1390,1519,129
Truck342003,2655,0,1400,1519,119
Truck340345,1338,2822,940,1520,580
Truck341980,2822,2655,1390,1520,130
Truck342102,3239,2821,1425,1520,95
Truck342187,3238,0,1450,1520,70
Truck342193,3331,2655,1450,1520,70
Truck340724,2437,1338,1045,1521,476
Truck341543,2224,2437,1270,1521,251
Truck341826,3122,2999,1350,1522,172
Truck341829,2436,2225,1350,1522,172
Truck342110,2437,1339,1430,1522,92
Truck341411,3121,3238,1235,1523,288
Truck341412,3122,2225,1235,1523,288
Truck341494,2822,3238,1255,1523,268
Truck341627,3121,3122,1295,1523,228
Truck341707,3331,3238,1315,1523,208
Truck341819,2998,1338,1345,1523,178
Truck342071,2998,3331,1415,1523,108
Truck342146,2437,2999,1440,1523,83
Truck340422,3122,1338,960,1524,564
Truck341057,2224,3238,1135,1524,389
Truck341360,2225,2655,1220,1524,304
Truck342318,3239,2225,1485,1524,39
Truck340363,1338,2655,945,1525,580
Truck340741,1338,2437,1050,1525,475
Truck341998,2822,2655,1395,1525,130
Truck342120,3239,2821,1430,1525,95
Truck341940,3239,1339,1380,1526,146
Truck342194,2656,1338,1450,1526,76
Truck341904,3239,0,1370,1527,157
Truck341985,2655,2821,1395,1527,132
Truck341370,0,2225,1225,1528,303
Truck341568,0,2822,1280,1528,248
Truck341584,2822,0,1280,1528,248
Truck341701,3238,2656,1315,1528,213
Truck342090,0,2437,1425,1528,103
Truck341619,2821,1339,1290,1529,239
Truck342141,2821,3239,1435,1529,94
Truck341351,2998,3238,1215,1530,315
Truck341591,3121,2821,1285,1530,245
Truck341750,2437,2225,1330,1530,200
Truck342092,2437,2656,1425,1530,105
Truck340903,1338,2436,1095,1531,436
Truck341860,2999,3122,1360,1531,171
Truck340639,3238,2436,1020,1532,512
Truck341396,2225,0,1230,1532,302
Truck342044,2225,2999,1410,1532,122
Truck340243,3238,1338,910,1533,623
Truck341001,2436,1338,1120,1533,413
Truck341663,3121,3122,1305,1533,228
Truck342108,0,2437,1430,1533,103
Truck342182,2437,2999,1450,1533,83
Truck342256,2999,3121,1470,1533,63
Truck340399,1338,2822,955,1534,579
Truck341089,3238,2224,1145,1534,389
Truck341093,2224,3238,1145,1534,389
Truck341604,0,3121,1290,1534,244
Truck341638,2822,3122,1295,1534,239
Truck341806,2999,2822,1345,1534,189
Truck342233,2998,2224,1460,1534,74
Truck341637,2821,3122,1295,1535,240
Truck341999,2998,3239,1395,1535,140
Truck342034,2822,1338,1405,1535,130
Truck342237,2655,3331,1465,1535,70
Truck342247,3331,2655,1465,1535,70
Truck341539,3238,2822,1270,1537,267
Truck341849,2224,3331,1355,1537,182
Truck342460,1339,0,1525,1537,12
Truck341873,2998,2437,1360,1538,178
Truck340417,1338,2821,960,1539,579
Truck340476,3122,1338,975,1539,564
Truck340929,2436,2998,1100,1539,439
Truck341622,0,3121,1295,1539,244
Truck341816,2656,0,1345,1539,194
Truck341824,2999,2224,1350,1539,189
Truck342372,3239,2436,1500,1539,39
Truck342496,1339,3122,1535,1539,4
Truck342052,2822,3121,1410,1540,130
Truck342265,3331,2436,1470,1540,70
Truck341838,0,2999,1355,1541,186
Truck342005,3121,2437,1400,1541,141
Truck342128,2437,2224,1435,1541,106
Truck342248,2656,2436,1465,1541,76
Truck342359,2998,2821,1495,1541,46
Truck342492,3122,1339,1535,1541,6
Truck340839,2436,0,1075,1542,467
Truck341887,3331,1339,1365,1542,177
Truck340947,2436,0,1105,1543,438
Truck341891,2998,2436,1365,1543,178
Truck342139,3331,2998,1435,1543,108
Truck342381,2655,3239,1505,1543,38
Truck342392,2656,3239,1505,1543,38
Truck340435,1338,2224,965,1544,579
Truck342263,2224,2998,1470,1544,74
Truck342514,1339,3122,1540,1544,4
Truck341427,2655,2225,1240,1545,305
Truck341645,3121,2655,1300,1545,245
Truck342192,3239,2821,1450,1545,95
Truck342283,3331,2999,1475,1545,70
Truck341903,2224,2656,1370,1546,176
Truck341906,2656,2224,1370,1546,176
Truck342030,3239,2998,1405,1546,141
Truck342147,2655,2437,1440,1546,106
Truck341287,3238,2225,1200,1547,347
Truck341791,3238,3331,1340,1548,208
Truck341909,2998,2437,1370,1548,178
Truck342007,3238,2437,1400,1548,148
Truck342039,2655,3238,1410,1548,138
Truck340453,1338,2224,970,1549,579
Truck341254,1339,2224,1190,1549,359
Truck341682,3122,2822,1310,1549,239
Truck341897,3121,2225,1370,1549,179
Truck341445,2655,2225,1245,1550,305
Truck341450,2225,3331,1245,1550,305
Truck342123,2821,2224,1430,1550,120
Truck341495,2998,0,1255,1551,296
Truck341289,2436,2437,1200,1552,352
Truck340470,0,1338,975,1553,578
Truck340965,2436,3239,1110,1553,443
Truck341460,0,2225,1250,1553,303
Truck342175,3331,2998,1445,1553,108
Truck342093,2655,2822,1425,1554,129
Truck342165,2655,3122,1445,1554,109
Truck342305,2998,2224,1480,1554,74
Truck341273,2224,3122,1195,1555,360
Truck341431,3238,2998,1240,1555,315
Truck341681,3121,2998,1310,1555,245
Truck342319,3331,2655,1485,1555,70
Truck342349,3238,3122,1495,1555,60
Truck342323,2998,2822,1485,1556,71
Truck342510,3122,0,1540,1556,16
Truck342105,2821,2436,1425,1557,132
Truck342322,2822,2224,1485,1557,72
Truck342348,3122,3238,1495,1557,62
Truck342465,2821,2822,1525,1557,32
Truck340992,0,2436,1120,1558,438
Truck341896,2999,3331,1370,1558,188
Truck341920,1339,2656,1375,1558,183
Truck341924,2656,1339,1375,1558,183
Truck341945,2998,2437,1380,1558,178
Truck341486,2225,2655,1255,1559,304
Truck342274,2999,2437,1475,1559,84
Truck340911,2436,2224,1095,1560,465
Truck341858,2437,2225,1360,1560,200
Truck342186,3122,2655,1450,1560,110
Truck342331,3238,0,1490,1560,70
Truck340489,1338,2821,980,1561,581
Truck341286,3122,2224,1200,1561,361
Truck341679,2655,2224,1310,1561,251
Truck341687,2224,2436,1310,1561,251
Truck341752,2999,3238,1330,1561,231
Truck341968,2999,3122,1390,1561,171
Truck342200,2437,3331,1455,1561,106
Truck342320,2656,3121,1485,1561,76
Truck341504,2225,0,1260,1562,302
Truck341718,3122,2821,1320,1562,242
Truck341758,1339,3121,1330,1562,232
Truck340893,2436,0,1090,1563,473
Truck341845,3238,3331,1355,1563,208
Truck341851,3331,3238,1355,1563,208
Truck341963,2998,3121,1385,1563,178
Truck342056,2437,3238,1415,1563,148
Truck342066,3239,3122,1415,1563,148
Truck342211,3331,2998,1455,1563,108
Truck340507,1338,3239,985,1564,579
Truck342341,2998,2224,1490,1564,74
Truck340885,1338,2437,1090,1565,475
Truck341499,2655,2225,1260,1565,305
Truck341773,3238,2999,1335,1565,230
Truck342218,2437,3239,1460,1565,105
Truck341705,2224,2437,1315,1566,251
Truck341932,2999,0,1380,1566,186
Truck341975,2224,2656,1390,1566,176
Truck342338,2656,2999,1490,1566,76
Truck340570,1339,1338,1000,1567,567
Truck341522,2225,0,1265,1567,302
Truck341957,2224,3331,1385,1567,182
Truck341575,3238,3121,1280,1568,288
Truck341974,1339,3331,1390,1568,178
Truck340584,3122,1338,1005,1569,564
Truck341763,2821,1339,1330,1569,239
Truck341764,2822,3122,1330,1569,239
Truck342285,2821,3239,1475,1569,94
Truck341733,2655,3121,1325,1570,245
Truck341894,2437,2225,1370,1570,200
Truck341952,3122,2656,1385,1570,185
Truck342373,3331,2999,1500,1570,70
Truck341776,1339,2822,1335,1571,236
Truck341989,3238,3239,1395,1571,176
Truck342600,3122,1339,1565,1571,6
Truck341540,2225,0,1270,1572,302
Truck341789,3121,1339,1340,1572,232
Truck341994,3239,3238,1395,1572,177
Truck341532,0,2225,1270,1573,303
Truck341949,2655,2999,1385,1573,188
Truck342054,0,3239,1415,1573,158
Truck342129,2655,3238,1435,1573,138
Truck342498,3239,2656,1535,1573,38
Truck341237,2224,3238,1185,1574,389
Truck342010,1339,2999,1400,1574,174
Truck341918,2225,2437,1375,1575,200
Truck341928,0,2656,1380,1575,195
Truck342178,2822,1338,1445,1575,130
Truck342363,2655,2656,1500,1575,75
Truck340543,1338,2998,995,1576,581
Truck341019,2436,2224,1125,1576,451
Truck341741,2224,1338,1325,1576,251
Truck341753,3121,2998,1330,1576,246
Truck342138,3239,2998,1435,1576,141
Truck342374,2656,1338,1500,1576,76
Truck342625,3331,2656,1570,1576,6
Truck341088,3122,2436,1145,1578,433
Truck341905,3331,3238,1370,1578,208
Truck341996,2656,1339,1395,1578,183
Truck340620,3122,1338,1015,1579,564
Truck341964,0,3331,1390,1579,189
Truck342219,2655,0,1460,1579,119
Truck342516,3239,3121,1540,1579,39
Truck340561,1338,3239,1000,1580,580
Truck341691,2821,3238,1310,1580,270
Truck341769,2655,3121,1335,1580,245
Truck341799,2821,3122,1340,1580,240
Truck341827,3238,2999,1350,1580,230
Truck342409,3331,2655,1510,1580,70
Truck340941,2655,2436,1105,1581,476
Truck341639,2998,3122,1295,1581,286
Truck342413,2998,2822,1510,1581,71
Truck341127,2436,3122,1155,1582,427
Truck341771,3121,2655,1335,1582,247
Truck342195,2821,3121,1450,1582,132
Truck342464,2656,2821,1525,1582,57
Truck342553,3331,3239,1550,1582,32
Truck341710,2822,3238,1315,1583,268
Truck342169,3238,2655,1445,1583,138
Truck342280,1339,2655,1475,1583,108
Truck341091,2436,2656,1145,1584,439
Truck341269,3238,2224,1195,1584,389
Truck341576,2225,2998,1280,1584,304
Truck342534,3239,2655,1545,1584,39
Truck340579,1338,2998,1005,1585,580
Truck341948,2437,2225,1385,1585,200
Truck342214,2822,2225,1455,1585,130
Truck342245,2224,2821,1465,1585,120
Truck342290,2437,3239,1480,1585,105
Truck342427,3331,2655,1515,1585,70
Truck341106,3122,2436,1150,1586,436
Truck341632,1339,2225,1295,1586,291
Truck341777,2224,2437,1335,1586,251
Truck342213,2821,1338,1455,1587,132
Truck341941,3331,3238,1380,1588,208
Truck342004,2999,2998,1400,1588,188
Truck342053,2998,2436,1410,1588,178
Truck340597,1338,2224,1010,1589,579
Truck341594,2225,3331,1285,1589,304
Truck341836,2822,3122,1350,1589,239
Truck341399,2224,3122,1230,1590,360
Truck341719,3238,2821,1320,1590,270
Truck341807,3121,3239,1345,1590,245
Truck341835,2821,3122,1350,1590,240
Truck342197,2998,3239,1450,1590,140
Truck342232,2822,2436,1460,1590,130
Truck342308,2437,2822,1485,1590,105
Truck342354,3239,2821,1495,1590,95
Truck342445,3331,2655,1520,1590,70
Truck342428,2656,3121,1515,1591,76
Truck342432,0,3238,1520,1591,71
Truck342449,2998,2822,1520,1591,71
Truck342630,0,3122,1575,1591,16
Truck341073,2436,2821,1140,1592,452
Truck341664,3122,2998,1305,1592,287
Truck342589,3331,3239,1560,1592,32
Truck341160,3122,2436,1165,1593,428
Truck342050,2656,1339,1410,1593,183
Truck340615,1338,2821,1015,1594,579
Truck342018,0,3331,1405,1594,189
Truck342570,3239,2437,1555,1594,39
Truck342250,2822,2436,1465,1595,130
Truck342463,3331,2655,1525,1595,70
Truck341657,2998,0,1300,1596,296
Truck342446,2656,2655,1520,1596,76
Truck341884,1339,3121,1365,1597,232
Truck342249,2821,2437,1465,1597,132
Truck342501,2821,3331,1535,1597,62
Truck340983,2436,3238,1115,1598,483
Truck342579,2655,3239,1560,1598,38
Truck342606,3239,3331,1565,1598,33
Truck340633,1338,2821,1020,1599,579
Truck341862,3122,2822,1360,1599,239
Truck342467,2998,2224,1525,1599,74
Truck342588,3239,3121,1560,1599,39
Truck341630,2225,2224,1295,1600,305
Truck341866,1339,2821,1360,1600,240
Truck342268,2822,1338,1470,1600,130
Truck342481,3331,3121,1530,1600,70
Truck341191,1338,2436,1175,1601,426
Truck341430,3122,2224,1240,1601,361
Truck341675,2998,0,1305,1601,296
Truck341823,2655,2224,1350,1601,251
Truck341843,3121,2656,1355,1601,246
Truck342672,3122,0,1585,1601,16
Truck342708,3122,1339,1595,1601,6
Truck342484,2822,2224,1530,1602,72
Truck342536,2656,2821,1545,1602,57
Truck342537,2821,2656,1545,1602,57
Truck342684,0,1339,1590,1602,12
Truck341699,3121,3238,1315,1603,288
Truck342205,3238,2437,1455,1603,148
Truck341154,0,2436,1165,1604,439
Truck341889,2821,1339,1365,1604,239
Truck341917,3238,2999,1375,1605,230
Truck342026,2225,2437,1405,1605,200
Truck341109,2436,2655,1150,1606,456
Truck341861,3121,2821,1360,1606,246
Truck342115,3238,3239,1430,1606,176
Truck342482,2656,2999,1530,1606,76
Truck341503,3238,2225,1260,1607,347
Truck341879,3121,0,1365,1608,243
Truck342075,2655,2999,1420,1608,188
Truck342125,2998,2437,1430,1608,178
Truck342180,0,3239,1450,1608,158
Truck342646,2822,2821,1575,1608,33
Truck342076,2999,3239,1420,1609,189
Truck342327,2655,0,1490,1609,119
Truck342380,2437,2224,1505,1610,105
Truck342426,3239,2821,1515,1610,95
Truck342517,3331,2225,1540,1610,70
Truck340669,1338,2822,1030,1611,581
Truck341661,2655,2225,1305,1611,306
Truck341867,2224,2999,1360,1611,251
Truck342148,2999,3122,1440,1611,171
Truck342254,2437,3121,1470,1611,141
Truck342261,2436,2225,1470,1611,141
Truck342521,2998,2822,1540,1611,71
Truck342609,2821,2998,1565,1611,46
Truck342751,3331,2656,1605,1611,6
Truck341055,2436,3331,1135,1612,477
Truck341338,2999,1338,1215,1612,397
Truck341736,3122,2998,1325,1612,287
Truck342150,3122,2999,1440,1612,172
Truck342303,2821,3121,1480,1612,132
Truck342444,3239,2822,1520,1612,92
Truck342025,3238,3331,1405,1613,208
Truck342236,2437,3238,1465,1613,148
Truck342642,3239,2656,1575,1613,38
Truck342664,2822,2821,1580,1613,33
Truck342094,2999,3239,1425,1614,189
Truck342447,2821,3239,1520,1614,94
Truck342571,3331,2822,1555,1614,59
Truck342357,2821,2224,1495,1615,120
Truck342398,2437,2656,1510,1615,105
Truck342535,3331,1338,1545,1615,70
Truck341792,2225,1338,1340,1617,277
Truck342278,2225,2436,1475,1617,142
Truck342321,2821,2436,1485,1617,132
Truck342462,3239,2822,1525,1617,92
Truck341915,3121,0,1375,1618,243
Truck342112,2999,2822,1430,1618,188
Truck342258,3122,3239,1470,1618,148
Truck342291,2655,3238,1480,1618,138
Truck342470,2437,3122,1530,1618,88
Truck342488,2437,2999,1535,1618,83
Truck342682,2822,2821,1585,1618,33
Truck341943,2821,1339,1380,1619,239
Truck342660,3239,2225,1580,1619,39
Truck340705,1338,2998,1040,1620,580
Truck341702,2225,2224,1315,1620,305
Truck342416,2437,2224,1515,1621,106
Truck342417,2655,2437,1515,1621,106
Truck341934,3122,2821,1380,1622,242
Truck342157,3331,2224,1440,1622,182
Truck342556,2822,2224,1550,1622,72
Truck342067,3331,3238,1415,1623,208
Truck342179,2998,2655,1445,1623,178
Truck341720,2225,2821,1320,1624,304
Truck342130,2999,2821,1435,1624,189
Truck340723,1338,2822,1045,1625,580
Truck342378,0,2655,1505,1625,120
Truck342434,2437,3331,1520,1625,105
Truck341921,2224,2436,1375,1626,251
Truck342202,2999,3122,1455,1626,171
Truck342298,1339,3239,1480,1626,146
Truck342665,2998,2821,1580,1626,46
Truck341181,2436,2822,1170,1627,457
Truck341199,2436,2224,1175,1627,452
Truck341828,2225,1338,1350,1627,277
Truck342345,2655,2821,1495,1627,132
Truck342715,3331,3239,1595,1627,32
Truck342183,2655,2998,1450,1628,178
Truck342718,2822,2821,1595,1628,33
Truck342696,3239,2225,1590,1629,39
Truck341738,2225,2822,1325,1630,305
Truck341863,3238,2821,1360,1630,270
Truck341951,3121,3331,1385,1630,245
Truck342168,3122,2656,1445,1630,185
Truck340795,1338,1339,1065,1631,566
Truck341992,1339,2822,1395,1631,236
Truck342209,2224,2656,1455,1631,176
Truck342326,2437,3121,1490,1631,141
Truck342572,2656,2655,1555,1631,76
Truck342576,0,3238,1560,1631,71
Truck341970,3122,2821,1390,1632,242
Truck342400,2999,2225,1510,1632,122
Truck342452,2437,2656,1525,1632,107
Truck341577,2436,2437,1280,1633,353
Truck341890,2822,3238,1365,1633,268
Truck341969,3121,0,1390,1633,243
Truck342166,2999,2998,1445,1633,188
Truck342190,1339,2656,1450,1633,183
Truck342215,2998,2655,1455,1633,178
Truck340759,1338,2821,1055,1634,579
Truck341560,1339,2224,1275,1634,359
Truck342203,3121,2225,1455,1634,179
Truck342453,2655,3122,1525,1634,109
Truck342238,2999,3122,1465,1636,171
Truck342347,3121,2437,1495,1636,141
Truck342590,2656,2437,1560,1636,76
Truck342841,3331,2656,1630,1636,6
Truck341612,2225,3238,1290,1637,347
Truck341864,2225,1338,1360,1637,277
Truck342393,2821,2436,1505,1637,132
Truck342184,2999,2655,1450,1638,188
Truck342500,2656,2998,1535,1638,103
Truck341914,2999,2436,1375,1639,264
Truck342176,2656,0,1445,1639,194
Truck341217,2436,0,1180,1640,460
Truck342043,3238,2999,1410,1640,230
Truck342412,2822,2225,1510,1640,130
Truck341774,2225,2655,1335,1641,306
Truck342241,3238,3239,1465,1641,176
Truck342860,2656,3331,1635,1641,6
Truck341446,2999,1338,1245,1642,397
Truck342227,2224,3331,1460,1642,182
Truck342411,2821,2655,1510,1642,132
Truck342828,0,1339,1630,1642,12
Truck341308,1339,2436,1205,1643,438
Truck342201,2655,2999,1455,1643,188
Truck342503,2998,3331,1535,1643,108
Truck342772,2822,2821,1610,1643,33
Truck342060,3122,3121,1415,1644,229
Truck342333,2436,2225,1490,1645,155
Truck342395,2998,3239,1505,1645,140
Truck342430,2822,2225,1515,1645,130
Truck342461,2224,2821,1525,1645,120
Truck342506,2437,3331,1540,1645,105
Truck342643,3331,3121,1575,1645,70
Truck341848,1339,2225,1355,1646,291
Truck341993,2224,2437,1395,1646,251
Truck342266,2656,2224,1470,1646,176
Truck342626,2656,2655,1570,1646,76
Truck341235,2436,3331,1185,1647,462
Truck342000,0,2822,1400,1648,248
Truck342255,2655,2998,1470,1648,178
Truck342269,2998,2225,1470,1648,178
Truck342324,0,3239,1490,1648,158
Truck342524,2437,0,1545,1648,103
Truck342770,2656,3239,1610,1648,38
Truck340813,1338,3331,1070,1649,579
Truck341337,2655,2436,1215,1649,434
Truck341810,2225,2998,1345,1649,304
Truck342216,0,3331,1460,1649,189
Truck342220,2999,3239,1460,1649,189
Truck342435,2655,2822,1520,1649,129
Truck342768,3239,3121,1610,1649,39
Truck342021,2655,3121,1405,1650,245
Truck342448,2822,3121,1520,1650,130
Truck342661,3331,2437,1580,1650,70
Truck342011,2224,3121,1400,1651,251
Truck342023,3121,2656,1405,1651,246
Truck341271,2436,3122,1195,1652,457
Truck341880,3122,2998,1365,1652,287
Truck341882,2225,3122,1365,1652,287
Truck342042,3122,2821,1410,1652,242
Truck342294,3122,2999,1480,1652,172
Truck341703,2436,2437,1315,1653,338
Truck342151,3238,2656,1440,1653,213
Truck342155,2224,3239,1440,1653,213
Truck342287,2998,3121,1475,1653,178
Truck342554,2656,2998,1550,1653,103
Truck342777,2655,3239,1615,1653,38
Truck342591,2821,3239,1560,1654,94
Truck342709,3238,1339,1595,1654,59
Truck342466,2822,2655,1525,1655,130
Truck342486,0,2655,1535,1655,120
Truck342679,3331,2437,1585,1655,70
Truck340831,1338,3331,1075,1656,581
Truck342029,2224,2225,1405,1656,251
Truck342041,3121,3331,1410,1656,246
Truck342408,3239,1339,1510,1656,146
Truck342419,3121,2437,1515,1656,141
Truck342914,2656,3331,1650,1656,6
Truck341683,3238,2225,1310,1657,347
Truck341856,0,2998,1360,1657,297
Truck342088,2822,1339,1420,1657,237
Truck342892,1339,0,1645,1657,12
Truck341899,3238,3121,1370,1658,288
Truck342558,0,2437,1555,1658,103
Truck342614,2437,3122,1570,1658,88
Truck340908,3122,1338,1095,1659,564
Truck342087,2821,1339,1420,1659,239
Truck342284,2656,3122,1475,1659,184
Truck340849,1338,2821,1080,1660,580
Truck341846,2225,2998,1355,1660,305
Truck342504,0,2655,1540,1660,120
Truck342546,3122,2655,1550,1660,110
Truck342691,3238,0,1590,1660,70
Truck342754,2822,2656,1605,1660,55
Truck342059,3121,3239,1415,1661,246
Truck342560,2437,2822,1555,1661,106
Truck340867,1338,0,1085,1662,577
Truck342483,2821,2436,1530,1662,132
Truck342622,1339,2437,1570,1662,92
Truck342561,2655,1339,1555,1663,108
Truck342824,2656,3239,1625,1663,38
Truck342822,3239,2436,1625,1664,39
Truck342242,2225,2437,1465,1665,200
Truck342578,2437,2822,1560,1665,105
Truck342698,2656,2436,1590,1666,76
Truck342942,3122,1339,1660,1666,6
Truck342336,3239,3238,1490,1667,177
Truck342861,2821,2822,1635,1667,32
Truck341686,1339,2224,1310,1669,359
Truck342292,2999,2224,1480,1669,189
Truck341640,0,2224,1300,1670,370
Truck342520,2822,3121,1540,1670,130
Truck342763,3238,3122,1610,1670,60
Truck342790,2822,2656,1615,1670,55
Truck342083,2224,2437,1420,1671,251
Truck342095,3121,2998,1425,1671,246
Truck342136,1339,2822,1435,1671,236
Truck342356,2656,2224,1495,1671,176
Truck342918,0,3122,1655,1671,16
Truck342924,3122,0,1655,1671,16
Truck342771,2821,3331,1610,1672,62
Truck341804,2437,2436,1345,1673,328
Truck341953,3238,3121,1385,1673,288
Truck342414,0,3239,1515,1673,158
Truck342493,3238,2655,1535,1673,138
Truck340962,3122,1338,1110,1674,564
Truck341900,2225,2821,1370,1674,304
Truck342310,2999,3239,1485,1674,189
Truck342858,3239,2655,1635,1674,39
Truck342272,2437,2225,1475,1675,200
Truck342364,2999,1339,1500,1675,175
Truck342538,2822,1338,1545,1675,130
Truck342745,3238,0,1605,1675,70
Truck342001,1338,2225,1400,1676,276
Truck342101,2224,2436,1425,1676,251
Truck342113,3121,2655,1430,1676,246
Truck342480,3239,1339,1530,1676,146
Truck342936,0,3122,1660,1676,16
Truck341307,2436,2224,1205,1677,472
Truck341325,2436,2998,1210,1677,467
Truck341756,2225,3238,1330,1677,347
Truck342355,3331,2224,1495,1677,182
Truck342124,2822,0,1430,1678,248
Truck342337,3331,0,1490,1678,188
Truck342475,3238,2437,1530,1678,148
Truck342615,2655,1339,1570,1678,108
Truck340921,1338,2656,1100,1679,579
Truck341722,1339,2224,1320,1679,359
Truck342160,2822,3122,1440,1679,239
Truck342543,2655,2822,1550,1679,129
Truck341343,2436,2656,1215,1680,465
Truck342769,3331,2225,1610,1680,70
Truck341361,2436,2656,1220,1681,461
Truck342119,2224,2999,1430,1681,251
Truck342632,2437,2224,1575,1681,106
Truck342996,3122,1339,1675,1681,6
Truck341946,0,2998,1385,1682,297
Truck342371,2224,3331,1500,1682,182
Truck342555,2821,2655,1550,1682,132
Truck342913,3331,3239,1650,1682,32
Truck341987,3121,3238,1395,1683,288
Truck342529,3238,2655,1545,1683,138
Truck342662,2656,2998,1580,1683,103
Truck342264,3239,2224,1470,1684,214
Truck342817,3238,1339,1625,1684,59
Truck342823,3331,2822,1625,1684,59
Truck342894,3239,1338,1645,1684,39
Truck341936,2225,2821,1380,1685,305
Truck342574,2822,2436,1555,1685,130
Truck340939,1338,2821,1105,1686,581
Truck341981,2998,0,1390,1686,296
Truck342137,2224,2655,1435,1686,251
Truck342650,2437,2998,1580,1686,106
Truck342826,2822,3331,1625,1686,61
Truck341825,3121,2436,1350,1687,337
Truck342149,3121,2821,1440,1687,247
Truck342022,2999,2436,1405,1688,283
Truck342301,3331,3238,1480,1688,208
Truck340957,1338,2655,1110,1689,579
Truck341647,3238,2224,1300,1689,389
Truck341651,2224,3238,1300,1689,389
Truck342196,2822,3122,1450,1689,239
Truck342651,2655,3122,1580,1689,109
Truck342835,3238,1339,1630,1689,59
Truck342912,3239,1338,1650,1689,39
Truck341335,1338,2437,1215,1690,475
Truck341712,0,2224,1320,1690,370
Truck341759,2224,3122,1330,1690,360
Truck342167,3121,2224,1445,1690,245
Truck342332,2225,2437,1490,1690,200
Truck342592,2822,2225,1560,1690,130
Truck342623,2224,2821,1570,1690,120
Truck342208,1339,2822,1455,1691,236
Truck342532,1339,3239,1545,1691,146
Truck342788,2656,3121,1615,1691,76
Truck342844,2822,3331,1630,1691,61
Truck342407,2224,3331,1510,1692,182
Truck342951,2821,2822,1660,1692,32
Truck341469,2436,2822,1250,1693,443
Truck341541,2436,1338,1270,1693,423
Truck342024,3122,2225,1405,1693,288
Truck342299,2224,3239,1480,1693,213
Truck342431,2998,2437,1515,1693,178
Truck342676,1339,2655,1585,1693,108
Truck342240,3122,3121,1465,1694,229
Truck342300,3239,2224,1480,1694,214
Truck342382,2999,3331,1505,1694,189
Truck342669,2655,3122,1585,1694,109
Truck342853,3238,1339,1635,1694,59
Truck342930,3239,2999,1655,1694,39
Truck341379,2436,2822,1225,1695,470
Truck341451,2436,2998,1245,1695,450
Truck342046,1339,2998,1410,1695,285
Truck342360,0,2656,1500,1695,195
Truck342436,2999,1339,1520,1695,175
Truck342575,2998,3239,1555,1695,140
Truck342610,2822,2437,1565,1695,130
Truck342686,2437,2821,1590,1695,105
Truck340975,1338,3239,1115,1696,581
Truck341972,2225,2224,1390,1696,306
Truck341038,1339,1338,1130,1697,567
Truck342185,3121,3331,1450,1697,247
Truck342750,3239,2822,1605,1697,92
Truck340993,1338,2822,1120,1699,579
Truck342778,2999,2437,1615,1699,84
Truck343072,1339,3122,1695,1699,4
Truck341415,2436,2822,1235,1700,465
Truck341768,2437,2436,1335,1700,365
Truck341990,2225,3239,1395,1700,305
Truck342593,2998,3239,1560,1700,140
Truck342628,2822,2655,1570,1700,130
Truck341790,3122,2224,1340,1701,361
Truck342704,2437,2998,1595,1701,106
Truck343076,2656,3331,1695,1701,6
Truck341659,1338,2999,1305,1702,397
Truck342870,3122,3238,1640,1702,62
Truck342877,3331,2821,1640,1702,62
Truck341010,0,1338,1125,1703,578
Truck341613,2436,1338,1290,1703,413
Truck341813,2224,1339,1345,1703,358
Truck342522,0,3239,1545,1703,158
Truck342564,3122,3239,1555,1703,148
Truck342008,2225,2821,1400,1704,304
Truck342418,2999,2656,1515,1704,189
Truck342478,1339,2999,1530,1704,174
Truck341011,1338,2656,1125,1705,580
Truck341389,1338,2437,1230,1705,475
Truck342082,1339,2998,1420,1705,285
Truck342221,3121,2656,1460,1705,245
Truck342859,3331,2437,1635,1705,70
Truck342889,3238,3122,1645,1705,60
Truck341065,1338,1339,1140,1706,566
Truck341808,3122,2224,1345,1706,361
Truck341847,2436,2437,1355,1706,351
Truck342198,0,2821,1455,1706,251
Truck342596,2437,3121,1565,1706,141
Truck343086,3122,1339,1700,1706,6
Truck342633,2655,2821,1575,1707,132
Truck342645,2821,2655,1575,1707,132
Truck342722,2437,2998,1600,1707,107
Truck342862,2822,2998,1635,1707,72
Truck343003,3331,3239,1675,1707,32
Truck341883,2436,3121,1365,1708,343
Truck342079,3238,3121,1420,1708,288
Truck342485,2998,2436,1530,1708,178
Truck342583,3238,2437,1560,1708,148
Truck342794,2437,3122,1620,1708,88
Truck341831,2224,3122,1350,1710,360
Truck342231,2821,0,1460,1710,250
Truck342239,3121,2821,1465,1710,245
Truck342267,2821,3122,1470,1710,240
Truck342740,2437,2224,1605,1710,105
Truck342867,2655,3331,1640,1710,70
Truck342096,3122,2998,1425,1712,287
Truck342134,2225,1338,1435,1712,277
Truck342663,2821,2225,1580,1712,132
Truck342808,2822,3239,1620,1712,92
Truck343090,1339,0,1700,1712,12
Truck342234,0,2822,1465,1713,248
Truck342391,3331,3238,1505,1713,208
Truck342489,2655,2998,1535,1713,178
Truck343020,3239,3331,1680,1713,33
Truck342454,2999,2822,1525,1714,189
Truck342491,3121,2225,1535,1714,179
Truck342925,3238,1339,1655,1714,59
Truck343002,3239,2436,1675,1714,39
Truck342017,2998,3238,1400,1715,315
Truck342118,1339,2998,1430,1715,285
Truck341047,1338,3331,1135,1716,581
Truck341505,2436,3331,1260,1716,456
Truck342758,2437,2655,1610,1716,106
Truck341716,2999,1338,1320,1717,397
Truck342304,2822,1339,1480,1717,237
Truck342681,2821,2655,1585,1717,132
Truck341628,3122,2436,1295,1718,423
Truck342252,0,2822,1470,1718,248
Truck343011,2655,3239,1680,1718,38
Truck343022,2656,3239,1680,1718,38
Truck343038,3239,3331,1685,1718,33
Truck341433,2436,3238,1240,1719,479
Truck342390,3239,2224,1505,1719,214
Truck342472,2999,2998,1530,1719,189
Truck342275,3121,2656,1475,1720,245
Truck342062,2225,3331,1415,1721,306
Truck342107,2998,0,1425,1721,296
Truck342674,2225,2436,1585,1721,136
Truck342896,2656,2437,1645,1721,76
Truck342699,2821,2436,1590,1722,132
Truck342776,2437,2224,1615,1722,107
Truck341973,2436,2437,1390,1723,333
Truck342072,0,2225,1420,1723,303
Truck342131,3121,3238,1435,1723,288
Truck342403,3238,2656,1510,1723,213
Truck342410,2656,3238,1510,1723,213
Truck342490,2999,3331,1535,1723,188
Truck342539,2998,2225,1545,1723,178
Truck342636,3122,3239,1575,1723,148
Truck342787,3331,2998,1615,1723,108
Truck341083,1338,2998,1145,1725,580
Truck341523,2436,2656,1265,1725,460
Truck341865,2436,2437,1360,1725,365
Truck342293,3121,2224,1480,1725,245
Truck342931,3331,2225,1655,1725,70
Truck341667,2436,1339,1305,1726,421
Truck342270,0,2821,1475,1726,251
Truck342281,2224,2999,1475,1726,251
Truck342562,2999,3122,1555,1726,171
Truck343122,3122,0,1710,1726,16
Truck342533,2224,3331,1545,1727,182
Truck342624,3239,0,1570,1727,157
Truck342717,2821,1338,1595,1727,132
Truck342934,2822,2224,1655,1727,72
Truck342967,3331,2821,1665,1727,62
Truck343134,0,1339,1715,1727,12
Truck341100,0,1338,1150,1728,578
Truck341101,1338,2998,1150,1729,579
Truck342330,3122,2822,1490,1729,239
Truck342548,2225,3121,1550,1729,179
Truck342929,2224,2822,1655,1729,74
Truck342339,2821,3122,1490,1730,240
Truck342812,2437,3331,1625,1730,105
Truck342939,2655,3331,1660,1730,70
Truck342949,3331,3121,1660,1730,70
Truck342098,2225,3239,1425,1731,306
Truck342352,1339,2822,1495,1731,236
Truck342311,3121,2998,1485,1732,247
Truck342723,2655,2821,1600,1732,132
Truck341173,1338,3122,1170,1733,563
Truck342568,1339,3331,1555,1733,178
Truck342678,3239,3122,1585,1733,148
Truck343092,3239,3331,1700,1733,33
Truck341119,1338,3331,1155,1734,579
Truck341885,2224,0,1365,1734,369
Truck342518,2656,0,1540,1734,194
Truck342904,2999,2437,1650,1734,84
Truck343074,3239,2655,1695,1734,39
Truck341497,1338,2437,1260,1735,475
Truck342089,2998,3238,1420,1735,315
Truck342116,2225,2998,1430,1735,305
Truck342217,1338,2225,1460,1736,276
Truck342317,2224,2225,1485,1736,251
Truck342329,3121,3331,1490,1736,246
Truck342540,0,2999,1550,1736,186
Truck343201,3331,2656,1730,1736,6
Truck341788,2999,1338,1340,1737,397
Truck341971,3238,2225,1390,1737,347
Truck342753,2821,3121,1605,1737,132
Truck342690,3122,3239,1590,1738,148
Truck341137,1338,2998,1160,1739,579
Truck342376,2822,3122,1500,1739,239
Truck342544,2999,3239,1550,1739,189
Truck343015,3238,1339,1680,1739,59
Truck342077,3121,2436,1420,1740,320
Truck342097,3238,2998,1425,1740,315
Truck342375,2821,3122,1500,1740,240
Truck342985,3331,1338,1670,1740,70
Truck343042,2822,2656,1685,1740,55
Truck341516,2437,1338,1265,1741,476
Truck342335,2224,1338,1490,1741,251
Truck342712,1339,3239,1595,1741,146
Truck342848,2437,2998,1635,1741,106
Truck342152,2225,0,1440,1742,302
Truck342394,2822,1339,1505,1742,237
Truck342406,1339,3121,1510,1742,232
Truck342618,3122,2999,1570,1742,172
Truck342902,2437,1339,1650,1742,92
Truck342988,2822,2224,1670,1742,72
Truck343021,3331,2821,1680,1742,62
Truck341595,2436,2998,1285,1743,458
Truck342365,3121,0,1500,1743,243
Truck342499,3331,3238,1535,1743,208
Truck342611,2998,2655,1565,1743,178
Truck342714,3239,3122,1595,1743,148
Truck343110,3239,2437,1705,1744,39
Truck341155,1338,2821,1165,1745,580
Truck342975,2655,2656,1670,1745,75
Truck342353,2224,2999,1495,1746,251
Truck342866,2437,2821,1640,1746,106
Truck342986,2656,3121,1670,1746,76
Truck342260,2225,1338,1470,1747,277
Truck341631,2436,3122,1295,1748,453
Truck342726,3122,3239,1600,1748,148
Truck342732,3239,3122,1600,1748,148
Truck343130,2656,3239,1710,1748,38
Truck342580,2999,2998,1560,1749,189
Truck341551,1338,2437,1275,1750,475
Truck342634,2999,1339,1575,1750,175
Truck342884,2437,2656,1645,1750,105
Truck341227,1338,1339,1185,1751,566
Truck341559,2436,2822,1275,1751,476
Truck342597,2655,2999,1565,1752,187
Truck342807,2821,2999,1620,1752,132
Truck343059,2821,3331,1690,1752,62
Truck341029,1338,3238,1130,1753,623
Truck341035,3238,1338,1130,1753,623
Truck342511,3238,2656,1540,1753,213
Truck342607,3331,0,1565,1753,188
Truck342647,2998,2437,1575,1753,178
Truck342899,2998,3331,1645,1753,108
Truck341721,2436,3239,1320,1754,434
Truck342598,2999,2224,1565,1754,189
Truck342976,2999,2437,1670,1754,84
Truck343019,2224,2998,1680,1754,74
Truck343146,3239,2437,1715,1754,39
Truck342188,2225,2998,1450,1755,305
Truck342313,3238,2821,1485,1755,270
Truck342948,3239,2821,1660,1755,95
Truck343039,3331,2655,1685,1755,70
Truck342389,2224,3121,1505,1756,251
Truck342659,2224,2656,1580,1756,176
Truck341793,2436,3122,1340,1757,417
Truck342296,2225,1338,1480,1757,277
Truck342825,2821,2999,1625,1757,132
Truck341487,2436,3238,1255,1758,503
Truck342340,2822,3238,1490,1758,268
Truck342644,2656,1339,1575,1758,183
Truck342920,2437,0,1655,1758,103
Truck341209,1338,3239,1180,1759,579
Truck341268,3122,1338,1195,1759,564
Truck342081,2436,3121,1420,1759,339
Truck342474,3122,3121,1530,1759,229
Truck342616,2999,3331,1570,1759,189
Truck342653,3121,2225,1580,1759,179
Truck342656,2225,3121,1580,1759,179
Truck343043,2998,2224,1685,1759,74
Truck343112,2656,2822,1705,1759,54
Truck343164,3239,2437,1720,1759,39
Truck341685,2436,2655,1310,1760,450
Truck342206,2225,2656,1455,1760,305
Truck342262,1339,2225,1470,1761,291
Truck342680,2656,2224,1585,1761,176
Truck342786,3239,1339,1615,1761,146
Truck343040,2656,2655,1685,1761,76
Truck343291,3331,2656,1755,1761,6
Truck341878,2999,1338,1365,1762,397
Truck342314,2225,1338,1485,1762,277
Truck342921,2655,2437,1655,1762,107
Truck343095,2821,3331,1700,1762,62
Truck341071,3238,1338,1140,1763,623
Truck341226,0,1338,1185,1763,578
Truck342346,2999,2436,1495,1763,268
Truck342358,2822,3238,1495,1763,268
Truck342552,3239,2224,1550,1764,214
Truck343055,2224,2998,1690,1764,74
Truck342224,2225,3331,1460,1765,305
Truck343075,3331,2436,1695,1765,70
Truck342425,2224,2437,1515,1766,251
Truck342437,3121,3239,1520,1766,246
Truck342695,2224,2656,1590,1766,176
Truck342804,3239,1339,1620,1766,146
Truck343058,2656,1338,1690,1766,76
Truck341757,2436,2655,1330,1767,437
Truck341893,1338,2999,1370,1767,397
Truck342080,2225,3238,1420,1767,347
Truck342886,2999,2225,1645,1767,122
Truck342938,2437,3239,1660,1767,107
Truck342701,2998,2999,1590,1768,178
Truck342831,2655,3238,1630,1768,138
Truck341245,1338,2822,1190,1769,579
Truck341304,3122,1338,1205,1769,564
Truck341704,1339,2436,1315,1769,454
Truck341935,3238,2224,1380,1769,389
Truck342652,2999,2656,1580,1769,189
Truck342689,3121,2225,1590,1769,179
Truck342903,2655,0,1650,1769,119
Truck343200,3239,2436,1730,1769,39
Truck342316,1339,2998,1485,1770,285
Truck342455,3121,3331,1525,1770,245
Truck343087,3238,0,1700,1770,70
Truck343093,3331,1338,1700,1770,70
Truck343123,3238,3122,1710,1770,60
Truck341625,2655,2436,1295,1771,476
Truck342443,2224,2437,1520,1771,251
Truck342508,2999,3238,1540,1771,231
Truck342840,3239,2998,1630,1771,141
Truck342956,2437,2224,1665,1771,106
Truck342065,2224,1339,1415,1773,358
Truck342164,2437,2436,1445,1773,328
Truck342694,1339,2656,1590,1773,183
Truck341263,1338,2822,1195,1774,579
Truck341649,2436,2655,1300,1774,474
Truck341713,1338,3121,1320,1774,454
Truck342064,1339,2224,1415,1774,359
Truck342528,3122,3121,1545,1774,229
Truck342223,3238,2998,1460,1775,315
Truck343105,3238,0,1705,1775,70
Truck341772,3122,2436,1335,1776,441
Truck341839,1338,2436,1355,1776,421
Truck342361,1338,2225,1500,1776,276
Truck343094,2656,2655,1700,1776,76
Truck342733,3331,1339,1600,1777,177
Truck342974,2437,2656,1670,1777,107
Truck342608,2656,3238,1565,1778,213
Truck342687,2655,2999,1590,1778,188
Truck342737,2998,1338,1600,1778,178
Truck343004,2656,2998,1675,1778,103
Truck341735,3121,1338,1325,1779,454
Truck342688,2999,2656,1590,1779,189
Truck342728,2225,3121,1600,1779,179
Truck342748,1339,2999,1605,1779,174
Truck343050,3122,2437,1690,1779,89
Truck342251,2998,3238,1465,1780,315
Truck342916,2822,3121,1650,1780,130
Truck341281,1338,3239,1200,1781,581
Truck341660,2437,1338,1305,1781,476
Truck342468,0,2821,1530,1781,251
Truck342479,2224,3121,1530,1781,251
Truck343116,0,3238,1710,1781,71
Truck343133,2998,2822,1710,1781,71
Truck341811,2436,3331,1345,1782,437
Truck342386,2225,1338,1505,1782,277
Truck342915,2821,2225,1650,1782,132
Truck343132,2822,2998,1710,1782,72
Truck343157,3121,2999,1720,1782,62
Truck341143,3238,1338,1160,1783,623
Truck342705,2655,2999,1595,1783,188
Truck342702,0,3331,1595,1784,189
Truck342706,2999,2822,1595,1784,189
Truck342746,2225,3121,1605,1784,179
Truck343084,2999,2437,1700,1784,84
Truck343254,3239,2999,1745,1784,39
Truck341299,1338,2656,1205,1785,580
Truck342370,1339,2998,1500,1785,285
Truck342429,2821,3238,1515,1785,270
Truck342507,2655,3121,1540,1785,245
Truck342969,2821,2224,1665,1785,120
Truck343147,3331,3121,1715,1785,70
Truck343177,3238,3122,1725,1785,60
Truck341353,1338,1339,1220,1786,566
Truck341802,0,2436,1345,1786,441
Truck342497,2224,2999,1535,1786,251
Truck342767,2224,2656,1610,1786,176
Truck342887,3121,2437,1645,1786,141
Truck343010,2437,2656,1680,1786,106
Truck342933,2821,3121,1655,1787,132
Truck342366,3122,2225,1500,1788,288
Truck342766,1339,3331,1610,1788,178
Truck342773,2998,1338,1610,1788,178
Truck343082,2437,3122,1700,1788,88
Truck342716,2656,0,1595,1789,194
Truck342724,2999,2822,1600,1789,189
Truck343272,3239,2437,1750,1789,39
Truck341317,1338,2656,1210,1790,580
Truck342744,3122,2656,1605,1790,185
Truck342952,2822,2999,1660,1790,130
Truck343029,2655,2437,1685,1790,105
Truck341902,1339,2436,1370,1791,421
Truck342515,2224,2655,1540,1791,251
Truck343028,2437,2822,1685,1791,106
Truck343148,2656,2437,1715,1791,76
Truck341739,2436,3239,1325,1792,467
Truck341986,2999,1338,1395,1792,397
Truck342170,2225,3238,1445,1792,347
Truck342384,3122,2998,1505,1792,287
Truck342527,3121,3331,1545,1792,247
Truck341179,3238,1338,1170,1793,623
Truck342385,3238,3121,1505,1793,288
Truck342784,1339,3331,1615,1793,178
Truck342791,2998,2655,1615,1793,178
Truck343044,0,2437,1690,1793,103
Truck343290,3239,2656,1755,1793,38
Truck342573,2821,1339,1555,1794,239
Truck342734,2656,0,1600,1794,194
Truck342742,2999,2656,1605,1794,189
Truck342970,2822,2225,1665,1795,130
Truck342377,2998,0,1500,1796,296
Truck343166,2656,2225,1720,1796,76
Truck342599,3121,1339,1565,1797,232
Truck342604,1339,3121,1565,1797,232
Truck342401,3121,3238,1510,1798,288
Truck342402,3122,2225,1510,1798,288
Truck342617,3121,3122,1570,1798,228
Truck342697,3331,3238,1590,1798,208
Truck342805,3331,3122,1620,1798,178
Truck342752,2656,0,1605,1799,194
Truck342756,0,3331,1610,1799,189
Truck342760,2999,2656,1610,1799,189
Truck342820,1339,2999,1625,1799,174
Truck343047,2655,3122,1690,1799,109
Truck343308,3239,2999,1760,1799,39
Truck342350,2225,2655,1495,1800,305
Truck342619,3238,2999,1570,1800,230
Truck343023,2821,2224,1680,1800,120
Truck342803,2224,3331,1620,1802,182
Truck341215,3238,1338,1180,1803,623
Truck342173,2224,1339,1445,1803,358
Truck342502,2822,3238,1535,1803,268
Truck342581,3121,0,1560,1803,243
Truck341916,3122,2436,1375,1804,429
Truck342172,1339,2224,1445,1804,359
Truck342368,2225,2655,1500,1804,304
Truck342806,2656,3122,1620,1804,184
Truck343131,2821,3239,1710,1804,94
Truck343199,2224,2822,1730,1804,74
Truck343006,2822,2437,1675,1805,130
Truck343026,0,2655,1685,1805,120
Truck343037,2224,2821,1685,1805,120
Truck343041,2821,2224,1685,1805,120
Truck342569,2224,1338,1555,1806,251
Truck343258,2822,3331,1745,1806,61
Truck341434,1339,1338,1240,1807,567
Truck342640,1339,3121,1575,1807,232
Truck343005,2821,3121,1675,1807,132
Truck343222,2822,2998,1735,1807,72
Truck343365,2821,2822,1775,1807,32
Truck341233,3238,1338,1185,1808,623
Truck342438,3122,2225,1520,1808,288
Truck342439,3238,3121,1520,1808,288
Truck342795,2655,2999,1620,1808,188
Truck341820,0,2436,1350,1809,459
Truck342627,2821,1339,1570,1809,239
Truck342796,2999,3331,1620,1809,189
Truck343083,2655,3122,1700,1809,109
Truck343223,2998,2224,1735,1809,74
Truck341775,2436,2822,1335,1810,475
Truck342519,2821,3238,1540,1810,270
Truck342816,3122,2656,1625,1810,185
Truck342834,3122,3331,1630,1810,180
Truck343024,2822,2225,1680,1810,130
Truck342442,1339,2225,1520,1811,291
Truck342857,2224,2656,1635,1811,176
Truck341407,1338,0,1235,1812,577
Truck341901,2436,2822,1370,1812,442
Truck342456,3122,2998,1525,1812,287
Truck342926,2225,2436,1655,1812,157
Truck343293,2821,2656,1755,1812,57
Truck341937,2436,1338,1380,1813,433
Truck342671,3121,3122,1585,1813,228
Truck342813,2655,2999,1625,1813,188
Truck342842,2656,1339,1630,1813,183
Truck342863,2998,1338,1635,1813,178
Truck342960,3122,3239,1665,1813,148
Truck341919,2436,0,1375,1814,439
Truck342404,2225,2822,1510,1814,304
Truck342814,2999,2224,1625,1814,189
Truck342162,0,2224,1445,1815,370
Truck343118,2437,2821,1710,1815,105
Truck343249,3238,0,1745,1815,70
Truck341955,2436,3122,1385,1816,431
Truck342399,2655,2225,1510,1816,306
Truck342670,2999,3238,1585,1816,231
Truck342875,2224,2656,1640,1816,176
Truck342992,2437,3121,1675,1816,141
Truck343242,0,3238,1745,1816,71
Truck343440,0,3122,1800,1816,16
Truck341470,1339,1338,1250,1817,567
Truck342422,2225,0,1515,1817,302
Truck342881,2998,3121,1640,1818,178
Truck343129,3331,2998,1710,1818,108
Truck343382,2656,3239,1780,1818,38
Truck343402,2822,2821,1785,1818,33
Truck341875,1338,3121,1365,1819,454
Truck342832,2999,2822,1630,1819,189
Truck342869,3121,2225,1640,1819,179
Truck343253,2224,2998,1745,1819,74
Truck343380,3239,2655,1780,1819,39
Truck341425,1338,2822,1240,1820,580
Truck342658,1339,2821,1580,1820,240
Truck342800,2225,2437,1620,1820,200
Truck343182,3239,2821,1725,1820,95
Truck343312,2822,3331,1760,1821,61
Truck342277,3238,2225,1475,1822,347
Truck342440,2225,0,1520,1822,302
Truck342450,0,2998,1525,1822,297
Truck342654,3122,2821,1580,1822,242
Truck342966,3239,0,1665,1822,157
Truck342874,1339,2656,1640,1823,183
Truck343398,3239,2656,1785,1823,38
Truck342846,0,3331,1635,1824,189
Truck342850,2999,3331,1635,1824,189
Truck342878,2656,3122,1640,1824,184
Truck341443,1338,2821,1245,1825,580
Truck343140,3122,2655,1715,1825,110
Truck343154,2437,2224,1720,1825,105
Truck341956,1339,2436,1385,1826,441
Truck342641,2224,2655,1575,1826,251
Truck342911,2224,2656,1650,1826,176
Truck343274,2656,2437,1750,1826,76
Truck341461,1338,0,1250,1827,577
Truck342295,3238,2225,1480,1827,347
Truck342893,2224,3331,1645,1827,182
Truck343435,3331,3239,1795,1827,32
Truck343437,2821,2822,1795,1827,32
Truck342917,2998,2436,1650,1828,178
Truck342666,0,3121,1585,1829,244
Truck342868,2999,2821,1640,1829,189
Truck342908,2225,3121,1650,1829,179
Truck343230,3122,2437,1740,1829,89
Truck343540,1339,3122,1825,1829,4
Truck343299,2655,3331,1760,1830,70
Truck342458,2225,2822,1525,1831,306
Truck342512,2225,1339,1540,1831,291
Truck343036,1339,3239,1685,1831,146
Truck343403,2998,2821,1785,1831,46
Truck343172,2437,2821,1725,1832,107
Truck341478,0,1338,1255,1833,578
Truck342799,3238,2656,1620,1833,213
Truck342935,2998,2655,1655,1833,178
Truck343033,3238,2437,1685,1833,148
Truck341479,1338,3331,1255,1834,579
Truck341933,3121,1338,1380,1834,454
Truck341988,3122,2436,1395,1834,439
Truck342882,0,3331,1645,1834,189
Truck342923,3121,2225,1655,1834,179
Truck343137,2655,0,1715,1834,119
Truck343248,3122,2437,1745,1834,89
Truck343357,3238,1339,1775,1834,59
Truck342476,2225,3239,1530,1835,305
Truck342557,2998,1339,1550,1835,285
Truck342854,2225,2437,1635,1835,200
Truck342906,3122,2656,1650,1835,185
Truck343114,2822,2655,1705,1835,130
Truck343317,2655,3331,1765,1835,70
Truck342530,2225,1339,1545,1836,291
Truck342577,1338,2225,1560,1836,276
Truck342677,2224,2655,1585,1836,251
Truck343064,2437,3121,1695,1836,141
Truck343419,2821,2998,1790,1836,46
Truck342145,1338,2999,1440,1837,397
Truck342700,2822,0,1590,1838,248
Truck342932,2656,1339,1655,1838,183
Truck342946,1339,3331,1660,1838,178
Truck341947,1338,3121,1385,1839,454
Truck342191,2224,3238,1450,1839,389
Truck342736,2822,3122,1600,1839,239
Truck342762,3122,3121,1610,1839,229
Truck342494,2225,3239,1535,1840,305
Truck343097,2998,3239,1700,1840,140
Truck343208,2437,3331,1735,1840,105
Truck341876,2437,1338,1365,1841,476
Truck342045,2436,3122,1410,1842,432
Truck342978,3122,2999,1670,1842,172
Truck342563,3121,3238,1555,1843,288
Truck342957,2655,2998,1665,1843,178
Truck342971,2998,2999,1665,1843,178
Truck343238,2656,2998,1740,1843,103
Truck343492,2822,2821,1810,1843,33
Truck342950,2656,3122,1660,1844,184
Truck341515,1338,2822,1265,1845,580
Truck342637,3238,2821,1575,1845,270
Truck342725,3121,2224,1600,1845,245
Truck343226,2437,2998,1740,1845,105
Truck343363,3331,2437,1775,1845,70
Truck342713,2224,1338,1595,1846,251
Truck342620,2225,1338,1570,1847,277
Truck342984,3239,3238,1670,1847,177
Truck341371,1338,3238,1225,1848,623
Truck341377,3238,1338,1225,1848,623
Truck343241,2998,3331,1740,1848,108
Truck343244,2437,0,1745,1848,103
Truck343479,2655,3239,1810,1848,38
Truck342738,0,3121,1605,1849,244
Truck342940,2999,2998,1660,1849,189
Truck342977,3121,2225,1670,1849,179
Truck343302,3122,2437,1760,1849,89
Truck343361,2224,2998,1775,1849,74
Truck342525,2655,2225,1545,1850,305
Truck342735,2821,0,1600,1850,250
Truck342994,2999,1339,1675,1850,175
Truck343168,2822,2655,1720,1850,130
Truck343381,3331,2655,1780,1850,70
Truck343438,2822,2656,1795,1850,55
Truck342631,1338,2225,1575,1851,276
Truck342731,2224,2655,1600,1851,251
Truck342741,2655,3121,1605,1851,246
Truck342743,3121,2655,1605,1851,246
Truck343108,1339,3239,1705,1851,146
Truck343245,2655,2437,1745,1851,106
Truck343167,2821,3121,1720,1852,132
Truck343192,2999,2225,1730,1852,122
Truck341550,0,1338,1275,1853,578
Truck341991,2436,2224,1395,1853,458
Truck342473,3121,2436,1530,1853,323
Truck342895,3331,3238,1645,1853,208
Truck343007,2998,3121,1675,1853,178
Truck343255,3331,2998,1745,1853,108
Truck343506,3239,2656,1815,1853,38
Truck343524,3239,3331,1820,1853,33
Truck341610,3122,1338,1290,1854,564
Truck342876,3239,2224,1640,1854,214
Truck342958,2999,3331,1665,1854,189
Truck342998,2225,3121,1675,1854,179
Truck343336,2999,2437,1770,1854,84
Truck343379,2224,2822,1780,1854,74
Truck342759,2655,3121,1610,1855,245
Truck342789,2821,3122,1615,1855,240
Truck343399,3331,2436,1785,1855,70
Truck342629,2998,3122,1570,1856,286
Truck342749,2224,2437,1605,1856,251
Truck343126,1339,3239,1710,1856,146
Truck343143,2436,2225,1715,1856,141
Truck342566,2225,0,1555,1857,302
Truck342815,3121,1339,1625,1857,232
Truck343262,2437,2998,1750,1857,107
Truck343000,1339,2656,1675,1858,183
Truck343025,2998,1338,1680,1858,178
Truck343128,3239,3122,1710,1858,148
Truck343277,2998,3331,1750,1858,108
Truck341569,1338,2822,1280,1859,579
Truck342009,2436,2998,1400,1859,459
Truck342972,0,3331,1670,1859,189
Truck343191,2655,2822,1730,1859,129
Truck343263,2655,3122,1750,1859,109
Truck343030,2999,1339,1685,1860,175
Truck342990,0,2999,1675,1861,186
Truck343400,2656,2225,1785,1861,76
Truck342594,0,2998,1565,1862,297
Truck342779,3121,2656,1615,1862,247
Truck342838,1339,3121,1630,1862,232
Truck343203,2821,2437,1730,1862,132
Truck343620,0,1339,1850,1862,12
Truck342635,3121,3238,1575,1863,288
Truck342907,3238,2656,1650,1863,213
Truck343136,2437,3238,1715,1863,148
Truck342109,1338,2436,1430,1864,434
Truck343031,3121,2225,1685,1864,179
Truck343034,2225,3121,1685,1864,179
Truck343054,1339,2999,1690,1864,174
Truck341587,1338,2822,1285,1865,580
Truck342342,0,2224,1495,1865,370
Truck342362,2437,2436,1500,1865,365
Truck342584,2225,2821,1560,1865,305
Truck343298,2437,2655,1760,1865,105
Truck342099,2436,2656,1425,1866,441
Truck342785,2224,2437,1615,1866,251
Truck343051,3238,3239,1690,1866,176
Truck343418,2656,2437,1790,1866,76
Truck342027,2436,2224,1405,1867,462
Truck342797,3121,2224,1620,1867,247
Truck343056,3239,3238,1690,1867,177
Truck343209,2655,2821,1735,1867,132
Truck343221,2821,2436,1735,1867,132
Truck343250,2225,2999,1745,1867,122
Truck343362,3239,2822,1775,1867,92
Truck343648,1339,0,1855,1867,12
Truck343012,2999,2655,1680,1868,188
Truck343061,2998,2436,1690,1868,178
Truck341605,1338,2822,1290,1869,579
Truck343008,0,3331,1680,1869,189
Truck343560,3239,2999,1830,1869,39
Truck342100,1339,2436,1425,1870,445
Truck342565,3238,2998,1555,1870,315
Truck342602,2225,2998,1565,1870,305
Truck342683,2998,1339,1585,1870,285
Truck343240,2822,2225,1740,1870,130
Truck343180,1339,3239,1725,1871,146
Truck343316,2437,3331,1765,1871,106
Truck343547,2998,2821,1825,1871,46
Truck341668,1339,1338,1305,1872,567
Truck343239,2821,3121,1740,1872,132
Truck342603,2436,3121,1565,1873,308
Truck342612,0,2225,1570,1873,303
Truck343346,2656,2998,1770,1873,103
Truck343580,2656,3239,1835,1873,38
Truck342424,1339,2224,1515,1874,359
Truck342856,1339,2821,1635,1875,240
Truck343334,2437,2655,1770,1875,105
Truck343471,3331,3121,1805,1875,70
Truck343501,3238,3122,1815,1875,60
Truck341623,1338,2656,1295,1876,581
Truck342420,3122,2224,1515,1876,361
Truck342833,3121,2224,1630,1876,246
Truck343211,3121,2437,1735,1876,141
Truck343454,2656,3121,1800,1876,76
Truck343656,0,3122,1860,1876,16
Truck341641,1338,0,1300,1877,577
Truck342153,2436,2224,1440,1877,437
Truck342692,2225,3122,1590,1877,287
Truck342729,2436,2999,1600,1877,277
Truck343073,2224,3331,1695,1877,182
Truck343282,2999,2225,1755,1877,122
Truck342542,2437,2436,1550,1878,328
Truck342968,2656,3238,1665,1878,213
Truck343057,3331,0,1690,1878,188
Truck342880,2822,3122,1640,1879,239
Truck343085,3121,2225,1700,1879,179
Truck343410,3122,2437,1790,1879,89
Truck343596,3239,1338,1840,1879,39
Truck341643,2655,1338,1300,1880,580
Truck342396,0,2224,1510,1880,370
Truck342509,3121,2436,1540,1880,340
Truck342601,3238,2998,1565,1880,315
Truck342719,2998,1339,1595,1880,285
Truck342843,2821,0,1630,1880,250
Truck342879,2821,3122,1640,1880,240
Truck343016,2225,2437,1680,1880,200
Truck343276,2822,2437,1750,1880,130
Truck342839,2224,1338,1630,1881,251
Truck343062,0,2999,1695,1881,186
Truck343109,2224,2656,1705,1881,176
Truck343472,2656,2655,1805,1881,76
Truck342905,3121,1339,1650,1882,232
Truck343111,3331,1339,1705,1882,177
Truck343275,2821,2437,1750,1882,132
Truck343352,2437,2655,1775,1882,107
Truck343420,2822,3239,1790,1882,92
Truck343635,2821,2822,1850,1882,32
Truck343101,2655,2998,1705,1883,178
Truck343115,2998,1338,1705,1883,178
Truck343212,3122,3239,1735,1883,148
Truck343360,1339,2655,1775,1883,108
Truck342864,0,3121,1640,1884,244
Truck343066,2999,3239,1695,1884,189
Truck343281,2655,2822,1755,1884,129
Truck343353,2655,3122,1775,1884,109
Truck343537,3238,1339,1825,1884,59
Truck343614,3239,2436,1845,1884,39
Truck343161,2436,2225,1720,1885,165
Truck343564,2822,2656,1830,1885,55
Truck343734,3122,1339,1880,1886,6
Truck342328,2999,1338,1490,1887,397
Truck342888,3122,2821,1645,1887,242
Truck343370,2437,2655,1780,1887,107
Truck343543,3331,2821,1825,1887,62
Truck341521,3238,1338,1265,1888,623
Truck342585,2436,3121,1560,1888,328
Truck343378,1339,2655,1780,1888,108
Truck343632,3239,2655,1850,1889,39
Truck343525,3331,2999,1820,1890,70
Truck342063,2436,2821,1415,1891,476
Truck342755,2998,3122,1605,1891,286
Truck342928,1339,2822,1655,1891,236
Truck343098,0,2999,1705,1891,186
Truck343388,2437,2224,1785,1891,106
Truck343508,2656,3121,1815,1891,76
Truck343716,3122,0,1875,1891,16
Truck342941,3121,1339,1660,1892,232
Truck341533,1338,3238,1270,1893,623
Truck342126,0,2436,1435,1893,458
Truck343151,2998,2225,1715,1893,178
Truck343460,2437,3122,1805,1893,88
Truck342117,2436,2224,1430,1894,464
Truck343139,3121,2225,1715,1894,179
Truck343142,2225,3121,1715,1894,179
Truck343523,2224,2998,1820,1894,74
Truck342897,2821,0,1645,1895,250
Truck343102,2999,3331,1705,1895,190
Truck343156,2999,1339,1720,1895,175
Truck343330,2822,2437,1765,1895,130
Truck343392,3122,2655,1785,1895,110
Truck343406,2437,3331,1790,1895,105
Truck343452,3239,2821,1800,1895,95
Truck343515,2655,2656,1820,1895,75
Truck342885,2655,2224,1645,1896,251
Truck343270,1339,3239,1750,1896,146
Truck343526,2656,3121,1820,1896,76
Truck343329,2821,2225,1765,1897,132
Truck343470,3239,2822,1805,1897,92
Truck343546,2822,2998,1825,1897,72
Truck343599,2821,2656,1840,1897,57
Truck343746,0,1339,1885,1897,12
Truck341557,3238,1338,1275,1898,623
Truck342135,2436,2821,1435,1898,463
Truck342900,0,2822,1650,1898,248
Truck343144,1339,2656,1715,1898,183
Truck343165,3331,3122,1720,1898,178
Truck343169,2998,2655,1720,1898,178
Truck343498,2999,2437,1815,1899,84
Truck342144,0,2436,1440,1900,460
Truck342710,2225,3331,1595,1900,305
Truck343158,3122,3331,1720,1900,180
Truck343348,2822,2436,1770,1900,130
Truck343424,2437,2822,1795,1900,105
Truck343561,3331,1338,1830,1900,70
Truck343544,2656,2225,1825,1901,76
Truck342207,2436,1339,1455,1902,447
Truck342782,2225,3122,1615,1902,287
Truck343347,2821,2655,1770,1902,132
Truck343478,2437,1339,1810,1902,92
Truck341730,0,1338,1325,1903,578
Truck341785,1338,3122,1340,1903,563
Truck342720,0,2225,1600,1903,303
Truck342780,3122,2225,1615,1903,288
Truck343069,3238,3331,1695,1903,208
Truck343162,1339,2656,1720,1903,183
Truck343183,3331,3122,1725,1903,178
Truck341731,1338,2998,1325,1905,580
Truck343366,2822,2655,1775,1905,130
Truck343579,3331,2999,1835,1905,70
Truck342226,1339,2436,1460,1906,446
Truck342982,1339,2822,1670,1906,236
Truck343319,3121,2437,1765,1906,141
Truck343562,2656,2437,1830,1906,76
Truck343806,3122,1339,1900,1906,6
Truck341749,1338,0,1330,1907,577
Truck342171,2436,0,1445,1907,462
Truck343181,2224,3331,1725,1907,182
Truck343155,2655,2999,1720,1908,188
Truck342987,2821,1339,1670,1909,239
Truck343216,1339,2999,1735,1909,174
Truck342551,2224,3122,1550,1910,360
Truck342827,2998,1339,1625,1910,285
Truck343124,2225,2437,1710,1910,200
Truck343597,3331,2225,1840,1910,70
Truck342947,2224,3121,1660,1911,251
Truck342959,3121,2224,1665,1911,246
Truck342818,2225,3122,1625,1912,287
Truck343383,2821,2437,1780,1912,132
Truck343408,2999,2225,1790,1912,122
Truck342898,2822,3238,1645,1913,268
Truck342954,0,2822,1665,1913,248
Truck343173,2655,2999,1725,1913,188
Truck343174,2999,3331,1725,1913,188
Truck343476,0,2437,1810,1913,103
Truck341767,1338,2822,1335,1914,579
Truck342764,2225,3331,1610,1914,304
Truck343601,2998,2224,1840,1914,74
Truck343722,3239,1338,1875,1914,39
Truck342297,2436,2821,1480,1915,435
Truck342845,2998,1339,1630,1915,285
Truck343367,2998,3239,1775,1915,140
Truck343433,2224,2821,1795,1915,120
Truck342965,2224,2999,1665,1916,251
Truck343219,3331,2224,1735,1917,182
Truck343401,2821,2436,1785,1917,132
Truck343644,3122,3238,1855,1917,62
Truck341784,0,1338,1340,1918,578
Truck342587,2224,1339,1560,1918,358
Truck343220,2656,1339,1735,1918,183
Truck343344,3239,3122,1770,1918,148
Truck341844,3122,1338,1355,1919,564
Truck342225,2436,1339,1460,1919,459
Truck342235,1338,3121,1465,1919,454
Truck342586,1339,2224,1560,1919,359
Truck343570,2999,2437,1835,1919,84
Truck343740,3239,2999,1880,1919,39
Truck342189,2436,0,1450,1920,470
Truck342995,3121,2656,1675,1920,245
Truck343170,0,2656,1725,1920,195
Truck343633,3331,2655,1850,1920,70
Truck342983,2224,1338,1670,1921,251
Truck343264,2999,3122,1750,1921,171
Truck343496,2437,2821,1815,1921,106
Truck343725,2821,2998,1875,1921,46
Truck343860,3122,1339,1915,1921,6
Truck342451,1338,2999,1525,1922,397
Truck342638,2225,3238,1575,1922,347
Truck343407,2655,2821,1790,1922,132
Truck343777,3331,3239,1890,1922,32
Truck343013,3121,0,1680,1923,243
Truck343067,3121,3122,1695,1923,228
Truck343259,2998,3121,1745,1923,178
Truck343660,2999,3121,1860,1923,63
Truck342257,3121,1338,1470,1924,454
Truck343461,2655,0,1805,1924,119
Truck342605,2224,3122,1565,1925,360
Truck343210,2999,2821,1735,1925,190
Truck343623,2655,2656,1850,1925,75
Truck343001,2224,2436,1675,1926,251
Truck343634,2656,2437,1850,1926,76
Truck343745,2998,2821,1880,1926,46
Truck342922,2999,2436,1655,1927,272
Truck343425,2655,2821,1795,1927,132
Truck343576,1339,2437,1835,1927,92
Truck343679,3121,2999,1865,1927,62
Truck343256,2656,1339,1745,1928,183
Truck343332,0,3239,1770,1928,158
Truck341821,1338,2656,1350,1929,579
Truck343724,2656,2822,1875,1929,54
Truck342943,3238,2821,1660,1930,270
Truck343228,2999,2821,1740,1930,190
Truck343456,2822,2225,1800,1930,130
Truck343532,2437,2655,1825,1930,105
Truck343669,3331,2436,1860,1930,70
Truck343726,2822,2656,1875,1930,55
Truck342334,1339,2436,1490,1931,441
Truck342872,2225,1339,1640,1931,291
Truck342919,1338,2225,1655,1931,276
Truck343300,2999,3122,1760,1931,171
Truck343416,3239,2998,1790,1931,141
Truck343652,2656,2436,1855,1931,76
Truck343455,2821,1338,1800,1932,132
Truck341677,1338,3238,1310,1933,623
Truck343288,1339,3331,1755,1933,178
Truck342836,2225,2822,1630,1934,304
Truck342809,2998,3238,1620,1935,315
Truck343077,2821,3122,1695,1935,240
Truck343474,2822,2437,1805,1935,130
Truck343681,3238,0,1865,1935,70
Truck343687,3331,3121,1865,1935,70
Truck343049,3121,2822,1690,1936,246
Truck343310,2656,2224,1760,1936,176
Truck343550,2437,2655,1830,1936,106
Truck343670,2656,2999,1860,1936,76
Truck342315,2436,0,1485,1937,452
Truck343473,2821,1338,1805,1937,132
Truck341695,1338,3238,1315,1938,623
Truck342279,2436,2655,1475,1938,463
Truck343060,2822,0,1690,1938,248
Truck343184,2656,3238,1725,1938,213
Truck343309,3331,3122,1760,1938,178
Truck342547,3238,2224,1550,1939,389
Truck343096,2822,3122,1700,1939,239
Truck343812,3239,1338,1900,1939,39
Truck342979,3238,2821,1670,1940,270
Truck343554,3122,2655,1830,1940,110
Truck343705,3331,3121,1870,1940,70
Truck342369,2436,2655,1500,1941,441
Truck342668,2437,2436,1585,1941,356
Truck343035,2436,2999,1685,1941,256
Truck343328,2656,2224,1765,1941,176
Truck343432,1339,3239,1795,1941,146
Truck343797,2821,2998,1895,1941,46
Truck342526,2999,1338,1545,1942,397
Truck342997,3238,2822,1675,1942,267
Truck343326,3239,3238,1765,1942,177
Truck343491,2821,2999,1810,1942,132
Truck342243,2436,3238,1465,1943,478
Truck342309,2655,2436,1485,1943,458
Truck342851,3121,2436,1635,1943,308
Truck343202,2656,3238,1730,1943,213
Truck343324,1339,3331,1765,1943,178
Truck343331,2998,2655,1765,1943,178
Truck343598,2656,2998,1840,1943,103
Truck343104,3122,2822,1705,1944,239
Truck343113,2821,1339,1705,1944,239
Truck342953,2998,1339,1660,1945,285
Truck343510,2822,2999,1815,1945,130
Truck343572,3122,2655,1835,1945,110
Truck343586,2437,2821,1840,1945,105
Truck343717,3238,0,1875,1945,70
Truck343723,3331,2437,1875,1945,70
Truck343138,2999,3238,1715,1946,231
Truck343587,2655,2437,1840,1946,106
Truck343706,2656,2437,1870,1946,76
Truck343817,2998,2821,1900,1946,46
Truck343534,2999,2225,1825,1947,122
Truck343752,3122,3238,1885,1947,62
Truck343237,3331,3238,1740,1948,208
Truck343342,1339,3331,1770,1948,178
Truck343349,2998,2437,1770,1948,178
Truck343442,2437,3238,1800,1948,148
Truck342890,2225,3331,1645,1949,304
Truck343218,3239,2224,1735,1949,214
Truck343292,2656,0,1755,1949,194
Truck343653,2821,3239,1855,1949,94
Truck343774,1339,3238,1890,1949,59
Truck343848,3239,3121,1910,1949,39
Truck343268,2225,2437,1750,1950,200
Truck343320,3122,2656,1765,1950,185
Truck343493,2998,3239,1810,1950,140
Truck343528,2822,2225,1820,1950,130
Truck343650,3239,2821,1855,1950,95
Truck341895,2655,1338,1370,1951,581
Truck343091,2224,1338,1700,1951,251
Truck343468,1339,3239,1805,1951,146
Truck343604,2437,2656,1845,1951,106
Truck343668,3239,2822,1860,1952,92
Truck343672,2822,3239,1860,1952,92
Truck341910,0,1338,1375,1953,578
Truck342423,2436,2655,1515,1953,438
Truck343327,3331,0,1765,1953,188
Truck343605,2655,1339,1845,1953,108
Truck343866,3239,2656,1915,1953,38
Truck342351,2436,2655,1495,1954,459
Truck343236,3239,2224,1740,1954,214
Truck343318,2999,2655,1765,1954,189
Truck341913,2655,1338,1375,1955,580
Truck343121,3121,2656,1710,1955,245
Truck343338,3122,2656,1770,1955,185
Truck343566,0,2655,1835,1955,120
Truck341911,1338,2656,1375,1956,581
Truck343119,2655,3121,1710,1956,246
Truck343375,3238,3239,1780,1956,176
Truck343742,2656,2436,1880,1956,76
Truck343993,3331,2656,1950,1956,6
Truck343545,2821,2437,1825,1957,132
Truck343787,3121,2999,1895,1957,62
Truck342495,2436,3122,1535,1958,423
Truck343193,3121,3122,1730,1958,228
Truck343273,3331,3238,1750,1958,208
Truck343385,2998,1338,1780,1958,178
Truck342306,0,2436,1485,1959,474
Truck342383,3121,1338,1505,1959,454
Truck342405,2436,2655,1510,1959,449
Truck342730,1339,2224,1600,1959,359
Truck343364,2656,3122,1775,1959,184
Truck343813,3331,2822,1900,1959,59
Truck343884,3239,2437,1920,1959,39
Truck341929,1338,2224,1380,1960,580
Truck343390,2999,1339,1785,1960,175
Truck343834,2822,2656,1905,1960,55
Truck343127,2224,2436,1710,1961,251
Truck343504,1339,3239,1815,1961,146
Truck343563,2821,3121,1830,1962,132
Truck343048,2999,2436,1690,1963,273
Truck343078,2822,3238,1695,1963,268
Truck343902,3239,2656,1925,1963,38
Truck343904,2656,3239,1925,1963,38
Truck342387,2436,1339,1505,1964,459
Truck342944,2225,2998,1660,1964,304
Truck343152,0,3121,1720,1964,244
Truck343176,3122,2822,1725,1964,239
Truck343186,2822,3122,1725,1964,239
Truck343707,2821,3239,1870,1964,94
Truck342783,2436,3121,1615,1965,350
Truck343018,1339,2998,1680,1965,285
Truck343149,2821,0,1715,1965,250
Truck343795,3331,2436,1895,1965,70
Truck343852,2822,2656,1910,1965,55
Truck343145,2224,2655,1715,1966,251
Truck343415,2224,2656,1790,1966,176
Truck343887,2821,2998,1920,1966,46
Truck343014,3122,2998,1680,1967,287
Truck343581,2821,2999,1835,1967,132
Truck343658,2437,2656,1860,1967,107
Truck341803,1338,3238,1345,1968,623
Truck343175,3121,0,1725,1968,243
Truck343417,3331,3122,1790,1968,178
Truck341965,1338,2998,1390,1969,579
Truck342962,2225,2822,1665,1969,304
Truck343659,2655,3122,1860,1969,109
Truck343920,3239,2436,1930,1969,39
Truck343350,0,2656,1775,1970,195
Truck343372,2999,2998,1780,1970,190
Truck343538,2225,2436,1825,1970,145
Truck343785,2655,2656,1895,1970,75
Truck342344,2437,1338,1495,1971,476
Truck343163,2224,2999,1720,1971,251
Truck342028,1339,1338,1405,1972,567
Truck342980,2225,0,1670,1972,302
Truck343032,3122,2998,1685,1972,287
Truck343229,3121,1339,1740,1972,232
Truck342459,2436,2998,1525,1973,448
Truck343414,1339,2656,1790,1973,183
Truck343677,2655,3122,1865,1974,109
Truck343864,1339,3238,1915,1974,59
Truck343618,2822,3121,1845,1975,130
Truck343831,3331,2225,1905,1975,70
Truck341983,1338,2656,1395,1976,581
Truck343246,2999,3238,1745,1976,231
Truck343578,3239,2998,1835,1976,141
Truck343814,2656,2655,1900,1976,76
Truck343179,2436,2999,1725,1977,252
Truck343464,3122,2999,1805,1977,172
Truck343617,2821,2225,1845,1977,132
Truck342441,2436,2224,1520,1978,458
Truck343188,0,2822,1730,1978,248
Truck343204,2822,0,1730,1978,248
Truck343345,3331,3238,1770,1978,208
Truck343457,2998,2437,1800,1978,178
Truck343784,2437,2999,1895,1978,83
Truck343978,2822,2821,1945,1978,33
Truck343266,3122,3121,1750,1979,229
Truck343786,2999,2437,1895,1979,84
Truck344080,1339,3122,1975,1979,4
Truck343079,2998,1339,1695,1980,285
Truck343234,1339,2821,1740,1980,240
Truck343636,2822,2655,1850,1980,130
Truck343712,2437,3331,1875,1980,105
Truck343849,3331,2655,1910,1980,70
Truck342798,3122,2224,1620,1981,361
Truck343252,1339,2822,1745,1981,236
Truck343780,2822,3239,1890,1982,92
Truck341857,1338,3238,1360,1983,623
Truck342549,2436,0,1550,1983,433
Truck342821,2224,1339,1625,1983,358
Truck343150,2822,3238,1715,1983,268
Truck343426,2999,2655,1795,1983,188
Truck343713,2655,1339,1875,1983,108
Truck343728,0,2437,1880,1983,103
Truck343976,2656,3239,1945,1983,38
Truck342078,3122,1338,1420,1984,564
Truck342989,2998,3238,1670,1985,315
Truck343257,2821,3122,1745,1985,240
Truck343446,3122,2656,1800,1985,185
Truck343674,0,2655,1865,1985,120
Truck343730,2437,2656,1880,1985,105
Truck343206,0,2821,1735,1986,251
Truck343850,2656,2437,1910,1986,76
Truck344102,2656,3331,1980,1986,6
Truck342871,3238,2225,1640,1987,347
Truck343641,2655,2821,1855,1987,132
Truck343922,2656,2821,1930,1987,57
Truck343820,2437,2999,1905,1988,83
Truck343484,2225,3121,1810,1989,179
Truck343915,3238,1339,1930,1989,59
Truck343992,3239,2437,1950,1989,39
Truck342792,0,2224,1620,1990,370
Truck343247,3121,2656,1745,1990,245
Truck343748,2437,3331,1885,1990,105
Truck343885,3331,2225,1920,1990,70
Truck342037,1338,2821,1410,1991,581
Truck343135,1338,2225,1715,1991,276
Truck343227,2655,2224,1740,1991,251
Truck343516,2999,3122,1820,1991,171
Truck343749,2655,2437,1885,1991,106
Truck343868,2656,2225,1915,1991,76
Truck343979,2998,2821,1945,1991,46
Truck344112,3122,1339,1985,1991,6
Truck342055,1338,0,1415,1992,577
Truck343106,2225,3122,1705,1992,287
Truck343294,2822,1339,1755,1992,237
Truck343306,1339,3121,1760,1992,232
Truck343489,3331,2224,1810,1992,182
Truck343671,2821,2437,1860,1992,132
Truck343816,2822,3239,1900,1992,92
Truck343940,2656,2821,1935,1992,57
Truck343103,3121,3238,1705,1993,288
Truck343462,2999,2224,1805,1993,188
Truck343490,2656,1339,1810,1993,183
Truck343511,2998,2225,1815,1993,178
Truck343608,3122,3239,1845,1993,148
Truck343645,3238,2655,1855,1993,138
Truck343778,2656,2998,1890,1993,103
Truck344012,2656,3239,1955,1993,38
Truck344032,2822,2821,1960,1993,33
Truck343052,2225,2655,1690,1994,304
Truck343260,0,3121,1750,1994,244
Truck344010,3239,3121,1955,1994,39
Truck342477,2436,2655,1530,1995,465
Truck342810,0,2224,1625,1995,370
Truck343185,2821,3238,1725,1995,270
Truck343430,2225,2437,1795,1995,200
Truck343690,2822,2437,1865,1995,130
Truck343903,3331,2436,1925,1995,70
Truck343766,2437,2822,1890,1996,106
Truck343886,2656,2436,1920,1996,76
Truck343265,3121,3331,1750,1997,247
Truck343689,2821,2999,1865,1997,132
Truck343767,2655,2437,1890,1997,107
Truck343830,3239,2822,1905,1997,92
Truck342513,2436,2821,1540,1998,458
Truck343799,2998,2656,1895,1998,103
Truck344050,2822,2821,1965,1998,33
Truck343070,2225,3331,1695,1999,304
Truck343520,2225,3121,1820,1999,179
Truck343695,2655,2822,1870,1999,129
Truck343907,2998,2224,1925,1999,74
Truck344152,1339,3122,1995,1999,4
Truck343311,2821,3122,1760,2000,240
Truck343708,2822,1338,1870,2000,130
Truck343921,3331,2437,1930,2000,70
Truck342073,1338,2656,1420,2001,581
Truck343271,2224,2437,1750,2001,251
Truck343494,0,2999,1815,2001,186
Truck343541,2224,2656,1825,2001,176
Truck343960,2822,3331,1940,2001,61
Truck343337,3121,1339,1770,2002,232
Truck343542,3239,3238,1825,2002,177
Truck343924,2822,2998,1930,2002,72
Truck343080,0,2225,1700,2003,303
Truck343141,3238,3121,1715,2003,288
Truck343355,3121,3122,1775,2003,228
Truck343507,3331,0,1815,2003,188
Truck343640,2437,3238,1855,2003,148
Truck342545,3121,1338,1550,2004,454
Truck342927,2436,3121,1655,2004,349
Truck343088,2225,2224,1700,2004,304
Truck343296,0,3121,1760,2004,244
Truck343851,2821,3239,1910,2004,94
Truck344046,3239,2225,1965,2004,39
Truck342091,1338,2821,1425,2005,580
Truck343301,3121,3331,1760,2005,245
Truck343552,2999,1339,1830,2005,175
Truck343559,2224,2656,1830,2006,176
Truck344130,3122,0,1990,2006,16
Truck344085,2821,2822,1975,2007,32
Truck344142,0,1339,1995,2007,12
Truck342531,2436,3331,1545,2008,463
Truck343436,2656,3238,1795,2008,213
Truck343453,3331,3238,1800,2008,208
Truck343558,1339,3331,1830,2008,178
Truck343565,2998,2225,1830,2008,178
Truck342367,3238,2436,1500,2009,509
Truck342910,1339,2224,1650,2009,359
Truck343434,3239,2224,1795,2009,214
Truck344064,3239,2655,1970,2009,39
Truck343231,3238,2821,1740,2010,270
Truck343957,3331,2655,1940,2010,70
Truck343187,2998,3122,1725,2011,286
Truck343307,2224,2999,1760,2011,251
Truck343686,3239,1339,1865,2011,146
Truck343465,3238,3331,1805,2013,208
Truck343583,2998,1338,1835,2013,178
Truck342127,1338,2822,1435,2014,579
Truck344005,3238,1339,1955,2014,59
Truck342505,1338,2437,1540,2015,475
Truck342703,1338,2436,1595,2015,420
Truck343393,3238,2999,1785,2015,230
Truck343502,2225,2437,1815,2015,200
Truck343335,2655,3121,1770,2016,246
Truck343664,2225,2436,1860,2016,156
Truck343761,2821,1338,1885,2017,132
Truck343838,2437,2655,1910,2017,107
Truck344119,3331,3239,1985,2017,32
Truck343704,3239,3122,1870,2018,148
Truck343910,2437,3122,1930,2018,88
Truck344118,3239,3331,1985,2018,33
Truck342567,2436,2998,1555,2019,464
Truck343839,2655,3122,1910,2019,109
Truck344023,3238,1339,1960,2019,59
Truck342523,1338,2437,1545,2020,475
Truck342639,2436,2655,1575,2020,445
Truck343530,0,2656,1825,2020,195
Truck343606,2999,1339,1845,2020,175
Truck343815,2821,2224,1900,2020,120
Truck343343,2224,1338,1770,2021,251
Truck343856,2437,3239,1915,2021,106
Truck343779,2821,2436,1890,2022,132
Truck343808,2225,2999,1900,2022,122
Truck344029,3331,2821,1960,2022,62
Truck344049,2821,2656,1965,2022,57
Truck344139,2821,2822,1990,2022,32
Truck342621,2436,2655,1570,2023,453
Truck343213,3238,3121,1735,2023,288
Truck343483,3238,2656,1810,2023,213
Truck343753,3238,2655,1885,2023,138
Truck344020,2999,3121,1960,2023,63
Truck342693,2436,2655,1590,2024,434
Truck343160,2225,2822,1720,2024,304
Truck343488,3239,2224,1810,2024,214
Truck343590,3122,2656,1840,2025,185
Truck343798,2822,1338,1895,2025,130
Truck343874,2437,2224,1920,2025,105
Truck344011,3331,2655,1955,2025,70
Truck342163,1338,2224,1445,2026,581
Truck343205,2998,0,1730,2026,296
Truck343373,3121,2822,1780,2026,246
Truck343758,3239,2998,1885,2026,141
Truck343994,2656,2436,1950,2026,76
Truck344103,2821,2998,1980,2026,46
Truck344238,3122,1339,2020,2026,6
Truck342648,0,2436,1580,2027,447
Truck343427,3121,1339,1795,2027,232
Truck343822,2999,2225,1905,2027,122
Truck342019,1338,3238,1405,2028,623
Truck343616,2656,1339,1845,2028,183
Truck343889,2998,3331,1920,2028,108
Truck342181,1338,2821,1450,2029,579
Truck344062,1339,3238,1970,2029,59
Truck344260,1339,3122,2025,2029,4
Truck343588,2999,2655,1840,2030,190
Truck343781,2998,3239,1890,2030,140
Truck343847,2224,2821,1910,2030,120
Truck343892,2437,3331,1925,2030,105
Truck343938,3239,2821,1935,2030,95
Truck344001,2655,2656,1955,2030,75
Truck343178,2225,2821,1725,2031,306
Truck343391,3121,3239,1785,2031,246
Truck344220,3122,0,2015,2031,16
Truck344058,3122,3238,1970,2032,62
Truck344232,0,1339,2020,2032,12
Truck343925,2998,2656,1930,2033,103
Truck344033,2998,2224,1960,2034,74
Truck342199,1338,3331,1455,2035,580
Truck343159,3238,2998,1720,2035,315
Truck343409,3121,2224,1790,2035,245
Truck343568,2437,2225,1835,2035,200
Truck344019,2655,2656,1960,2035,75
Truck344037,2655,3331,1965,2035,70
Truck344047,3331,2437,1965,2035,70
Truck344104,2822,2656,1980,2035,55
Truck342657,2436,3239,1580,2036,456
Truck343196,2225,2822,1730,2036,306
Truck343450,1339,2822,1800,2036,236
Truck343624,2999,0,1850,2036,186
Truck344281,3331,2656,2030,2036,6
Truck343224,0,2998,1740,2037,297
Truck343304,2225,1338,1760,2037,277
Truck343833,2821,1338,1905,2037,132
Truck343673,2998,1338,1860,2038,178
Truck343770,3122,3239,1890,2038,148
Truck344163,2655,3239,2000,2038,38
Truck344194,2822,2821,2005,2038,33
Truck343214,2225,2822,1735,2040,305
Truck344059,3238,0,1970,2040,70
Truck343295,2998,3122,1755,2041,286
Truck343688,2656,2224,1865,2041,176
Truck343354,2999,2436,1775,2042,267
Truck343880,2225,2999,1920,2042,122
Truck343928,2437,2224,1935,2042,107
Truck343982,2437,1339,1950,2042,92
Truck344278,1339,0,2030,2042,12
Truck343283,3121,3238,1755,2043,288
Truck343285,3238,3121,1755,2043,288
Truck343642,2999,2821,1855,2043,188
Truck343651,3331,0,1855,2043,188
Truck343691,2998,1338,1865,2043,178
Truck343794,3239,3122,1895,2043,148
Truck343939,3331,2998,1935,2043,108
Truck343682,2225,3121,1865,2044,179
Truck342747,2436,3239,1605,2045,440
Truck343232,2225,2224,1740,2045,305
Truck343680,3122,3331,1865,2045,180
Truck343696,2999,1339,1870,2045,175
Truck343835,2998,3239,1905,2045,140
Truck343870,2822,2999,1915,2045,130
Truck343046,2437,2436,1690,2046,356
Truck343313,2998,3122,1760,2046,286
Truck344066,2656,2999,1970,2046,76
Truck344318,2656,3331,2040,2046,6
Truck343445,3121,2224,1800,2047,247
Truck343869,2821,1338,1915,2047,132
Truck343946,2437,3239,1940,2047,107
Truck343384,2822,3238,1780,2048,268
Truck343709,2998,2436,1870,2048,178
Truck344018,2437,3122,1960,2048,88
Truck344199,2655,3239,2010,2048,38
Truck342707,3121,1338,1595,2049,454
Truck343911,2655,0,1930,2049,119
Truck344134,1339,3238,1990,2049,59
Truck342675,2436,2821,1585,2050,465
Truck343888,2822,1338,1920,2050,130
Truck343919,2224,2821,1930,2050,120
Truck343923,2821,2224,1930,2050,120
Truck343964,2437,2821,1945,2050,105
Truck342253,1338,2821,1470,2051,581
Truck343443,2655,2224,1800,2051,251
Truck343451,2224,3121,1800,2051,251
Truck344084,2656,2437,1975,2051,76
Truck343278,0,2998,1755,2052,297
Truck343322,2225,3122,1765,2052,287
Truck343463,3121,2224,1805,2052,247
Truck343482,3122,2821,1810,2052,242
Truck343912,2999,2225,1930,2052,122
Truck344304,0,1339,2040,2052,12
Truck342325,1338,3122,1490,2053,563
Truck343458,0,2822,1805,2053,248
Truck343615,3331,3238,1845,2053,208
Truck343702,1339,2656,1870,2053,183
Truck343727,2998,2437,1875,2053,178
Truck344054,2437,2999,1970,2053,83
Truck344226,3239,3121,2015,2054,39
Truck343481,3121,2655,1810,2055,245
Truck343906,2822,1338,1925,2055,130
Truck343968,3122,2655,1945,2055,110
Truck343053,2436,2437,1690,2056,366
Truck343469,2224,2225,1805,2056,251
Truck342711,2436,3239,1595,2057,462
Truck343893,2655,2821,1925,2057,132
Truck342765,2436,3122,1610,2058,448
Truck343527,2821,1339,1820,2059,239
Truck342289,1338,2224,1480,2060,580
Truck342655,3238,2436,1580,2060,480
Truck343286,2225,2224,1755,2060,305
Truck344137,3331,2999,1990,2060,70
Truck343487,2224,3121,1810,2061,251
Truck344000,2437,3239,1955,2061,106
Truck344120,2656,2436,1985,2061,76
Truck344364,3122,1339,2055,2061,6
Truck344173,3331,2821,2000,2062,62
Truck344340,0,1339,2050,2062,12
Truck342819,2436,3239,1625,2063,438
Truck343759,3331,3122,1885,2063,178
Truck343763,2998,3121,1885,2063,178
Truck344264,2656,3239,2025,2063,38
Truck342761,3121,1338,1610,2064,454
Truck344076,3122,2437,1975,2064,89
Truck344262,3239,2655,2025,2064,39
Truck342307,1338,3239,1485,2065,580
Truck342837,2436,2656,1630,2065,435
Truck343429,3238,2821,1795,2065,270
Truck343714,2999,3331,1875,2065,190
Truck343942,2822,1338,1935,2065,130
Truck343962,0,2655,1945,2065,120
Truck342852,3122,2436,1635,2067,432
Truck343374,3122,2998,1780,2067,287
Truck343536,3122,2821,1825,2067,242
Truck343571,3121,1339,1835,2067,232
Truck343776,3239,3238,1890,2067,177
Truck343535,3121,2821,1825,2070,245
Truck344022,3122,2655,1960,2070,110
Truck343376,2225,1339,1780,2071,291
Truck344156,2656,2999,1995,2071,76
Truck342388,1339,1338,1505,2072,567
Truck343594,1339,3121,1840,2072,232
Truck343959,2821,3121,1940,2072,132
Truck344319,2821,2822,2040,2072,32
Truck344376,0,1339,2060,2072,12
Truck342397,1338,3122,1510,2073,563
Truck343750,2999,3331,1885,2073,188
Truck342343,1338,3239,1495,2074,579
Truck344298,3239,2655,2035,2074,39
Truck343340,2225,3331,1770,2075,305
Truck344040,3122,2655,1965,2075,110
Truck344100,3239,2821,1980,2075,95
Truck344191,3331,2437,2005,2075,70
Truck343396,1339,2225,1785,2076,291
Truck343931,3121,2437,1935,2076,141
Truck344174,2656,2436,2000,2076,76
Truck344230,2822,3331,2015,2076,61
Truck344382,3122,0,2060,2076,16
Truck343412,2225,3122,1790,2077,287
Truck343600,2822,1339,1840,2077,237
Truck343607,3121,1339,1845,2077,232
Truck344335,3331,3239,2045,2077,32
Truck343796,2656,1339,1895,2078,183
Truck344087,2998,2656,1975,2078,103
Truck344307,2655,3239,2040,2078,38
Truck342873,2436,2655,1640,2079,439
Truck343626,3122,3121,1850,2079,229
Truck343760,2656,0,1885,2079,194
Truck344195,2998,2224,2005,2079,74
Truck344316,3239,1338,2040,2079,39
Truck343269,2436,2437,1750,2080,330
Truck343569,2655,3121,1835,2080,245
Truck343996,2822,2436,1950,2080,130
Truck343358,2225,2822,1775,2081,306
Truck343612,1339,2822,1845,2081,236
Truck343936,1339,3239,1935,2081,146
Truck344072,2437,3239,1975,2081,106
Truck344192,2656,2999,2005,2081,76
Truck343811,2224,3331,1900,2082,182
Truck344212,2822,2224,2010,2082,72
Truck344412,0,1339,2070,2082,12
Truck344422,1339,0,2070,2082,12
Truck343428,3122,2225,1795,2083,288
Truck343821,2655,2998,1905,2083,178
Truck344334,3239,2436,2045,2084,39
Truck342379,1338,2822,1505,2085,580
Truck342999,2436,1338,1675,2085,410
Truck343339,3238,2998,1770,2085,315
Truck343371,2655,2225,1780,2085,305
Truck343509,2821,3238,1815,2085,270
Truck344227,3331,2999,2015,2085,70
Truck343577,2224,2436,1835,2086,251
Truck343589,3121,2821,1840,2086,246
Truck343843,3238,3239,1910,2086,176
Truck343974,3239,2998,1945,2086,141
Truck342891,2436,2656,1645,2087,442
Truck343404,0,2998,1790,2087,297
Truck343519,3238,2822,1820,2087,267
Truck344013,2821,1338,1955,2087,132
Truck343741,3331,3238,1880,2088,208
Truck343804,2999,2656,1900,2088,188
Truck343828,1339,2656,1905,2088,183
Truck343956,3239,3122,1940,2088,148
Truck342774,0,2436,1615,2089,474
Truck343832,2656,3122,1905,2089,184
Truck344352,3239,2225,2050,2089,39
Truck342801,2436,2655,1620,2090,470
Truck342855,2436,3122,1635,2090,455
Truck343389,2655,2225,1785,2090,305
Truck343394,2225,2822,1785,2090,305
Truck343772,2225,2437,1890,2090,200
Truck343824,3122,2656,1905,2090,185
Truck344109,2655,2437,1985,2090,105
Truck343475,2998,3122,1805,2091,286
Truck343595,2224,2999,1840,2091,251
Truck343865,2224,2656,1915,2091,176
Truck343972,1339,3239,1945,2091,146
Truck344339,2998,2821,2045,2091,46
Truck343197,2436,2437,1730,2092,362
Truck343878,3122,2999,1920,2092,172
Truck344031,2821,2436,1960,2092,132
Truck344060,2225,2999,1970,2092,122
Truck344170,1339,2437,2000,2092,92
Truck342259,3238,1338,1470,2093,623
Truck343867,3331,3122,1915,2093,178
Truck343871,2998,2437,1915,2093,178
Truck342415,1338,2655,1515,2094,579
Truck344293,3238,1339,2035,2094,59
Truck342469,1338,1339,1530,2096,566
Truck343625,3121,2656,1850,2096,246
Truck344126,2437,2998,1990,2096,106
Truck344246,2656,2437,2020,2096,76
Truck344299,3331,2821,2035,2097,62
Truck342271,1338,3238,1475,2098,623
Truck343643,3121,0,1855,2098,243
Truck343840,2999,2224,1910,2098,188
Truck343875,2655,2998,1920,2098,178
Truck343987,3238,2437,1950,2098,148
Truck344141,2998,3331,1990,2098,108
Truck344198,2437,3122,2010,2098,88
Truck342433,1338,2822,1520,2100,580
Truck342945,2436,2656,1660,2100,440
Truck343235,2224,3122,1740,2100,360
Truck343666,1339,2821,1860,2100,240
Truck343699,3238,2999,1870,2100,230
Truck344068,2822,2436,1970,2100,130
Truck344253,2655,2656,2025,2100,75
Truck342487,1338,1339,1535,2101,566
Truck343631,2224,2436,1850,2101,251
Truck343901,2224,2656,1925,2101,176
Truck344021,3121,2437,1960,2101,141
Truck343099,1338,2999,1705,2102,397
Truck343500,3122,2998,1815,2102,287
Truck343697,3121,1339,1870,2102,232
Truck344067,2821,2437,1970,2102,132
Truck344144,2437,2821,1995,2102,107
Truck344208,3239,2822,2010,2102,92
Truck344284,2822,2224,2030,2102,72
Truck344427,2821,2822,2070,2102,32
Truck343499,3121,3238,1815,2103,288
Truck343582,2822,3238,1835,2103,268
Truck343715,3121,3122,1875,2103,228
Truck343789,3238,3331,1895,2103,208
Truck344216,2437,3122,2015,2103,88
Truck344424,3239,3331,2070,2103,33
Truck343448,2225,2656,1800,2104,304
Truck344211,2821,3239,2010,2104,94
Truck344285,2998,2224,2030,2104,74
Truck344354,2656,2822,2050,2104,54
Truck343421,2998,3238,1790,2105,315
Truck343684,1339,2821,1865,2105,240
Truck343826,2225,2437,1905,2105,200
Truck344271,2655,2656,2030,2105,75
Truck342830,2437,1338,1630,2106,476
Truck343989,2436,2225,1950,2106,156
Truck344162,2437,2822,2000,2106,106
Truck343120,2999,1338,1710,2107,397
Truck343466,2225,0,1805,2107,302
Truck343518,3122,2998,1820,2107,287
Truck343517,3121,3238,1820,2108,288
Truck344252,2437,2999,2025,2108,83
Truck343872,0,3331,1920,2109,189
Truck343876,2999,3331,1920,2109,189
Truck344229,2821,3239,2015,2109,94
Truck343439,2998,3238,1795,2110,315
Truck344289,2655,2656,2035,2110,75
Truck342471,2655,1338,1530,2111,581
Truck343667,2224,2437,1860,2111,251
Truck343720,1339,2822,1875,2111,236
Truck343732,2999,3238,1880,2111,231
Truck343937,2224,2656,1935,2111,176
Truck344409,2821,2998,2065,2111,46
Truck344502,0,3122,2095,2111,16
Truck343321,3238,2225,1765,2112,347
Truck343698,3122,2821,1870,2112,242
Truck344180,2437,2998,2005,2112,107
Truck344353,3331,2821,2050,2112,62
Truck343068,3122,2436,1695,2113,418
Truck343825,3238,3331,1905,2113,208
Truck343943,2998,2225,1935,2113,178
Truck344368,1339,3238,2055,2114,59
Truck344442,3239,3121,2075,2114,39
Truck343609,3238,2821,1845,2115,270
Truck344122,2822,2655,1985,2115,130
Truck342727,3238,2436,1600,2116,516
Truck343529,2998,0,1820,2116,296
Truck343685,2224,2225,1865,2116,251
Truck344570,2656,3331,2110,2116,6
Truck342550,1339,1338,1550,2117,567
Truck343592,2225,1338,1840,2117,277
Truck344121,2821,2436,1985,2117,132
Truck344391,2821,2656,2060,2117,57
Truck342981,2436,1339,1670,2118,448
Truck343553,3121,3238,1830,2118,288
Truck343954,1339,3331,1940,2118,178
Truck343961,2998,1338,1940,2118,178
Truck343195,3238,2224,1730,2119,389
Truck343497,2655,2225,1815,2119,304
Truck343743,2821,3122,1880,2120,240
Truck344140,2822,1338,1990,2120,130
Truck343556,2225,1339,1830,2121,291
Truck343703,2224,2437,1870,2121,251
Truck343973,2224,2656,1945,2121,176
Truck344114,2225,2436,1985,2122,137
Truck344566,1339,0,2110,2122,12
Truck343325,2224,1339,1765,2123,358
Truck343654,2822,3238,1855,2123,268
Truck343710,0,2822,1875,2123,248
Truck343958,2656,1339,1940,2123,183
Truck344480,2656,3239,2085,2123,38
Truck342582,3122,1338,1560,2124,564
Truck343217,2224,3238,1735,2124,389
Truck343289,2224,0,1755,2124,369
Truck343762,2822,3122,1885,2124,239
Truck343930,2999,2224,1935,2124,189
Truck344217,2655,3122,2015,2124,109
Truck344426,2656,2822,2070,2124,54
Truck344602,1339,3122,2120,2124,4
Truck343017,2436,2822,1680,2125,445
Truck343731,2655,3121,1880,2125,245
Truck343733,3121,2821,1880,2125,245
Truck344158,2822,2655,1995,2125,130
Truck344189,2224,2821,2005,2125,120
Truck344371,3331,3121,2055,2125,70
Truck342909,2436,2822,1650,2126,476
Truck344111,3121,2437,1985,2126,141
Truck344234,2437,2998,2020,2126,106
Truck344598,3122,1339,2120,2126,6
Truck343744,2822,0,1880,2128,248
Truck343751,3121,0,1885,2128,243
Truck343948,2999,2822,1940,2128,188
Truck343983,2655,2998,1950,2128,178
Truck344242,1339,2655,2020,2128,108
Truck344245,3331,2998,2020,2128,108
Truck344498,2656,3239,2090,2128,38
Truck342541,1338,3331,1550,2129,579
Truck343081,1338,2436,1700,2129,429
Truck344008,1339,2999,1955,2129,174
Truck344496,3239,1338,2090,2129,39
Truck343619,2998,1339,1845,2130,285
Truck344196,0,2655,2010,2130,120
Truck344361,2655,2656,2055,2130,75
Truck343678,2999,2436,1865,2131,266
Truck343739,2224,2437,1880,2131,251
Truck344136,3239,2998,1990,2131,141
Truck343646,2225,1338,1855,2132,277
Truck343965,2655,2999,1945,2132,187
Truck344082,3239,0,1975,2132,157
Truck344175,2821,2437,2000,2132,132
Truck342613,1338,3122,1570,2133,563
Truck343089,2436,2224,1700,2133,433
Truck343975,3331,0,1945,2133,188
Truck344015,2998,2655,1955,2133,178
Truck344267,2998,3331,2025,2133,108
Truck342559,1338,2656,1555,2135,580
Truck342963,2436,2998,1665,2135,470
Truck343769,3121,2224,1890,2135,245
Truck343934,2225,2437,1935,2135,200
Truck343551,2655,2225,1830,2136,306
Truck344030,2656,2224,1960,2136,176
Truck344390,2656,1338,2060,2136,76
Truck344181,2655,2821,2005,2137,132
Truck344218,2999,2225,2015,2137,122
Truck344410,2822,2998,2065,2137,72
Truck344610,0,1339,2125,2137,12
Truck342421,3238,1338,1515,2138,623
Truck344360,2437,2999,2055,2138,83
Truck343984,2999,2998,1950,2139,189
Truck344044,1339,2999,1965,2139,174
Truck344461,3331,2822,2080,2139,59
Truck344656,1339,3122,2135,2139,4
Truck342955,1338,2437,1665,2140,475
Truck343574,2225,2821,1835,2140,305
Truck343655,2998,1339,1855,2140,285
Truck344288,2437,2822,2035,2140,105
Truck343775,2224,3121,1890,2141,251
Truck344048,2656,2224,1965,2141,176
Truck344154,3239,1339,1995,2141,146
Truck344165,3121,2437,2000,2141,141
Truck344519,2998,2821,2095,2141,46
Truck344652,3122,1339,2135,2141,6
Truck344027,2224,3331,1960,2142,182
Truck344236,2999,2225,2020,2142,122
Truck344453,3121,2999,2080,2142,62
Truck343584,0,2225,1840,2143,303
Truck344051,2998,3121,1965,2143,178
Truck344479,3331,2822,2085,2144,59
Truck344550,3239,2436,2105,2144,39
Truck343397,2224,3122,1785,2145,360
Truck343805,3121,2656,1900,2145,245
Truck344292,3122,2655,2035,2145,110
Truck342595,1338,2224,1565,2146,581
Truck343793,2224,2999,1895,2146,251
Truck344172,3239,1339,2000,2146,146
Truck344537,2998,2821,2100,2146,46
Truck344258,2225,2999,2025,2147,122
Truck342457,3238,1338,1525,2148,623
Truck343602,0,2225,1845,2148,303
Truck343662,3122,2225,1860,2148,288
Truck344321,2998,3331,2040,2148,108
Truck343610,2225,2656,1845,2149,304
Truck344057,3121,2225,1970,2149,179
Truck343368,0,2224,1780,2150,370
Truck343735,3238,2821,1880,2150,270
Truck343846,1339,2821,1910,2150,240
Truck344248,2822,2437,2020,2150,130
Truck343107,2436,2655,1705,2151,446
Truck343803,2655,2224,1900,2151,251
Truck344188,1339,3239,2005,2151,146
Truck344444,2656,2999,2075,2151,76
Truck344465,2998,2822,2080,2151,71
Truck344646,0,3122,2135,2151,16
Truck344696,2656,3331,2145,2151,6
Truck344065,3331,2224,1970,2152,182
Truck344247,2821,2655,2020,2152,132
Truck344464,2822,2224,2080,2152,72
Truck344664,0,1339,2140,2152,12
Truck343818,0,2822,1905,2153,248
Truck343841,3121,0,1910,2153,243
Truck344073,2655,2998,1975,2153,178
Truck344083,3331,3122,1975,2153,178
Truck344396,2437,3122,2065,2153,88
Truck343628,2225,3239,1850,2155,305
Truck344038,2999,2656,1965,2155,190
Truck344092,2999,1339,1980,2155,175
Truck344266,2822,2999,2025,2155,130
Truck344342,2437,3239,2050,2155,105
Truck344388,3239,2821,2060,2155,95
Truck343071,2436,2224,1695,2156,461
Truck343829,2224,2225,1905,2156,251
Truck343894,2999,3238,1925,2156,231
Truck344052,0,2999,1970,2156,186
Truck344462,2656,2999,2080,2156,76
Truck344483,2998,2822,2085,2156,71
Truck344670,3122,0,2140,2156,16
Truck342649,1338,0,1580,2157,577
Truck343771,3238,2822,1890,2157,267
Truck343809,2436,2999,1900,2157,257
Truck344265,2821,2225,2025,2157,132
Truck344404,1339,2437,2065,2157,92
Truck344625,2821,2822,2125,2157,32
Truck343485,2436,2437,1810,2158,348
Truck343638,0,2225,1855,2158,303
Truck343836,0,2822,1910,2158,248
Truck344105,2998,2225,1980,2158,178
Truck343207,1338,2436,1735,2159,424
Truck343914,3122,3121,1930,2159,229
Truck344056,2999,2822,1970,2159,189
Truck344096,2225,3121,1980,2159,179
Truck344024,2225,2437,1960,2160,200
Truck344110,2999,1339,1985,2160,175
Truck344249,2998,3239,2020,2160,140
Truck344346,3122,2655,2050,2160,110
Truck344497,3331,2225,2090,2160,70
Truck342961,3238,2436,1665,2162,497
Truck343611,2436,3121,1845,2162,317
Truck344500,2822,2224,2090,2162,72
Truck344525,3121,2999,2100,2162,62
Truck344526,3122,3238,2100,2162,62
Truck344535,2821,3331,2100,2162,62
Truck343194,3122,2436,1730,2163,433
Truck343854,0,2822,1915,2163,248
Truck344116,1339,3331,1985,2163,178
Truck344123,2998,2225,1985,2163,178
Truck344276,2225,2436,2030,2163,133
Truck344393,2998,2656,2060,2163,103
Truck344622,3239,2656,2125,2163,38
Truck344624,2656,3239,2125,2163,38
Truck342667,1338,2822,1585,2165,580
Truck343637,2998,3238,1850,2165,315
Truck344074,2999,2655,1975,2165,190
Truck344128,2999,1339,1990,2165,175
Truck344302,2822,2655,2035,2165,130
Truck344515,3331,1338,2095,2165,70
Truck343765,1338,2225,1890,2166,276
Truck343857,2655,2224,1915,2166,251
Truck343918,1339,2822,1930,2166,236
Truck344295,2436,2225,2035,2166,131
Truck343877,3121,2656,1920,2167,247
Truck344091,2655,2999,1980,2167,187
Truck344101,3331,0,1980,2168,188
Truck344127,2655,2998,1990,2168,178
Truck344244,3239,3122,2020,2168,148
Truck344408,2656,2998,2065,2168,103
Truck344411,2998,2656,2065,2168,103
Truck342685,1338,2656,1590,2169,579
Truck343486,1339,2224,1810,2169,359
Truck344513,2224,2998,2095,2169,74
Truck344640,3239,2225,2130,2169,39
Truck343756,1339,2998,1885,2170,285
Truck344320,2822,2655,2040,2170,130
Truck344355,2821,2224,2050,2170,120
Truck344533,3331,2999,2100,2170,70
Truck343883,2224,2436,1920,2171,251
Truck343895,3121,3239,1925,2171,246
Truck344270,2437,3121,2030,2171,141
Truck344280,3239,2998,2030,2171,141
Truck344516,2656,3121,2095,2171,76
Truck344724,3122,0,2155,2171,16
Truck344348,2225,2999,2050,2172,122
Truck344397,2655,2437,2065,2172,107
Truck344460,3239,2822,2080,2172,92
Truck344561,3121,2999,2110,2172,62
Truck343661,3121,2436,1860,2173,313
Truck343692,0,2225,1870,2173,303
Truck344159,2998,2436,1995,2173,178
Truck344256,3122,3239,2025,2173,148
Truck343125,2436,2656,1710,2174,464
Truck343284,3122,2436,1755,2174,419
Truck343768,2999,2436,1890,2174,284
Truck343908,0,3121,1930,2174,244
Truck343941,2821,1339,1935,2174,239
Truck344028,3239,2224,1960,2174,214
Truck344138,2656,3122,1990,2174,184
Truck344782,1339,3122,2170,2174,4
Truck343700,2225,2656,1870,2175,305
Truck344338,2822,2225,2045,2175,130
Truck344551,3331,2437,2105,2175,70
Truck344581,3238,3122,2115,2175,60
Truck343913,3121,2998,1930,2176,246
Truck343966,2999,3238,1945,2176,231
Truck344534,2656,2436,2100,2176,76
Truck344590,2822,3331,2115,2176,61
Truck344325,2655,2821,2045,2177,132
Truck344362,2999,2225,2055,2177,122
Truck344177,2998,2655,2000,2178,178
Truck344430,0,2437,2075,2178,103
Truck344578,2999,3121,2115,2178,63
Truck343411,3238,2224,1790,2179,389
Truck343522,1339,2224,1820,2179,359
Truck342721,1338,2656,1600,2180,580
Truck344148,3122,2656,1995,2180,185
Truck343100,2437,1338,1705,2181,476
Truck343929,2655,3121,1935,2181,246
Truck344306,2437,3121,2040,2181,141
Truck344432,2437,2822,2075,2181,106
Truck344573,2998,2822,2110,2181,71
Truck344663,2998,2821,2135,2181,46
Truck343251,2436,3122,1745,2182,437
Truck344190,3239,3238,2005,2182,177
Truck344443,3331,2998,2075,2183,108
Truck343189,1338,3121,1730,2184,454
Truck343505,2224,0,1815,2184,369
Truck343917,2436,2999,1930,2184,254
Truck344146,2999,3331,1995,2184,189
Truck344694,3239,2225,2145,2184,39
Truck343736,2225,2822,1880,2185,305
Truck344108,2437,2225,1985,2185,200
Truck344124,0,2656,1990,2185,195
Truck344374,2822,1338,2055,2185,130
Truck344405,2224,2821,2065,2185,120
Truck344577,2655,3331,2115,2185,70
Truck342739,1338,3239,1605,2186,581
Truck344324,2437,3121,2045,2186,141
Truck344450,2437,2224,2080,2186,106
Truck344778,3122,0,2170,2186,16
Truck342802,1339,1338,1620,2187,567
Truck344373,2821,2999,2055,2187,132
Truck344206,1339,3331,2010,2188,178
Truck344213,2998,2999,2010,2188,178
Truck344540,2437,2999,2105,2188,83
Truck344614,2999,3121,2125,2188,63
Truck343986,3122,2822,1950,2189,239
Truck343995,2821,1339,1950,2189,239
Truck344712,3239,1338,2150,2189,39
Truck342757,1338,3331,1610,2190,580
Truck343754,2225,2224,1885,2190,305
Truck344468,2437,3331,2085,2190,105
Truck344605,3331,1338,2120,2190,70
Truck343955,2224,2436,1940,2191,251
Truck344588,2656,2655,2115,2191,76
Truck344699,2998,2821,2145,2191,46
Truck344790,0,3122,2175,2191,16
Truck344832,3122,1339,2185,2191,6
Truck343967,3121,2822,1945,2192,247
Truck344026,1339,3121,1960,2192,232
Truck344530,1339,2437,2100,2192,92
Truck344751,2821,2822,2160,2192,32
Truck343395,2436,1338,1785,2193,408
Truck343764,0,2225,1890,2193,303
Truck344231,2998,2225,2015,2193,178
Truck344286,0,3239,2035,2193,158
Truck344004,3122,2822,1955,2194,239
Truck344609,2998,2224,2120,2194,74
Truck344730,3239,3121,2155,2194,39
Truck342775,1338,3331,1615,2195,580
Truck343853,2998,1339,1910,2195,285
Truck343905,2821,3238,1925,2195,270
Truck343977,2821,0,1945,2195,250
Truck343985,3121,2998,1950,2195,245
Truck344041,3238,2999,1965,2195,230
Truck344532,3239,2821,2100,2195,95
Truck344623,3331,1338,2125,2195,70
Truck344486,2437,2998,2090,2196,106
Truck344808,0,3122,2180,2196,16
Truck343444,2999,1338,1800,2197,397
Truck343790,2225,0,1895,2197,302
Truck344651,3121,2999,2135,2197,62
Truck343782,0,2225,1895,2198,303
Truck344383,3238,2655,2060,2198,138
Truck344200,2999,3239,2010,2199,189
Truck344748,3239,2655,2160,2199,39
Truck343548,0,2224,1830,2200,370
Truck344504,2437,2224,2095,2200,105
Truck344505,2655,2437,2095,2200,105
Truck342793,1338,2821,1620,2201,581
Truck343991,2224,2225,1950,2201,251
Truck344003,3121,2655,1955,2201,246
Truck344370,3239,1339,2055,2201,146
Truck343287,2436,2655,1755,2202,447
Truck344263,3331,1339,2025,2202,177
Truck344677,3331,2821,2140,2202,62
Truck344679,2821,3331,2140,2202,62
Truck343233,2436,2656,1740,2203,463
Truck343859,3121,3238,1915,2203,288
Truck344014,2822,0,1955,2203,248
Truck344155,3331,3238,1995,2203,208
Truck344512,1339,2655,2095,2203,108
Truck342811,1338,2998,1625,2204,579
Truck343215,2436,3239,1735,2204,469
Truck344210,2656,0,2010,2204,194
Truck344214,0,3331,2015,2204,189
Truck343613,2224,3122,1845,2205,360
Truck344446,2822,2436,2075,2205,130
Truck344659,3331,2225,2135,2205,70
Truck343190,2437,1338,1730,2206,476
Truck344009,2224,2225,1955,2206,251
Truck344753,2998,2821,2160,2206,46
Truck344894,2656,3331,2200,2206,6
Truck343480,2999,1338,1810,2207,397
Truck344235,2655,2999,2020,2207,187
Truck344445,2821,2225,2075,2207,132
Truck344576,2437,1339,2115,2207,92
Truck344695,3331,2821,2145,2207,62
Truck342673,3238,1338,1585,2208,623
Truck342883,1338,3122,1645,2208,563
Truck343622,2437,2436,1850,2208,358
Truck344016,0,2822,1960,2208,248
Truck344784,3239,2656,2170,2208,38
Truck342829,1338,2822,1630,2209,579
Truck343356,3122,2436,1775,2210,435
Truck344039,3121,2224,1965,2210,245
Truck344499,2821,2224,2090,2210,120
Truck343665,2436,3121,1860,2211,351
Truck343927,1338,2225,1935,2211,276
Truck344297,2224,2656,2035,2211,176
Truck344384,2225,2436,2060,2211,151
Truck344414,2437,3121,2070,2211,141
Truck344660,2656,2437,2135,2211,76
Truck344912,2656,3331,2205,2211,6
Truck344463,2821,1338,2080,2212,132
Truck344604,3239,2822,2120,2212,92
Truck344715,2821,3331,2150,2212,62
Truck343896,3122,2225,1925,2213,288
Truck343897,3238,3121,1925,2213,288
Truck344185,3238,3331,2005,2213,208
Truck344548,1339,2655,2105,2213,108
Truck343377,2436,3122,1780,2214,434
Truck344086,2822,3122,1975,2214,239
Truck344254,2999,2655,2025,2214,189
Truck344675,2224,2998,2140,2214,74
Truck344728,1339,3238,2155,2214,59
Truck342847,1338,2656,1635,2215,580
Truck342849,2655,1338,1635,2215,580
Truck343969,3238,2821,1945,2215,270
Truck344482,2822,2437,2085,2215,130
Truck344517,2821,2224,2095,2215,120
Truck343844,2225,2655,1910,2216,306
Truck344055,2655,3121,1970,2216,246
Truck344331,2436,2225,2045,2216,171
Truck344457,2436,2225,2080,2216,136
Truck344558,2437,2821,2110,2216,106
Truck344559,2655,2437,2110,2216,106
Truck344481,2821,2436,2085,2217,132
Truck344841,2821,2822,2185,2217,32
Truck343305,2436,2821,1760,2218,458
Truck344209,3331,3238,2010,2218,208
Truck344648,2437,2999,2135,2218,83
Truck344272,2999,3239,2030,2219,189
Truck344820,3239,2999,2180,2219,39
Truck342865,1338,2821,1640,2220,580
Truck343862,2225,3239,1915,2220,305
Truck344075,3121,2656,1975,2220,245
Truck344131,3238,2999,1990,2220,230
Truck344310,3122,3331,2040,2220,180
Truck344713,3331,2999,2150,2220,70
Truck343386,0,2436,1785,2221,436
Truck344063,2224,2436,1970,2221,251
Truck344947,3331,2656,2215,2221,6
Truck344948,2656,3331,2215,2221,6
Truck343314,0,2436,1765,2222,457
Truck343718,2225,3238,1875,2222,347
Truck344742,3122,3238,2160,2222,62
Truck344290,2999,2656,2035,2223,188
Truck344473,3238,2655,2085,2223,138
Truck343573,3238,2224,1835,2224,389
Truck343649,2224,0,1855,2224,369
Truck344282,2656,0,2030,2224,194
Truck344643,2821,3239,2130,2224,94
Truck344668,2999,2437,2140,2224,84
Truck344344,2999,1339,2050,2225,175
Truck344731,3331,1338,2155,2225,70
Truck342937,1338,1339,1660,2226,566
Truck343359,2436,2224,1775,2226,451
Truck344081,2224,2225,1975,2226,251
Truck344347,3238,3239,2050,2226,176
Truck344594,2437,3331,2120,2226,106
Truck344714,2656,2437,2150,2226,76
Truck344922,3122,0,2210,2226,16
Truck343950,3122,2998,1940,2227,287
Truck344759,3121,2999,2165,2227,62
Truck344786,2656,2821,2170,2227,57
Truck344787,2821,2656,2170,2227,57
Truck344875,3331,3239,2195,2227,32
Truck343951,3238,3121,1940,2228,288
Truck344228,2656,3238,2015,2228,213
Truck344239,3238,3331,2020,2228,208
Truck344332,1339,2656,2045,2228,183
Truck344350,1339,3331,2050,2228,178
Truck344357,2998,2437,2050,2228,178
Truck343898,2225,3239,1925,2229,304
Truck344308,2999,2821,2040,2229,189
Truck344856,3239,2437,2190,2229,39
Truck342901,1338,3239,1650,2230,580
Truck343802,2437,2436,1900,2230,330
Truck344167,3238,2999,2000,2230,230
Truck344328,3122,2656,2045,2230,185
Truck344536,2822,2437,2100,2230,130
Truck344571,2821,2224,2110,2230,120
Truck344613,2655,2437,2125,2230,105
Truck344658,3239,2821,2135,2230,95
Truck343280,2437,1338,1755,2231,476
Truck343341,2436,2656,1770,2231,461
Truck344088,0,2821,1980,2231,251
Truck344099,2224,2437,1980,2231,251
Truck344164,2999,3238,2000,2231,231
Truck344732,2656,2437,2155,2231,76
Truck342964,1339,1338,1665,2232,567
Truck344351,2224,3331,2050,2232,182
Truck343676,2437,2436,1865,2233,368
Truck344509,3238,2655,2095,2233,138
Truck343863,2436,3121,1915,2234,319
Truck343916,2225,2821,1930,2234,304
Truck344002,2999,2436,1955,2234,279
Truck344326,2999,2656,2045,2234,189
Truck344386,1339,2999,2060,2234,174
Truck343303,3238,2436,1760,2235,475
Truck344554,2822,3121,2105,2235,130
Truck344761,3238,0,2165,2235,70
Truck344767,3331,2225,2165,2235,70
Truck344117,2224,2436,1985,2236,251
Truck344750,2656,3121,2160,2236,76
Truck344861,2998,2821,2190,2236,46
Truck344369,2224,3331,2055,2237,182
Truck344553,2821,2225,2105,2237,132
Truck344803,3331,2821,2175,2237,62
Truck342781,3238,1338,1615,2238,623
Truck343449,2436,2821,1800,2238,438
Truck344641,3331,2998,2130,2238,108
Truck344910,3239,3331,2205,2238,33
Truck343738,1339,2224,1880,2239,359
Truck344166,3122,2822,2000,2239,239
Truck344336,2656,0,2045,2239,194
Truck344771,2998,2224,2165,2239,74
Truck344821,3331,2822,2180,2239,59
Truck344892,3239,3121,2200,2239,39
Truck344592,0,2655,2120,2240,120
Truck344775,2655,3331,2170,2240,70
Truck343323,2436,3238,1765,2241,476
Truck344035,1338,2225,1965,2241,276
Truck344358,0,2999,2055,2241,186
Truck344596,2999,2225,2120,2242,122
Truck344788,2822,2998,2170,2242,72
Truck344998,1339,0,2230,2242,12
Truck343944,0,2225,1940,2243,303
Truck344678,2656,2998,2140,2243,103
Truck343721,2224,0,1875,2244,369
Truck344193,2821,1339,2005,2244,239
Truck343267,3238,2436,1750,2245,495
Truck343431,2436,3331,1795,2245,450
Truck343757,2224,3122,1885,2245,360
Truck343823,3121,2436,1905,2245,340
Truck343947,2655,2225,1940,2245,305
Truck343952,2225,3331,1940,2245,305
Truck343997,2998,0,1950,2246,296
Truck344153,2224,2225,1995,2246,251
Truck344423,2224,2656,2070,2246,176
Truck344434,2999,3122,2075,2246,171
Truck344895,2821,2998,2200,2246,46
Truck344219,3121,1339,2015,2247,232
Truck344425,3331,1339,2070,2247,177
Truck344949,2821,2822,2215,2247,32
Truck344176,2822,0,2000,2248,248
Truck344300,2656,3238,2035,2248,213
Truck344311,3238,3331,2040,2248,208
Truck344317,3331,3238,2040,2248,208
Truck344379,2655,2999,2060,2248,188
Truck344380,2999,2822,2060,2248,188
Truck344389,3331,0,2060,2248,188
Truck344484,0,3239,2090,2248,158
Truck344527,3238,2437,2100,2248,148
Truck343423,1338,3121,1795,2249,454
Truck344440,1339,2999,2075,2249,174
Truck344801,2224,2998,2175,2249,74
Truck343970,2225,2224,1945,2250,305
Truck344400,3122,2656,2065,2250,185
Truck344418,3122,3331,2070,2250,180
Truck344684,2437,2655,2145,2250,105
Truck344160,0,2821,2000,2251,251
Truck344171,2224,3121,2000,2251,251
Truck344183,3121,2822,2005,2251,246
Truck344804,2656,2655,2175,2251,76
Truck344514,3239,0,2095,2252,157
Truck344607,2821,2655,2120,2252,132
Truck344850,3122,3238,2190,2252,62
Truck344877,2821,2656,2195,2252,57
Truck344407,3331,0,2065,2253,188
Truck344600,2225,2436,2120,2253,133
Truck344702,2437,0,2150,2253,103
Truck342991,1338,2656,1675,2254,579
Truck343792,1339,2224,1895,2254,359
Truck344201,3121,2655,2010,2255,245
Truck344452,2999,1339,2080,2255,175
Truck344626,2822,1338,2125,2255,130
Truck344839,3331,2225,2185,2255,70
Truck342993,2655,1338,1675,2256,581
Truck343788,3122,2224,1895,2256,361
Truck344455,3238,3239,2080,2256,176
Truck344459,2224,2656,2080,2256,176
Truck344586,3239,2998,2115,2256,141
Truck344826,0,3238,2185,2256,71
Truck344764,1339,2437,2165,2257,92
Truck344770,2822,3239,2165,2257,92
Truck344329,3238,2656,2045,2258,213
Truck344735,2998,2656,2155,2258,103
Truck344986,2822,2821,2225,2258,33
Truck343459,1338,3121,1805,2259,454
Truck343899,2436,2437,1925,2259,334
Truck344274,3122,3121,2030,2259,229
Truck344415,2655,2999,2070,2259,189
Truck344416,2999,2224,2070,2259,189
Truck343009,1338,2656,1680,2260,580
Truck343387,1338,2437,1785,2260,475
Truck344006,2225,2998,1955,2260,305
Truck344644,2822,2999,2130,2260,130
Truck344857,3331,2655,2190,2260,70
Truck344207,2224,2655,2010,2261,251
Truck344584,1339,3239,2115,2261,146
Truck344840,2656,1338,2185,2261,76
Truck345084,3122,1339,2255,2261,6
Truck343413,2436,2655,1790,2262,472
Truck343557,2436,2224,1830,2262,432
Truck344034,0,2998,1965,2262,297
Truck344478,3239,3238,2085,2262,177
Truck344720,2437,2998,2155,2262,107
Truck345060,0,1339,2250,2262,12
Truck344617,3238,2655,2125,2263,138
Truck344982,3239,2656,2225,2263,38
Truck343477,1338,3121,1810,2264,454
Truck343027,1338,2656,1685,2265,580
Truck344157,2821,3238,1995,2265,270
Truck344662,2822,1338,2135,2265,130
Truck344069,2998,0,1970,2266,296
Truck344612,2437,3121,2125,2266,141
Truck344738,2437,2822,2160,2266,106
Truck343879,3238,2225,1920,2267,347
Truck344237,3121,2821,2020,2267,247
Truck344661,2821,2999,2135,2267,132
Truck344904,3122,3238,2205,2267,62
Truck344911,3331,2821,2205,2267,62
Truck343539,2436,3239,1825,2268,443
Truck344093,3121,3238,1980,2268,288
Truck344372,2656,3238,2055,2268,213
Truck344501,2998,2225,2090,2268,178
Truck344746,1339,2655,2160,2268,108
Truck344749,3331,2998,2160,2268,108
Truck344768,2656,2998,2165,2268,103
Truck343467,2436,0,1805,2269,464
Truck344830,2999,2437,2185,2269,84
Truck343045,1338,2822,1690,2270,580
Truck343800,0,2224,1900,2270,370
Truck344042,2225,2224,1965,2270,305
Truck344283,2821,3122,2030,2270,240
Truck344506,2999,1339,2095,2270,175
Truck344645,2998,3239,2130,2270,140
Truck344680,2822,2436,2140,2270,130
Truck344865,2655,2656,2195,2270,75
Truck344883,2655,3331,2200,2270,70
Truck344470,2999,0,2085,2271,186
Truck344756,2437,2822,2165,2271,106
Truck344876,2656,2225,2195,2271,76
Truck344113,3238,3121,1985,2273,288
Truck344649,2655,3238,2135,2273,138
Truck343063,1338,2821,1695,2274,579
Truck344941,3238,1339,2215,2274,59
Truck345018,3239,2437,2235,2274,39
Truck343503,2436,2822,1815,2275,460
Truck344273,3121,2821,2030,2275,245
Truck344296,1339,2821,2035,2275,240
Truck344698,2822,2655,2145,2275,130
Truck344718,0,2655,2155,2275,120
Truck344901,2655,3331,2205,2275,70
Truck343065,2655,1338,1695,2276,581
Truck344261,2224,2437,2025,2276,251
Truck344697,2821,2437,2145,2277,132
Truck344070,0,2225,1975,2278,303
Truck344129,3121,3238,1990,2278,288
Truck344488,2999,2821,2090,2278,188
Truck344523,2655,2998,2100,2278,178
Truck343531,1338,3121,1825,2279,454
Truck343882,1339,2224,1920,2279,359
Truck344406,3239,2224,2065,2279,214
Truck345036,3239,2655,2240,2279,39
Truck344078,2225,3331,1975,2280,305
Truck344542,2999,1339,2105,2280,175
Truck344681,2998,3239,2140,2280,140
Truck344716,2822,2437,2150,2280,130
Truck344929,3331,2437,2210,2280,70
Truck344279,2224,3121,2030,2281,251
Truck344545,3238,3239,2105,2281,176
Truck344968,2822,3331,2220,2281,61
Truck344221,3238,2822,2015,2282,267
Truck344703,2655,2821,2150,2282,132
Truck344744,2225,2999,2160,2282,122
Truck344967,2821,3331,2220,2282,62
Truck344984,2656,2821,2225,2282,57
Truck343153,1338,3122,1720,2283,563
Truck343521,2436,0,1820,2283,463
Truck344149,3238,3121,1995,2283,288
Truck344555,2998,2436,2105,2283,178
Truck343900,1339,2224,1925,2284,359
Truck344793,2655,3122,2175,2284,109
Truck344927,2224,2822,2210,2284,74
Truck344810,2437,2224,2180,2286,106
Truck344930,2656,2999,2210,2286,76
Truck344309,3121,2655,2040,2287,247
Truck344733,2821,3121,2155,2287,132
Truck344676,3239,3122,2140,2288,148
Truck344900,2437,2999,2205,2288,83
Truck345072,3239,2655,2250,2289,39
Truck345196,1339,3122,2285,2289,4
Truck343117,1338,2998,1710,2290,580
Truck344709,2436,2225,2150,2290,140
Truck344752,2822,2655,2160,2290,130
Truck344874,3239,2821,2195,2290,95
Truck344965,3331,2436,2220,2290,70
Truck343575,2436,2998,1835,2291,456
Truck344315,2224,3121,2040,2291,251
Truck344327,3121,2821,2045,2291,246
Truck344692,1339,3239,2145,2291,146
Truck343593,2436,3239,1840,2292,452
Truck344882,2437,1339,2200,2292,92
Truck342973,1338,3238,1670,2293,623
Truck344587,3331,3122,2115,2293,178
Truck344858,2656,2998,2190,2293,103
Truck344538,0,3331,2105,2294,189
Truck345013,3238,1339,2235,2294,59
Truck344095,3238,2998,1980,2295,315
Truck344132,2225,2821,1990,2295,305
Truck344345,3121,2656,2050,2295,245
Truck344520,0,2656,2100,2295,195
Truck344983,3331,2436,2225,2295,70
Truck343514,2437,1338,1820,2296,476
Truck343932,3122,2224,1935,2296,361
Truck344398,2999,3238,2065,2296,231
Truck344846,2437,2821,2190,2296,106
Truck344966,2656,2437,2220,2296,76
Truck343198,1339,1338,1730,2297,567
Truck343801,1338,2999,1900,2297,397
Truck343988,2225,3238,1950,2297,347
Truck344399,3121,1339,2065,2297,232
Truck344585,2224,3331,2115,2297,182
Truck344769,2821,2437,2165,2297,132
Truck344356,2822,0,2050,2298,248
Truck344560,2999,3239,2110,2298,188
Truck344569,3331,0,2110,2298,188
Truck344862,0,2437,2195,2298,103
Truck344552,2656,0,2105,2299,194
Truck345108,3239,2437,2260,2299,39
Truck344150,2225,2656,1995,2300,305
Truck344522,2437,2225,2100,2300,200
Truck344819,2224,2821,2180,2300,120
Truck345001,3331,3121,2230,2300,70
Truck344168,2225,0,2000,2302,302
Truck344363,3121,3331,2055,2302,247
Truck344603,2224,3331,2120,2302,182
Truck344864,2437,2655,2195,2302,107
Truck345004,2822,2998,2230,2302,72
Truck345057,2821,2656,2245,2302,57
Truck343225,1338,3122,1740,2303,563
Truck344627,2998,2436,2125,2303,178
Truck343171,1338,2821,1725,2304,579
Truck345126,3239,2436,2265,2304,39
Truck343549,1338,2437,1830,2305,475
Truck343926,0,2224,1935,2305,370
Truck344301,2821,3238,2035,2305,270
Truck344381,3121,2656,2060,2305,245
Truck344806,2822,2655,2175,2305,130
Truck345019,3331,1338,2235,2305,70
Truck345002,2656,1338,2230,2306,76
Truck345006,0,3238,2235,2306,71
Truck345111,2821,2998,2260,2306,46
Truck344595,2655,2999,2120,2307,187
Truck343701,2436,3239,1870,2308,438
Truck343647,2436,2822,1855,2309,454
Truck343990,1339,2224,1950,2309,359
Truck344847,2655,0,2190,2309,119
Truck345017,2224,2822,2235,2309,74
Truck344115,2436,3121,1985,2310,325
Truck344186,2225,2822,2005,2310,305
Truck344824,2822,2999,2180,2310,130
Truck345037,3331,3121,2240,2310,70
Truck344036,2437,2436,1965,2311,346
Truck344387,2224,2655,2060,2311,251
Truck344777,3121,2437,2170,2311,141
Truck343858,2999,1338,1915,2312,397
Truck344079,2436,2437,1975,2312,337
Truck345092,2656,2821,2255,2312,57
Truck343683,2436,3122,1865,2313,448
Truck343737,2436,2998,1880,2313,433
Truck344133,2436,3121,1990,2313,323
Truck344417,3121,0,2070,2313,243
Truck344638,1339,2656,2130,2313,183
Truck344760,3122,3239,2165,2313,148
Truck344766,3239,3122,2165,2313,148
Truck344436,3122,2822,2075,2314,239
Truck344606,2656,0,2120,2314,194
Truck344642,2656,3122,2130,2314,184
Truck345035,2224,2822,2240,2314,74
Truck344204,2225,2822,2010,2315,305
Truck344337,2821,3238,2045,2315,270
Truck344842,2822,2655,2185,2315,130
Truck345055,3331,1338,2245,2315,70
Truck343261,1338,1339,1750,2316,566
Truck344394,0,2821,2065,2316,251
Truck345038,2656,2655,2240,2316,76
Truck344870,2225,2999,2195,2317,122
Truck345058,2822,2224,2245,2317,72
Truck344549,2224,3239,2105,2318,213
Truck344774,2437,3238,2170,2318,148
Truck344934,0,2437,2215,2318,103
Truck345171,2655,3239,2280,2318,38
Truck344222,2225,2655,2015,2319,304
Truck344632,2999,3331,2130,2319,189
Truck344860,2822,3121,2190,2320,130
Truck345073,3331,2999,2250,2320,70
Truck344433,2655,3121,2075,2321,246
Truck344476,1339,2822,2085,2321,236
Truck344936,2437,2224,2215,2321,106
Truck345165,2821,2998,2275,2321,46
Truck344077,3238,2225,1975,2322,347
Truck344240,2225,0,2020,2322,302
Truck344489,3121,1339,2090,2322,232
Truck344685,2655,2998,2145,2323,178
Truck344568,3239,2224,2110,2324,214
Truck345003,2821,3239,2230,2324,94
Truck345071,2224,2998,2250,2324,74
Truck345124,1339,3238,2265,2324,59
Truck343243,1338,2656,1745,2325,580
Truck343629,2436,2655,1850,2325,475
Truck344878,2822,2999,2195,2325,130
Truck345091,3331,2225,2255,2325,70
Truck343719,2436,1339,1875,2326,451
Truck344722,2999,3122,2155,2326,171
Truck344954,2437,3331,2220,2326,106
Truck344392,2822,3238,2060,2328,268
Truck344717,2998,2999,2150,2328,178
Truck344851,3238,2655,2190,2328,138
Truck343755,2436,2656,1885,2329,444
Truck344466,0,3121,2085,2329,244
Truck345164,2656,2822,2275,2329,54
Truck345216,3239,2655,2290,2329,39
Truck344630,2437,2225,2130,2330,200
Truck344896,2822,2655,2200,2330,130
Truck344303,2998,0,2035,2331,296
Truck344471,3121,3239,2085,2331,246
Truck344836,1339,3239,2185,2331,146
Truck344972,2437,2821,2225,2331,106
Truck344401,3238,2822,2065,2332,267
Truck344802,3239,0,2175,2332,157
Truck345026,2437,1339,2240,2332,92
Truck344268,0,2225,2030,2333,303
Truck344599,3238,2656,2120,2333,213
Truck344686,2999,2998,2145,2333,188
Truck344838,3239,3122,2185,2333,148
Truck343279,1338,3331,1755,2334,579
Truck344045,2224,0,1965,2334,369
Truck344518,2822,3122,2095,2334,239
Truck345107,2224,2822,2260,2334,74
Truck345234,3239,1338,2295,2334,39
Truck344487,2655,3121,2090,2335,245
Truck344914,2822,3121,2205,2335,130
Truck344061,2436,2437,1970,2336,366
Truck344477,2224,3121,2085,2336,251
Truck344990,2437,2822,2230,2336,106
Truck345110,2656,2225,2260,2336,76
Truck345131,2998,2822,2265,2336,71
Truck345163,3331,2821,2275,2337,62
Truck344428,2822,3238,2070,2338,268
Truck345020,2656,2998,2235,2338,103
Truck344147,3121,2436,1995,2339,344
Truck344919,2655,2822,2210,2339,129
Truck344955,2655,0,2220,2339,119
Truck343297,1338,2655,1760,2340,580
Truck344257,3238,2998,2025,2340,315
Truck344294,2225,2822,2035,2340,305
Truck344375,2998,1339,2055,2340,285
Truck344419,3238,2821,2070,2340,270
Truck344563,3238,2999,2110,2340,230
Truck344932,2822,2999,2210,2340,130
Truck345145,3331,2999,2270,2340,70
Truck343845,2436,1339,1910,2341,431
Truck344495,2224,2437,2090,2341,251
Truck344507,3121,2821,2095,2341,246
Truck345237,2821,2998,2295,2341,46
Truck343791,2436,1338,1895,2342,447
Truck344255,3121,2436,2025,2342,317
Truck344956,2999,2225,2220,2342,122
Truck344365,3238,3121,2055,2343,288
Truck345075,2821,3239,2250,2344,94
Truck343315,1338,2655,1765,2345,580
Truck344090,2437,2436,1980,2345,365
Truck344312,2225,2822,2040,2345,305
Truck344700,0,2656,2150,2345,195
Truck344950,2822,2999,2215,2345,130
Truck344970,0,2655,2225,2345,120
Truck343694,2437,1338,1870,2346,476
Truck344903,3121,2437,2205,2346,141
Truck344420,2225,1338,2070,2347,277
Truck344572,2822,1339,2110,2347,237
Truck344765,2224,3331,2165,2347,182
Truck344785,3331,1339,2170,2347,177
Truck345166,2822,2224,2275,2347,72
Truck344135,2224,1339,1990,2348,358
Truck344789,2998,1338,2170,2348,178
Truck345056,2656,2998,2245,2348,103
Truck345288,3239,2656,2310,2348,38
Truck343783,1338,3121,1895,2349,454
Truck343810,1339,2436,1900,2349,449
Truck344562,3122,2822,2110,2349,239
Truck345167,2998,2224,2275,2349,74
Truck345030,3122,2655,2240,2350,110
Truck343333,1338,3239,1770,2351,581
Truck344291,3121,2436,2035,2351,316
Truck344330,2225,2998,2045,2351,306
Truck344531,2224,2225,2100,2351,251
Truck344543,3121,2224,2105,2351,246
Truck345275,2998,2821,2305,2351,46
Truck345415,3331,2656,2345,2351,6
Truck345044,2437,2656,2245,2352,107
Truck345210,3122,3238,2290,2352,62
Truck345219,2821,3331,2290,2352,62
Truck344807,2998,2225,2175,2353,178
Truck345062,2437,0,2250,2353,103
Truck345116,2437,3122,2265,2353,88
Truck345134,2437,2999,2270,2353,83
Truck344343,2655,2225,2050,2354,304
Truck344524,2999,2436,2100,2354,254
Truck344589,2821,1339,2115,2354,239
Truck345120,3122,2437,2265,2354,89
Truck345179,2224,2998,2280,2354,74
Truck345306,3239,2436,2315,2354,39
Truck343351,1338,3239,1775,2355,580
Truck343827,2436,3331,1905,2355,450
Truck344758,2999,3331,2165,2355,190
Truck344924,2225,2436,2210,2355,145
Truck345189,2655,3331,2285,2355,70
Truck345193,3238,0,2285,2355,70
Truck345199,3331,2655,2285,2355,70
Truck344822,2656,2224,2180,2356,176
Truck345426,3122,1339,2350,2356,6
Truck343773,2436,2656,1890,2357,467
Truck344985,2821,2436,2225,2357,132
Truck345010,2999,2225,2235,2357,122
Truck345412,1339,0,2345,2357,12
Truck344689,3238,2656,2145,2358,213
Truck344693,2224,3239,2145,2358,213
Truck344825,2998,2436,2180,2358,178
Truck344918,2437,3238,2210,2358,148
Truck343369,1338,2998,1780,2359,579
Truck343627,3238,2436,1850,2359,509
Truck343842,3122,2436,1910,2359,449
Truck344366,2225,2655,2055,2359,304
Truck344574,0,3121,2115,2359,244
Truck344608,2822,3122,2120,2359,239
Truck344772,0,3331,2170,2359,189
Truck345138,3122,2437,2270,2359,89
Truck345272,2656,2822,2305,2359,54
Truck345324,3239,3121,2320,2359,39
Truck344579,3121,2656,2115,2360,245
Truck344814,3122,3331,2180,2360,180
Truck345217,3331,1338,2290,2360,70
Truck344833,3238,3239,2185,2361,176
Truck344960,2225,2436,2220,2361,141
Truck345200,2656,2436,2285,2361,76
Truck345256,2822,3331,2300,2361,61
Truck344633,3121,1339,2130,2362,232
Truck345273,2821,2656,2305,2362,57
Truck345420,0,1339,2350,2362,12
Truck344437,3238,3121,2075,2363,288
Truck344818,1339,2656,2180,2363,183
Truck344829,2655,2998,2185,2363,178
Truck344843,2998,2225,2185,2363,178
Truck345113,2998,2656,2260,2363,103
Truck343890,0,2436,1925,2364,439
Truck345342,3239,2999,2325,2364,39
Truck345235,3331,2655,2295,2365,70
Truck344205,2436,2437,2010,2366,356
Truck344429,2998,0,2070,2366,296
Truck344597,3121,2224,2120,2366,246
Truck344812,2999,0,2180,2366,186
Truck345098,2437,2998,2260,2366,106
Truck345469,3331,2656,2360,2366,6
Truck344492,2225,1338,2090,2367,277
Truck344928,3239,0,2210,2367,157
Truck345021,2821,3121,2235,2367,132
Truck345160,1339,2437,2275,2367,92
Truck344669,3121,3122,2140,2368,228
Truck344811,2655,2999,2180,2368,188
Truck344916,0,3239,2210,2368,158
Truck345099,2655,1339,2260,2368,108
Truck345262,2999,3121,2305,2368,63
Truck345351,2655,3239,2330,2368,38
Truck343405,1338,2656,1790,2369,579
Truck345174,3122,2437,2280,2369,89
Truck345360,3239,3121,2330,2369,39
Truck344402,2225,3239,2065,2370,305
Truck345040,2822,3121,2240,2370,130
Truck345253,3331,2437,2300,2370,70
Truck345236,2656,1338,2295,2371,76
Truck344615,3121,3239,2125,2372,247
Truck344946,3239,0,2215,2372,157
Truck345039,2821,2225,2240,2372,132
Truck343422,0,1338,1795,2373,578
Truck344225,2224,1339,2015,2373,358
Truck344472,3122,2225,2085,2373,288
Truck344854,1339,2656,2190,2373,183
Truck345127,3331,2998,2265,2373,108
Truck345146,2656,2998,2270,2373,103
Truck345149,2998,2656,2270,2373,103
Truck343663,3238,2436,1860,2374,514
Truck343935,2436,2224,1935,2374,439
Truck344224,1339,2224,2015,2374,359
Truck344867,3121,2225,2195,2374,179
Truck345081,2655,0,2255,2374,119
Truck345378,3239,1338,2335,2374,39
Truck344178,0,2224,2005,2375,370
Truck344631,2655,3121,2130,2375,245
Truck345180,3239,2821,2280,2375,95
Truck345271,3331,1338,2305,2375,70
Truck345456,0,3122,2360,2376,16
Truck345505,3331,2656,2370,2376,6
Truck344275,3238,2225,2030,2377,347
Truck344313,2436,2437,2040,2377,337
Truck344438,2225,0,2075,2377,302
Truck344448,0,2998,2080,2377,297
Truck344964,3239,0,2220,2377,157
Truck345198,3239,2822,2285,2377,92
Truck345484,1339,0,2365,2377,12
Truck344243,2224,1339,2020,2378,358
Truck344628,0,2822,2130,2378,248
Truck344848,2999,3239,2190,2378,188
Truck344893,3331,3122,2200,2378,178
Truck344897,2998,2225,2200,2378,178
Truck345000,3239,3122,2230,2378,148
Truck345201,2821,3239,2285,2379,94
Truck343441,1338,2655,1800,2380,580
Truck344674,1339,2821,2140,2380,240
Truck344902,2999,1339,2205,2380,175
Truck345076,2822,2999,2250,2380,130
Truck345289,3331,1338,2310,2380,70
Truck344494,1339,2225,2090,2381,291
Truck344704,2999,3238,2150,2381,231
Truck345214,1339,2437,2290,2382,92
Truck344797,3238,3331,2175,2383,208
Truck344866,2999,3239,2195,2383,188
Truck344908,1339,3331,2205,2383,178
Truck345244,2999,2437,2300,2384,84
Truck345414,3239,2437,2345,2384,39
Truck344451,2655,2225,2080,2385,305
Truck344456,2225,3239,2080,2385,305
Truck344844,0,2656,2190,2385,195
Truck345094,2822,2436,2255,2385,130
Truck345279,2655,2656,2310,2385,75
Truck345297,2655,3331,2315,2385,70
Truck345337,3238,3122,2325,2385,60
Truck343980,0,2436,1950,2386,436
Truck344511,2436,2999,2095,2386,291
Truck344657,2224,2655,2135,2386,251
Truck345170,2437,2224,2280,2386,106
Truck345290,2656,3121,2310,2386,76
Truck345346,2822,3331,2325,2386,61
Truck343881,2436,3239,1920,2387,467
Truck344474,2225,0,2085,2387,302
Truck345093,2821,1338,2255,2387,132
Truck345031,3238,2437,2240,2388,148
Truck345178,1339,2655,2280,2388,108
Truck345203,2998,2656,2285,2388,103
Truck345423,2655,3239,2350,2388,38
Truck344007,2436,2224,1955,2389,434
Truck344884,2999,2224,2200,2389,189
Truck345358,1339,3238,2330,2389,59
Truck345432,3239,3121,2350,2389,39
Truck343855,1338,2437,1915,2390,475
Truck344447,2998,3238,2075,2390,315
Truck344743,3238,2999,2160,2390,230
Truck345325,3331,1338,2320,2390,70
Truck344667,2655,2224,2140,2391,251
Truck344898,0,2999,2205,2391,186
Truck345188,2437,2655,2285,2391,106
Truck345308,2656,1338,2315,2391,76
Truck345364,2822,3331,2330,2391,61
Truck344734,2822,1339,2155,2392,237
Truck345328,2822,2224,2320,2392,72
Truck345353,3121,2999,2330,2392,62
Truck345471,2821,2822,2360,2392,32
Truck345528,0,1339,2380,2392,12
Truck344025,2436,2656,1960,2393,433
Truck345054,3239,3122,2245,2393,148
Truck343949,3121,1338,1940,2394,454
Truck345255,2821,3239,2300,2394,94
Truck345398,2656,2822,2340,2394,54
Truck344250,0,2224,2025,2395,370
Truck344880,0,2656,2200,2395,195
Truck345130,2822,1338,2265,2395,130
Truck345252,3239,2821,2300,2395,95
Truck343495,1338,2655,1815,2396,581
Truck344705,3121,3239,2150,2396,246
Truck345050,2225,2436,2245,2396,151
Truck345435,2821,2998,2350,2396,46
Truck345129,2821,3121,2265,2397,132
Truck345268,1339,2437,2305,2397,92
Truck343512,0,1338,1820,2398,578
Truck343567,1338,3122,1835,2398,563
Truck345135,2655,2822,2270,2399,129
Truck345207,2655,3122,2290,2399,109
Truck345347,2998,2224,2325,2399,74
Truck343513,1338,2656,1820,2400,580
Truck344510,2225,2998,2095,2400,305
Truck344723,3121,2822,2155,2400,245
Truck345148,2822,2437,2270,2400,130
Truck345333,2655,2656,2325,2400,75
Truck345361,3331,2436,2330,2400,70
Truck345090,3239,1339,2255,2401,146
Truck345453,2821,2998,2355,2401,46
Truck344182,2999,1338,2005,2402,397
Truck344528,2225,0,2100,2402,302
Truck344994,3122,2999,2230,2402,172
Truck345172,2999,2225,2280,2402,122
Truck344938,2999,2821,2215,2403,188
Truck345080,2437,3238,2255,2403,148
Truck345242,2437,0,2300,2403,103
Truck344975,3121,2225,2225,2404,179
Truck345486,3239,3121,2365,2404,39
Truck344333,2224,3122,2045,2405,360
Truck343533,2655,1338,1825,2406,581
Truck343585,1338,1339,1840,2406,566
Truck343953,2436,2998,1940,2406,466
Truck344741,3121,3331,2160,2406,246
Truck344794,2999,3238,2175,2406,231
Truck345564,0,3122,2390,2406,16
Truck345382,2822,2224,2335,2407,72
Truck344887,3238,3331,2200,2408,208
Truck345005,2998,1338,2230,2408,178
Truck344546,2225,2656,2105,2410,305
Truck345184,2822,2225,2280,2410,130
Truck343971,2436,2821,1945,2411,466
Truck344591,2998,0,2115,2411,296
Truck344747,2224,2225,2160,2411,251
Truck345380,2656,1338,2335,2411,76
Truck345384,0,3238,2340,2411,71
Truck344071,1338,2436,1975,2412,437
Truck344098,1339,2436,1980,2412,432
Truck345183,2821,2225,2280,2412,132
Truck344097,2436,3331,1980,2413,433
Truck345023,2998,2655,2235,2413,178
Truck345276,0,2437,2310,2413,103
Truck344974,2999,3239,2225,2414,189
Truck345352,2999,2437,2330,2414,84
Truck344322,0,2224,2045,2415,370
Truck344564,2225,2655,2110,2415,305
Truck344952,0,2656,2220,2415,195
Truck345445,3238,3122,2355,2415,60
Truck344754,0,2821,2165,2416,251
Truck344757,2655,2224,2165,2416,251
Truck345454,2822,3331,2355,2416,61
Truck345509,2998,2821,2370,2416,46
Truck343630,1339,1338,1850,2417,567
Truck344992,2999,2656,2230,2418,188
Truck345027,2655,2998,2240,2418,178
Truck345542,2656,3239,2380,2418,38
Truck345558,3239,3331,2385,2418,33
Truck344582,2225,2822,2115,2419,304
Truck345220,2822,2436,2290,2420,130
Truck345405,2655,2656,2345,2420,75
Truck343639,1338,1339,1855,2421,566
Truck344783,2224,2655,2170,2421,251
Truck344795,3121,2224,2175,2421,246
Truck345416,2656,3121,2345,2421,76
Truck345086,2225,2436,2255,2422,167
Truck343447,3238,1338,1800,2423,623
Truck345059,2998,2437,2245,2423,178
Truck345162,3239,3122,2275,2423,148
Truck345225,2655,2822,2295,2424,129
Truck345372,3122,2437,2335,2424,89
Truck344805,2821,0,2175,2425,250
Truck344869,3238,2999,2195,2425,230
Truck345238,2822,2999,2295,2425,130
Truck345067,3238,3239,2250,2426,176
Truck345434,2656,2225,2350,2426,76
Truck345455,2998,2822,2355,2426,71
Truck345543,2821,2998,2380,2426,46
Truck344043,2436,3239,1965,2427,462
Truck344618,2225,0,2125,2427,302
Truck344708,2225,1338,2150,2427,277
Truck344161,1338,2436,2000,2428,428
Truck345052,1339,2656,2245,2428,183
Truck345028,2999,2655,2240,2429,189
Truck345065,3121,2225,2250,2429,179
Truck345088,1339,2999,2255,2429,174
Truck345576,3239,2999,2390,2429,39
Truck343621,1338,2821,1850,2430,580
Truck344125,1338,2436,1990,2430,440
Truck344823,2821,0,2180,2430,250
Truck345048,3122,2656,2245,2430,185
Truck344872,1339,2822,2195,2431,236
Truck345095,2998,3121,2255,2433,178
Truck345362,2656,2998,2330,2433,103
Truck345422,2437,2999,2350,2433,83
Truck345585,2655,3239,2395,2433,38
Truck344089,1338,3121,1980,2434,454
Truck344636,2225,2656,2130,2434,304
Truck345046,2999,3239,2245,2434,189
Truck345074,2656,3122,2250,2434,184
Truck344017,1338,2437,1960,2435,475
Truck344441,2224,3122,2075,2435,360
Truck345008,2437,2225,2235,2435,200
Truck345274,2822,2655,2305,2435,130
Truck345309,2821,2224,2315,2435,120
Truck345396,3239,2821,2340,2435,95
Truck345459,2655,2656,2360,2435,75
Truck345477,2655,3331,2365,2435,70
Truck344169,2436,3331,2000,2436,436
Truck344837,2224,3121,2185,2436,251
Truck345224,2437,3121,2295,2436,141
Truck344868,3122,2821,2195,2437,242
Truck345404,2437,1339,2345,2437,92
Truck345633,2821,2822,2405,2437,32
Truck344707,3238,3121,2150,2438,288
Truck345614,2656,3239,2400,2438,38
Truck345064,2999,2224,2250,2439,189
Truck345417,2821,3239,2345,2439,94
Truck345538,1339,3238,2380,2439,59
Truck343657,1338,2821,1860,2440,580
Truck344654,2225,2224,2135,2440,305
Truck344859,2821,0,2190,2440,250
Truck344923,3238,2999,2210,2440,230
Truck345499,3238,0,2370,2440,70
Truck344855,2224,2436,2190,2441,251
Truck344920,2999,3238,2210,2441,231
Truck345078,0,2999,2255,2441,186
Truck345128,2656,2224,2265,2441,176
Truck345488,2656,3121,2365,2441,76
Truck345599,2998,2821,2395,2441,46
Truck344672,2225,0,2140,2442,302
Truck344886,3122,2821,2200,2442,242
Truck345158,2225,2436,2275,2442,167
Truck345291,2821,3121,2310,2442,132
Truck345117,2655,2998,2265,2443,178
Truck345383,2998,3331,2335,2443,108
Truck344913,2821,1339,2205,2444,239
Truck345119,3121,2225,2265,2444,179
Truck343675,1338,2655,1865,2445,580
Truck345310,2822,2225,2315,2445,130
Truck345386,2437,2821,2340,2445,105
Truck345523,3331,2436,2375,2445,70
Truck344873,2224,2999,2195,2446,251
Truck344885,3121,2224,2200,2446,246
Truck345506,2656,1338,2370,2446,76
Truck344944,1339,3121,2215,2447,232
Truck345144,3239,3238,2270,2447,177
Truck345156,3122,2999,2275,2447,172
Truck345440,2437,1339,2355,2447,92
Truck345736,1339,0,2435,2447,12
Truck344682,0,2225,2145,2448,303
Truck345100,2999,2998,2260,2448,188
Truck345109,3331,0,2260,2448,188
Truck344251,1338,2436,2025,2449,424
Truck345140,2225,3121,2270,2449,179
Truck345648,3239,2999,2410,2449,39
Truck344690,2225,2998,2145,2450,305
Truck345154,2999,1339,2275,2450,175
Truck345293,2998,3239,2310,2450,140
Truck345541,3331,2436,2380,2450,70
Truck344145,2655,2436,1995,2451,456
Truck344490,3122,2224,2090,2451,361
Truck344891,2224,2437,2200,2451,251
Truck343555,3238,1338,1830,2453,623
Truck343711,1338,2656,1875,2454,579
Truck345545,2998,2224,2380,2454,74
Truck345592,1339,3238,2395,2454,59
Truck345666,3239,2436,2415,2454,39
Truck344671,3238,2998,2140,2455,315
Truck345118,2999,2224,2265,2455,190
Truck345366,0,2655,2335,2455,120
Truck345377,2224,2821,2335,2455,120
Truck344187,2436,1339,2005,2456,451
Truck344909,2224,2436,2205,2456,251
Truck345175,3238,3239,2280,2456,176
Truck345296,2437,3121,2315,2456,141
Truck345587,3121,2999,2395,2457,62
Truck345185,2998,2225,2280,2458,178
Truck344179,1338,3121,2005,2459,454
Truck344958,3122,2822,2220,2459,239
Truck345136,2999,2656,2270,2459,189
Truck345387,2655,0,2340,2459,119
Truck345607,3238,1339,2400,2459,59
Truck345684,3239,2225,2420,2459,39
Truck343729,1338,2822,1880,2460,580
Truck344721,2655,2225,2155,2460,305
Truck344726,2225,2224,2155,2460,305
Truck344931,2821,0,2210,2460,250
Truck345190,2999,1339,2285,2460,175
Truck344937,2655,3121,2215,2461,246
Truck345304,1339,3239,2315,2461,146
Truck345811,3331,2656,2455,2461,6
Truck345270,3239,0,2305,2462,157
Truck345504,3239,2822,2370,2462,92
Truck345613,3331,2821,2400,2462,62
Truck343591,3238,1338,1840,2463,623
Truck344184,3122,2436,2005,2463,458
Truck345604,2999,3121,2400,2463,63
Truck345826,1339,3122,2460,2464,4
Truck343747,1338,3331,1885,2465,580
Truck344739,2655,2225,2160,2465,305
Truck344957,3121,3239,2220,2465,245
Truck345589,3238,0,2395,2465,70
Truck345595,3331,2436,2395,2465,70
Truck345625,3238,3122,2405,2465,60
Truck344687,3121,2436,2145,2466,321
Truck344945,2224,2437,2215,2466,251
Truck345215,2224,2656,2290,2466,176
Truck345332,2437,3121,2325,2466,141
Truck345578,2656,1338,2390,2466,76
Truck345634,2822,3331,2405,2466,61
Truck345786,3122,0,2450,2466,16
Truck345381,2821,3121,2335,2467,132
Truck343603,1338,3238,1845,2468,623
Truck344745,2436,3121,2160,2468,308
Truck345181,3331,0,2280,2468,188
Truck345221,2998,2436,2290,2468,178
Truck345319,3238,2437,2320,2468,148
Truck344277,2436,2822,2030,2469,439
Truck345649,3331,2822,2410,2469,59
Truck345400,2822,2436,2340,2470,130
Truck345476,2437,3331,2365,2470,105
Truck343819,1338,1339,1905,2471,566
Truck344259,2436,2821,2025,2471,446
Truck344963,2224,2655,2220,2471,251
Truck345399,2821,2999,2340,2472,132
Truck345424,2999,2225,2350,2472,122
Truck345530,2437,1339,2380,2472,92
Truck345757,3331,3239,2440,2472,32
Truck345218,2656,1339,2290,2473,183
Truck345294,0,3239,2315,2473,158
Truck344780,2225,2822,2170,2474,304
Truck344988,0,3121,2230,2474,244
Truck345022,2822,3122,2235,2474,239
Truck345357,2436,2225,2330,2474,144
Truck345441,2655,0,2355,2474,119
Truck345738,3239,2225,2435,2474,39
Truck344993,3121,2821,2230,2475,245
Truck345152,2437,2225,2275,2475,200
Truck345635,2998,2822,2405,2476,71
Truck344449,1338,2999,2080,2477,397
Truck345338,2225,2436,2325,2477,152
Truck345494,2437,2656,2370,2477,107
Truck345548,2437,1339,2385,2477,92
Truck345667,3331,2821,2415,2477,62
Truck344849,3121,3238,2190,2478,288
Truck345121,3238,2656,2265,2478,213
Truck345139,3238,3331,2270,2478,208
Truck344151,2436,3238,1995,2479,484
Truck344491,3238,2224,2090,2479,389
Truck345066,3122,3121,2250,2479,229
Truck345495,2655,3122,2370,2479,109
Truck345629,2224,2998,2405,2479,74
Truck345756,3239,2437,2440,2479,39
Truck345186,0,2656,2285,2480,195
Truck345436,2822,2436,2350,2480,130
Truck345639,2655,3331,2410,2480,70
Truck344999,2224,2437,2230,2481,251
Truck345011,3121,3331,2235,2481,246
Truck345741,2821,2998,2435,2481,46
Truck345368,2437,3238,2335,2483,148
Truck344620,1339,2224,2125,2484,359
Truck344816,2225,2224,2180,2484,304
Truck345226,2999,2821,2295,2484,189
Truck345647,2224,2998,2410,2484,74
Truck345722,2656,2822,2430,2484,54
Truck345774,3239,3121,2445,2484,39
Truck344666,2437,2436,2140,2485,345
Truck345194,2225,2437,2285,2485,200
Truck345264,3122,3331,2305,2485,180
Truck345697,3238,3122,2425,2485,60
Truck345009,2655,2224,2235,2486,251
Truck345070,1339,2822,2250,2486,236
Truck345082,2999,3238,2255,2486,231
Truck345394,1339,3239,2340,2486,146
Truck345650,2656,2999,2410,2486,76
Truck344223,2436,2821,2015,2487,472
Truck345723,2821,2656,2430,2487,57
Truck344349,2436,1339,2050,2488,438
Truck345715,3238,1339,2430,2489,59
Truck344639,2224,3122,2130,2490,360
Truck344834,2225,2821,2185,2490,305
Truck345206,2437,2225,2290,2490,200
Truck345298,2999,1339,2315,2490,175
Truck345472,2822,2225,2360,2490,130
Truck345685,3331,2437,2420,2490,70
Truck343837,1338,3331,1910,2491,581
Truck344634,3122,2224,2130,2491,361
Truck344915,2998,3122,2205,2491,286
Truck345668,2656,2437,2415,2491,76
Truck345777,2821,2998,2445,2491,46
Truck345920,2656,3331,2485,2491,6
Truck343693,1338,3238,1870,2493,623
Truck345182,2656,3238,2280,2493,213
Truck345311,2998,3121,2315,2493,178
Truck345409,3238,2437,2345,2493,148
Truck345559,3331,2998,2385,2493,108
Truck344314,1339,2436,2040,2494,454
Truck344621,2224,0,2125,2494,369
Truck344925,2436,2999,2210,2494,284
Truck345258,0,3331,2305,2494,189
Truck345733,3238,1339,2435,2494,59
Truck345810,3239,2655,2455,2494,39
Truck345063,2655,3121,2250,2495,245
Truck345240,0,2656,2300,2495,195
Truck345490,2822,2999,2365,2495,130
Truck345510,0,2655,2375,2495,120
Truck344359,1338,2436,2055,2496,441
Truck344852,2225,3239,2190,2496,306
Truck344933,2998,3122,2210,2496,286
Truck345053,2224,1338,2245,2496,251
Truck345686,2656,2225,2420,2496,76
Truck345937,3331,2656,2490,2496,6
Truck343873,1338,0,1920,2497,577
Truck345112,2822,1339,2260,2497,237
Truck345566,2437,2224,2390,2497,107
Truck345620,2437,1339,2405,2497,92
Truck345630,3239,2822,2405,2497,92
Truck345329,2998,2999,2320,2498,178
Truck344567,2224,3238,2110,2499,389
Truck345106,1339,2821,2260,2500,240
Truck345508,2822,2655,2370,2500,130
Truck345584,2437,3239,2395,2500,105
Truck345751,3238,3122,2440,2500,60
Truck344203,3238,2436,2010,2501,491
Truck344926,1339,2225,2210,2501,291
Truck345083,3121,3239,2255,2501,246
Truck345450,3239,1339,2355,2501,146
Truck345704,2656,2437,2425,2501,76
Truck345906,0,3122,2485,2501,16
Truck345343,3331,1339,2325,2502,177
Truck345211,3238,2656,2290,2503,213
Truck345229,3238,3331,2295,2503,208
Truck345322,1339,2656,2320,2503,183
Truck345617,2998,2656,2400,2503,103
Truck345326,2656,3122,2320,2504,184
Truck345725,2998,2224,2430,2504,74
Truck345794,2656,2822,2450,2504,54
Truck343891,1338,2821,1925,2505,580
Truck344831,3121,2436,2185,2505,320
Truck344888,2225,2656,2200,2505,305
Truck344969,2998,1339,2220,2505,285
Truck345526,2822,1338,2375,2505,130
Truck345739,3331,2655,2435,2505,70
Truck345089,2224,2437,2255,2506,251
Truck345312,0,2999,2320,2506,186
Truck345525,2821,3121,2375,2507,132
Truck345656,2437,1339,2415,2507,92
Truck344711,2224,1339,2150,2508,358
Truck345247,3238,3331,2300,2508,208
Truck345458,2437,3238,2360,2508,148
Truck345610,1339,2655,2400,2508,108
Truck343909,1338,2656,1930,2509,579
Truck344906,2225,2998,2205,2509,304
Truck345316,2999,3331,2320,2509,189
Truck345737,2224,2822,2435,2509,74
Truck345864,3239,2225,2470,2509,39
Truck344879,2998,3238,2195,2510,315
Truck345370,2999,1339,2335,2510,175
Truck345621,2655,2437,2405,2510,105
Truck344951,2998,0,2215,2511,296
Truck345096,0,2821,2260,2511,251
Truck345330,0,2999,2325,2511,186
Truck345388,2999,3122,2340,2511,171
Truck345942,0,3122,2495,2511,16
Truck345991,3331,2656,2505,2511,6
Truck344458,1339,2436,2080,2512,432
Truck344762,2225,3238,2165,2512,347
Truck344976,3122,2998,2225,2512,287
Truck345568,2999,2225,2390,2512,122
Truck345674,2437,1339,2420,2512,92
Truck345688,2822,3239,2420,2512,92
Truck345903,2821,2822,2480,2512,32
Truck345137,3121,0,2270,2513,243
Truck345254,2656,3238,2300,2513,213
Truck345631,3331,2998,2405,2513,108
Truck345882,3239,2656,2475,2513,38
Truck345132,0,3121,2270,2514,244
Truck345334,2999,3239,2325,2514,189
Truck345687,2821,3239,2420,2514,94
Truck345302,2225,2437,2315,2515,200
Truck345354,3122,2656,2330,2515,185
Truck345562,2822,2655,2385,2515,130
Truck345624,3122,2655,2405,2515,110
Truck345775,3331,2225,2445,2515,70
Truck344485,1338,2436,2090,2516,426
Truck344980,1339,2225,2225,2516,291
Truck345125,2224,1338,2265,2516,251
Truck345512,2437,3121,2375,2516,141
Truck346002,3122,1339,2510,2516,6
Truck343945,1338,0,1940,2517,577
Truck344813,3121,2436,2180,2517,337
Truck345468,3239,0,2360,2517,157
Truck345638,2437,2821,2410,2517,107
Truck345778,2822,2224,2445,2517,72
Truck345831,2821,2656,2460,2517,57
Truck344367,2436,2821,2055,2518,463
Truck344439,2436,1338,2075,2518,443
Truck344635,3238,2224,2130,2519,389
Truck345567,2655,2822,2390,2519,129
Truck344421,2436,2821,2070,2520,450
Truck344942,2225,2998,2215,2520,305
Truck345147,2821,0,2270,2520,250
Truck345406,2999,1339,2345,2520,175
Truck345580,2822,3121,2390,2520,130
Truck345143,2224,2225,2270,2521,251
Truck345776,2656,1338,2445,2521,76
Truck345797,2998,2822,2450,2521,71
Truck344798,2225,3238,2175,2522,347
Truck345153,2655,3121,2275,2522,247
Truck345155,3121,2655,2275,2522,247
Truck345395,2224,3331,2340,2522,182
Truck345447,2436,2225,2355,2522,167
Truck345579,2821,2437,2390,2522,132
Truck345718,1339,2437,2430,2522,92
Truck345829,3331,2821,2460,2522,62
Truck343807,3238,1338,1900,2523,623
Truck344241,2436,3238,2020,2523,503
Truck345150,0,2822,2275,2523,248
Truck345173,3121,0,2280,2523,243
Truck345287,2224,3239,2310,2523,213
Truck345307,3331,3238,2315,2523,208
Truck345379,3331,0,2335,2523,188
Truck345419,2998,2436,2345,2523,178
Truck345516,3122,3239,2375,2523,148
Truck343963,1338,3331,1945,2524,579
Truck344653,3238,2224,2135,2524,389
Truck345192,3122,2822,2285,2524,239
Truck345202,2822,3122,2285,2524,239
Truck345430,1339,2999,2350,2524,174
Truck345801,2655,3331,2455,2525,70
Truck345016,1339,2225,2235,2526,291
Truck345161,2224,2999,2275,2526,251
Truck345431,2224,2656,2350,2526,176
Truck345573,2436,2225,2390,2527,137
Truck345597,2821,2436,2395,2527,132
Truck345867,2821,2656,2470,2527,57
Truck345029,3121,3238,2240,2528,288
Truck345397,3331,0,2340,2528,188
Truck345433,3331,3122,2350,2528,178
Truck345437,2998,2999,2350,2528,178
Truck345540,3239,3122,2380,2528,148
Truck345675,2655,1339,2420,2528,108
Truck345690,0,2437,2425,2528,103
Truck343981,1338,3239,1950,2529,579
Truck344435,3121,1338,2075,2529,454
Truck344978,2225,2998,2225,2530,305
Truck345034,1339,2225,2240,2531,291
Truck345812,2656,2655,2455,2531,76
Truck344650,2999,1338,2135,2532,397
Truck345522,3239,0,2375,2532,157
Truck345608,2225,2436,2400,2532,132
Truck345615,2821,2437,2400,2532,132
Truck345832,2822,2224,2460,2532,72
Truck345858,3122,3238,2470,2532,62
Truck343998,0,1338,1955,2533,578
Truck345451,3331,3122,2355,2533,178
Truck345552,3122,3239,2385,2533,148
Truck343999,1338,3331,1955,2534,579
Truck344921,3121,2436,2210,2534,324
Truck344996,2225,3331,2230,2534,304
Truck345204,0,3121,2290,2534,244
Truck345759,2821,3239,2440,2534,94
Truck345880,1339,3238,2475,2534,59
Truck345883,3331,2822,2475,2534,59
Truck345902,2656,2822,2480,2534,54
Truck345954,3239,2437,2495,2534,39
Truck344959,3238,2998,2220,2535,315
Truck345123,2436,2999,2265,2535,270
Truck345209,3121,2998,2290,2535,245
Truck344378,2437,1338,2060,2536,476
Truck344385,2436,2656,2060,2536,476
Truck346032,0,3122,2520,2536,16
Truck345228,3122,2821,2295,2537,242
Truck345710,2437,2655,2430,2537,107
Truck345885,2821,3331,2475,2537,62
Truck343861,3238,1338,1915,2538,623
Truck345344,2656,3238,2325,2538,213
Truck345452,2656,1339,2355,2538,183
Truck345721,3331,2998,2430,2538,108
Truck345740,2656,2998,2435,2538,103
Truck345743,2998,2656,2435,2538,103
Truck344403,2436,3331,2065,2539,474
Truck344565,2436,1338,2110,2539,429
Truck345246,3122,2822,2300,2539,239
Truck345972,3239,2225,2500,2539,39
Truck344977,3238,2998,2225,2540,315
Truck344987,2998,3238,2225,2540,315
Truck345227,3121,2655,2295,2540,245
Truck345250,1339,2821,2300,2540,240
Truck345402,0,2656,2345,2540,195
Truck345014,2225,2656,2235,2541,306
Truck345280,2999,3238,2310,2541,231
Truck345122,2225,1338,2265,2542,277
Truck345157,3238,2822,2275,2542,267
Truck345728,2437,3331,2435,2542,107
Truck345901,3331,2821,2480,2542,62
Truck344556,0,2436,2110,2543,433
Truck345024,0,2225,2240,2543,303
Truck345466,1339,2656,2360,2543,183
Truck345487,3331,3122,2365,2543,178
Truck345491,2998,2999,2365,2543,178
Truck345729,2655,1339,2435,2543,108
Truck345992,2656,3239,2505,2543,38
Truck344094,3122,1338,1980,2544,564
Truck344521,1338,2436,2100,2544,444
Truck344725,3238,2224,2155,2544,389
Truck344729,2224,3238,2155,2544,389
Truck345442,2999,3239,2355,2544,189
Truck345470,2656,3122,2360,2544,184
Truck345938,2656,2822,2490,2544,54
Truck345990,3239,2436,2505,2544,39
Truck345032,2225,2821,2240,2545,305
Truck345245,3121,3239,2300,2545,245
Truck345233,2224,2436,2295,2546,251
Truck345612,3239,1339,2400,2546,146
Truck345866,2656,2437,2470,2546,76
Truck345746,2437,2656,2440,2547,107
Truck345886,2822,2998,2475,2547,72
Truck346086,0,1339,2535,2547,12
Truck344107,1338,3122,1985,2548,563
Truck345042,0,2225,2245,2548,303
Truck345391,3238,3331,2340,2548,208
Truck345606,3122,3239,2400,2548,148
Truck345762,0,2437,2445,2548,103
Truck345779,2998,2656,2445,2548,103
Truck345460,2999,2224,2360,2549,189
Truck345934,1339,3238,2490,2549,59
Truck346132,1339,3122,2545,2549,4
Truck344053,1338,3239,1970,2550,580
Truck344547,2436,3331,2105,2550,445
Truck345045,2655,2225,2245,2550,305
Truck345263,3121,2224,2305,2550,245
Truck345764,2437,2821,2445,2550,105
Truck345251,2224,2655,2300,2551,251
Truck345524,2656,2224,2375,2551,176
Truck345884,2656,2436,2475,2551,76
Truck346135,3331,2656,2545,2551,6
Truck344905,3238,2225,2205,2552,347
Truck345261,2655,3121,2305,2552,247
Truck345818,2437,1339,2460,2552,92
Truck345513,2655,2998,2375,2553,178
Truck346044,3239,3331,2520,2553,33
Truck344828,2437,2436,2185,2554,369
Truck345693,2655,2822,2425,2554,129
Truck344493,2436,2821,2090,2555,465
Truck345041,2998,3238,2240,2555,315
Truck345498,3122,2656,2370,2555,185
Truck345706,2822,2436,2425,2555,130
Truck345782,2437,2998,2450,2555,105
Truck345919,3331,2999,2485,2555,70
Truck345281,3121,2224,2310,2556,246
Truck345492,0,2999,2370,2556,186
Truck344475,2436,2822,2085,2557,472
Truck344740,2999,1338,2160,2557,397
Truck345300,3122,2821,2315,2557,242
Truck345705,2821,2655,2425,2557,132
Truck346063,3331,3239,2525,2557,32
Truck343933,3238,1338,1935,2558,623
Truck345292,2822,0,2310,2558,248
Truck345496,2999,2656,2370,2558,188
Truck345642,3122,3239,2410,2558,148
Truck345815,2998,2656,2455,2558,103
Truck346062,3239,3331,2525,2558,33
Truck344779,3238,2224,2170,2559,389
Truck345327,2821,1339,2320,2559,239
Truck345299,3121,2822,2315,2560,245
Truck345355,3238,2999,2330,2560,230
Truck345724,2822,3121,2430,2560,130
Truck344143,1338,1339,1995,2561,566
Truck345340,1339,2822,2325,2561,236
Truck345560,2656,2224,2385,2561,176
Truck345800,2437,2655,2455,2561,106
Truck346172,2656,3331,2555,2561,6
Truck344601,2436,2998,2120,2562,442
Truck345114,0,2998,2265,2562,297
Truck345539,2224,3331,2380,2562,182
Truck345868,2822,3239,2470,2562,92
Truck344106,0,1338,1985,2563,578
Truck344529,2436,2224,2100,2563,463
Truck345317,3121,0,2320,2563,243
Truck345514,2999,2224,2375,2563,188
Truck345549,2655,2998,2385,2563,178
Truck345830,2656,2998,2460,2563,103
Truck345872,2437,3122,2475,2563,88
Truck345985,3238,1339,2505,2564,59
Truck345988,1339,3238,2505,2564,59
Truck344629,1338,2436,2130,2565,435
Truck345077,2998,3238,2250,2565,315
Truck345742,2822,3121,2435,2565,130
Truck345955,3331,2436,2495,2565,70
Truck346012,2822,2656,2510,2565,55
Truck345104,2225,2998,2260,2566,306
Truck345305,2224,1338,2315,2566,251
Truck345994,2822,3331,2505,2566,61
Truck346146,3122,0,2550,2566,16
Truck344706,3122,2436,2150,2567,417
Truck344776,2999,1338,2170,2567,397
Truck345958,2822,2224,2495,2567,72
Truck346101,2821,2822,2535,2567,32
Truck344637,2436,2822,2130,2569,439
Truck344655,2436,2656,2135,2569,434
Truck344815,3238,2224,2180,2569,389
Truck346080,3239,2655,2530,2569,39
Truck345500,2225,2437,2370,2570,200
Truck345532,2999,2656,2380,2570,190
Truck345760,2822,1338,2440,2570,130
Truck345836,2437,2224,2465,2570,105
Truck345963,2655,3331,2500,2570,70
Truck345967,3238,0,2500,2570,70
Truck346030,2822,2656,2515,2570,55
Truck345335,3121,2224,2325,2571,246
Truck345956,2656,2436,2495,2571,76
Truck345594,3239,3238,2395,2572,177
Truck345747,2655,2821,2440,2572,132
Truck345976,2822,2998,2500,2572,72
Truck344580,3122,2436,2115,2573,458
Truck345481,3238,3331,2365,2573,208
Truck345702,3239,3122,2425,2573,148
Truck344202,3122,1338,2010,2574,564
Truck345971,2224,2998,2500,2574,74
Truck346098,3239,2437,2535,2574,39
Truck346222,1339,3122,2570,2574,4
Truck345854,2437,2822,2470,2575,105
Truck344691,2436,3122,2145,2576,431
Truck345341,2224,3121,2325,2576,251
Truck345974,2656,2436,2500,2576,76
Truck345916,1339,2437,2485,2577,92
Truck345922,2822,3239,2485,2577,92
Truck344619,2436,3239,2125,2578,453
Truck345720,3239,3122,2430,2578,148
Truck345208,2999,2436,2290,2579,289
Truck345596,2656,3122,2395,2579,184
Truck345819,2655,0,2460,2579,119
Truck345855,2655,3122,2470,2579,109
Truck346039,3238,1339,2520,2579,59
Truck346116,3239,2225,2540,2579,39
Truck344755,1338,2436,2165,2580,415
Truck345363,2821,0,2330,2580,250
Truck345371,3121,2821,2335,2580,245
Truck345761,2998,3239,2440,2580,140
Truck345816,0,2655,2460,2580,120
Truck345918,3239,2821,2485,2580,95
Truck345259,1338,2225,2305,2581,276
Truck345753,2436,2225,2440,2581,141
Truck344541,2655,2436,2105,2582,477
Truck345783,2655,2821,2450,2582,132
Truck345795,2821,3121,2450,2582,132
Truck345887,2998,3331,2475,2583,108
Truck346036,2999,3121,2520,2583,63
Truck344997,2436,2437,2230,2584,354
Truck345586,2999,2655,2395,2584,189
Truck345837,2655,0,2465,2584,119
Truck344981,2224,3122,2225,2585,360
Truck345176,2225,2821,2280,2585,305
Truck345389,3121,2655,2340,2585,245
Truck345814,2822,2655,2455,2585,130
Truck346027,3331,1338,2515,2585,70
Truck344673,2436,2655,2140,2586,446
Truck345771,2436,2225,2445,2586,141
Truck345890,2437,2224,2480,2586,106
Truck346010,2656,2655,2510,2586,76
Truck345443,3121,1339,2355,2587,232
Truck345813,2821,2437,2455,2587,132
Truck345708,0,3239,2430,2588,158
Truck346152,3239,2656,2550,2588,38
Truck345462,3122,3121,2360,2589,229
Truck345632,2656,3122,2405,2589,184
Truck345644,2225,3121,2410,2589,179
Truck345407,3121,3331,2345,2590,245
Truck346017,2655,2656,2515,2590,75
Truck345047,3121,2436,2245,2591,346
Truck345908,2437,2821,2485,2591,106
Truck346028,2656,2436,2515,2591,76
Truck346084,2822,3331,2530,2591,61
Truck346230,0,3122,2575,2591,16
Truck344215,1338,0,2015,2592,577
Truck344863,1338,2999,2195,2592,397
Truck345553,3238,3331,2385,2593,208
Truck345671,2998,2225,2415,2593,178
Truck345726,0,3239,2435,2593,158
Truck346161,2655,3239,2555,2593,38
Truck345618,0,3331,2405,2594,189
Truck345909,2655,3122,2485,2594,109
Truck346093,3238,1339,2535,2594,59
Truck346170,3239,2436,2555,2594,39
Truck344593,1338,2437,2120,2595,475
Truck345212,2225,3331,2290,2595,305
Truck345345,2821,3238,2325,2595,270
Truck345660,3122,3331,2415,2595,180
Truck344688,3122,2436,2145,2596,451
Truck345413,2224,2999,2345,2596,251
Truck345683,2224,2656,2420,2596,176
Truck346046,2656,2999,2520,2596,76
Truck346155,2821,2998,2550,2596,46
Truck345068,2225,3238,2250,2597,347
Truck345284,2225,3122,2310,2597,287
Truck345849,2821,1338,2465,2597,132
Truck345926,2437,2821,2490,2597,107
Truck346099,3331,2821,2535,2597,62
Truck345283,3238,3121,2310,2598,288
Truck345497,3121,3122,2370,2598,228
Truck345577,3331,3238,2390,2598,208
Truck345689,2998,2436,2420,2598,178
Truck345927,2655,1339,2490,2598,108
Truck346210,2822,2821,2565,2598,33
Truck345230,2225,2998,2295,2599,304
Truck346117,3331,2822,2540,2599,59
Truck344233,1338,3331,2020,2600,580
Truck346075,3238,0,2530,2600,70
Truck346081,3331,2437,2530,2600,70
Truck346111,3238,3122,2540,2600,60
Truck345286,1339,2225,2310,2601,291
Truck345658,2999,0,2415,2601,186
Truck346064,2656,2437,2525,2601,76
Truck345085,3238,2225,2255,2602,347
Truck345945,2655,2437,2495,2602,107
Truck346136,2656,2821,2545,2602,57
Truck346137,2821,2656,2545,2602,57
Truck344305,1338,3122,2040,2603,563
Truck345707,2998,2655,2425,2603,178
Truck345248,2225,2655,2300,2604,304
Truck345873,2655,2822,2475,2604,129
Truck346020,3122,2437,2515,2604,89
Truck346206,3239,2999,2565,2604,39
Truck345921,2821,2224,2485,2605,120
Truck345449,2224,2999,2355,2606,251
Truck345719,2224,2656,2430,2606,176
Truck346082,2656,2655,2530,2606,76
Truck346326,3122,1339,2600,2606,6
Truck345703,3331,2224,2425,2607,182
Truck344800,1339,2436,2175,2608,433
Truck345479,3121,0,2365,2608,243
Truck345780,0,3239,2450,2608,158
Truck345828,3239,3122,2460,2608,148
Truck345266,2225,3239,2305,2609,304
Truck345534,3122,3121,2380,2609,229
Truck345676,2999,2821,2420,2609,189
Truck346224,3239,3121,2570,2609,39
Truck345239,2998,3238,2295,2610,315
Truck345696,3122,2656,2425,2610,185
Truck345904,2822,2437,2480,2610,130
Truck344269,1338,2656,2030,2611,581
Truck345467,2224,2225,2360,2611,251
Truck345980,2437,3239,2505,2611,106
Truck346211,2998,2821,2565,2611,46
Truck345891,2655,2821,2480,2612,132
Truck345932,2225,2999,2490,2612,122
Truck346034,2437,1339,2520,2612,92
Truck346153,3331,2821,2550,2612,62
Truck346261,3331,3239,2580,2612,32
Truck345418,2822,3238,2345,2613,268
Truck346144,2999,3121,2550,2613,63
Truck345694,2999,3331,2425,2614,189
Truck346072,2999,2437,2530,2614,84
Truck346168,1339,3238,2555,2614,59
Truck346242,3239,2225,2575,2614,39
Truck345257,2998,3238,2300,2615,315
Truck345550,2999,3238,2385,2616,231
Truck344953,1338,2999,2220,2617,397
Truck345551,3121,1339,2385,2617,232
Truck345191,3121,2436,2285,2618,333
Truck346260,3239,2656,2580,2618,38
Truck345544,2822,3122,2380,2619,239
Truck345772,1339,2999,2445,2619,174
Truck345427,3238,2821,2350,2620,270
Truck345507,2821,0,2370,2620,250
Truck345905,2998,3239,2480,2620,140
Truck345940,2822,1338,2490,2620,130
Truck345102,3122,2224,2260,2621,361
Truck345503,2224,2225,2370,2621,251
Truck346016,2437,3239,2515,2621,106
Truck345939,2821,1338,2490,2622,132
Truck346191,2821,3331,2560,2622,62
Truck345661,3238,3331,2415,2623,208
Truck345758,2656,1339,2440,2623,183
Truck345765,2655,2998,2445,2623,178
Truck344727,2436,2656,2155,2624,469
Truck345320,2225,2224,2320,2624,304
Truck345561,2821,1339,2385,2624,239
Truck345730,2999,2821,2435,2624,189
Truck345790,1339,2999,2450,2624,174
Truck346278,3239,2225,2585,2624,39
Truck344323,1338,2821,2045,2626,581
Truck345401,2998,3122,2340,2626,286
Truck345533,3121,3239,2380,2626,246
Truck345898,1339,3239,2480,2626,146
Truck346035,2655,2437,2520,2626,106
Truck346154,2656,3121,2550,2626,76
Truck345463,3238,2822,2360,2627,267
Truck345792,3239,3238,2450,2627,177
Truck345793,3331,1339,2450,2627,177
Truck345957,2821,2436,2495,2627,132
Truck346315,3331,3239,2595,2627,32
Truck345842,2225,2436,2465,2628,163
Truck346050,0,2437,2525,2628,103
Truck346314,3239,3331,2595,2628,33
Truck344781,2436,3239,2170,2629,459
Truck345478,2999,2436,2365,2629,264
Truck345748,2999,2821,2440,2629,189
Truck346225,3331,2822,2570,2629,59
Truck346296,3239,1338,2590,2629,39
Truck344341,1338,2822,2050,2630,580
Truck345574,1339,2821,2390,2630,240
Truck346189,3331,2999,2560,2630,70
Truck344763,2436,3331,2165,2631,466
Truck345896,2225,2436,2480,2631,151
Truck346052,2437,3239,2525,2631,106
Truck344583,2436,3238,2115,2632,517
Truck344736,0,2436,2160,2632,472
Truck345975,2821,2437,2500,2632,132
Truck346000,2999,2225,2510,2632,122
Truck346004,2225,2999,2510,2632,122
Truck346192,2822,2224,2560,2632,72
Truck344197,1338,3238,2010,2633,623
Truck344413,1338,3122,2070,2633,563
Truck345348,0,2225,2330,2633,303
Truck346085,2998,2656,2530,2633,103
Truck346216,2999,3121,2570,2633,63
Truck346305,2655,3239,2595,2633,38
Truck346336,2822,2821,2600,2633,33
Truck344799,2436,2655,2175,2634,459
Truck345049,3238,2224,2245,2634,389
Truck345356,2225,3331,2330,2634,304
Truck345766,2999,2656,2445,2634,189
Truck345806,2225,3121,2455,2634,179
Truck345969,2436,2225,2500,2634,134
Truck346187,2224,2822,2560,2634,74
Truck345489,2821,3238,2365,2635,270
Truck345744,0,2656,2440,2635,195
Truck346070,2437,2998,2530,2635,105
Truck346207,3331,2437,2565,2635,70
Truck345546,0,2821,2385,2636,251
Truck345557,2224,2655,2385,2636,251
Truck345622,2999,3238,2405,2636,231
Truck346392,0,3122,2620,2636,16
Truck344377,1338,0,2060,2637,577
Truck344890,1339,2436,2200,2637,437
Truck345569,3121,2822,2390,2637,247
Truck345588,3122,2821,2395,2637,242
Truck345900,3239,0,2480,2637,157
Truck345993,2821,2437,2505,2637,132
Truck346420,1339,0,2625,2637,12
Truck345425,3121,3238,2350,2638,288
Truck345701,2224,3239,2425,2638,213
Truck345784,2999,2224,2450,2638,188
Truck346103,2998,2656,2535,2638,103
Truck346234,2999,3121,2575,2638,63
Truck346350,3239,3331,2605,2638,33
Truck346205,2224,2998,2565,2639,74
Truck345374,2225,2224,2335,2640,305
Truck345448,1339,2998,2355,2640,285
Truck346088,2437,2821,2535,2640,105
Truck345575,2224,2437,2390,2641,251
Truck345640,2999,3238,2410,2641,231
Truck345848,2656,2224,2465,2641,176
Truck345962,2437,3121,2500,2641,141
Truck346459,3331,2656,2635,2641,6
Truck345444,3122,2998,2355,2642,287
Truck346011,2821,2225,2510,2642,132
Truck346281,2821,2656,2585,2642,57
Truck345659,3121,3122,2415,2643,228
Truck345802,2999,2998,2455,2643,188
Truck345851,2998,3121,2465,2643,178
Truck345944,2437,3238,2495,2643,148
Truck346160,2437,3122,2555,2643,88
Truck344395,1338,2656,2065,2644,579
Truck344454,3122,1338,2080,2644,564
Truck344943,2436,1339,2215,2644,429
Truck346180,2999,2437,2560,2644,84
Truck346229,2998,2224,2570,2644,74
Truck345365,2998,3238,2330,2645,315
Truck345473,2998,1339,2360,2645,285
Truck345603,2655,3121,2400,2645,245
Truck345770,2225,2437,2445,2645,200
Truck345593,2224,2999,2395,2646,251
Truck346106,2437,2224,2540,2646,106
Truck344907,2436,3331,2205,2647,442
Truck345278,2437,2436,2310,2647,337
Truck345464,2225,3122,2360,2647,287
Truck345664,1339,3121,2415,2647,232
Truck345876,3122,2999,2475,2647,172
Truck345936,3239,0,2490,2647,157
Truck346029,2821,2436,2515,2647,132
Truck345461,3121,3238,2360,2648,288
Truck345616,2822,0,2400,2648,248
Truck345820,2999,2821,2460,2648,188
Truck345869,2998,2999,2470,2648,178
Truck344853,2436,2224,2190,2649,459
Truck345860,2225,3121,2470,2649,179
Truck345373,3238,2998,2335,2650,315
Truck345623,3121,2656,2405,2650,245
Truck345646,1339,2821,2410,2650,240
Truck346048,2822,1338,2520,2650,130
Truck346255,3238,0,2580,2650,70
Truck344792,2437,1338,2175,2651,476
Truck345410,2225,2822,2345,2651,306
Truck345600,0,2821,2400,2651,251
Truck345834,0,2999,2465,2651,186
Truck345998,2437,3121,2510,2651,141
Truck346008,3239,2998,2510,2651,141
Truck346244,2656,2436,2575,2651,76
Truck345682,1339,3121,2420,2652,232
Truck346047,2821,2436,2520,2652,132
Truck346297,3331,2821,2590,2652,62
Truck346317,2821,2656,2595,2652,57
Truck346388,2656,3239,2615,2653,38
Truck345197,2224,0,2285,2654,369
Truck345636,0,3121,2410,2654,244
Truck345838,2999,2224,2465,2654,189
Truck345502,1339,2998,2370,2655,285
Truck345641,3121,3239,2410,2655,245
Truck345669,2821,3122,2415,2655,240
Truck346279,3331,1338,2585,2655,70
Truck344431,1338,2224,2075,2656,581
Truck344817,2436,2998,2180,2656,476
Truck345428,2225,2655,2350,2656,306
Truck346262,2656,2999,2580,2656,76
Truck346266,0,3238,2585,2656,71
Truck345881,2224,3331,2475,2657,182
Truck346090,2999,2225,2535,2657,122
Truck346204,1339,2437,2565,2657,92
Truck344287,1338,3238,2035,2658,623
Truck345652,2822,0,2410,2658,248
Truck345865,3331,0,2470,2658,188
Truck346395,2655,3239,2620,2658,38
Truck344508,3122,1338,2095,2659,564
Truck345678,3122,2822,2420,2659,239
Truck345856,2999,2656,2470,2659,189
Truck345893,3121,2225,2480,2659,179
Truck346404,3239,2655,2620,2659,39
Truck345446,2225,2822,2355,2660,305
Truck345894,3122,3331,2480,2660,180
Truck346026,3239,1339,2515,2661,146
Truck346280,2656,2437,2585,2661,76
Truck346284,0,3238,2590,2661,71
Truck345899,2224,3331,2480,2662,182
Truck346083,2821,2999,2530,2662,132
Truck346228,2822,3239,2570,2662,92
Truck346300,2822,2224,2590,2662,72
Truck346353,2821,2656,2605,2662,57
Truck344871,2436,2655,2195,2663,468
Truck345598,2822,3238,2395,2663,268
Truck345670,2822,0,2415,2663,248
Truck345874,2999,2821,2475,2663,188
Truck345923,2998,2436,2485,2663,178
Truck346021,3238,2437,2515,2663,148
Truck346053,2655,3238,2525,2663,138
Truck346348,1339,3238,2605,2664,59
Truck346422,3239,2437,2625,2664,39
Truck345269,2224,3122,2305,2665,360
Truck345519,2436,2999,2375,2665,290
Truck345677,3121,2656,2420,2665,245
Truck345852,0,2656,2470,2665,195
Truck345912,3122,3331,2485,2665,180
Truck346102,2822,3121,2535,2665,130
Truck346133,2224,2821,2545,2665,120
Truck346178,2437,3331,2560,2665,105
Truck346309,3238,0,2595,2665,70
Truck344467,1338,2821,2085,2666,581
Truck345260,2437,2436,2305,2666,361
Truck345520,1339,2225,2375,2666,291
Truck345654,0,2821,2415,2666,251
Truck345888,0,2999,2480,2666,186
Truck346042,1339,3239,2520,2666,146
Truck346055,3121,2437,2525,2666,141
Truck344469,2655,1338,2085,2667,582
Truck344940,3122,2436,2215,2668,453
Truck345941,2998,1338,2490,2668,178
Truck346462,2822,2821,2635,2668,33
Truck344544,3122,1338,2105,2669,564
Truck344939,3121,1338,2215,2669,454
Truck345482,2225,3239,2365,2669,304
Truck346254,3122,2437,2580,2669,89
Truck345563,2998,1339,2385,2670,285
Truck345946,2999,1339,2495,2670,175
Truck346120,2822,2225,2540,2670,130
Truck346333,3331,2999,2600,2670,70
Truck344835,2436,3238,2185,2671,486
Truck345527,2998,0,2375,2671,296
Truck346196,2437,2998,2565,2671,106
Truck346427,2998,2821,2625,2671,46
Truck345695,3121,2655,2425,2672,247
Truck345754,1339,3121,2440,2672,232
Truck346264,2822,3239,2580,2672,92
Truck346477,3331,3239,2640,2672,32
Truck345847,3331,3238,2465,2673,208
Truck345910,2999,2998,2485,2673,188
Truck345959,2998,2999,2495,2673,178
Truck346197,2655,1339,2565,2673,108
Truck346480,2822,2821,2640,2673,33
Truck344503,1338,2822,2095,2674,579
Truck345970,1339,2999,2500,2674,174
Truck346058,2225,2436,2525,2674,149
Truck346458,3239,3121,2635,2674,39
Truck346341,2655,3331,2605,2675,70
Truck345012,3122,2436,2235,2676,441
Truck346214,2437,2821,2570,2676,106
Truck346445,2998,2821,2630,2676,46
Truck346354,2822,2224,2605,2677,72
Truck346407,2821,2656,2620,2677,57
Truck344575,1338,3122,2115,2678,563
Truck345570,3122,2225,2390,2678,288
Truck345928,2999,3239,2490,2678,188
Truck345977,2998,2225,2500,2678,178
Truck345846,3239,2224,2465,2679,214
Truck345518,2225,2998,2375,2680,305
Truck345651,2821,3238,2410,2680,270
Truck346369,3331,2225,2610,2680,70
Truck345318,3122,2224,2320,2681,361
Truck345711,2655,2224,2430,2681,251
Truck346232,2437,3331,2575,2681,106
Truck346352,2656,2436,2605,2681,76
Truck346356,0,3238,2610,2681,71
Truck346560,3122,0,2665,2681,16
Truck346604,2656,3331,2675,2681,6
Truck345973,3331,2224,2500,2682,182
Truck346572,0,1339,2670,2682,12
Truck345863,2224,3239,2470,2683,213
Truck346250,2437,0,2580,2683,103
Truck344539,1338,2822,2105,2684,579
Truck344979,2436,3331,2225,2684,459
Truck345531,2655,2225,2380,2684,304
Truck346308,3122,2437,2595,2684,89
Truck345033,2436,3239,2240,2685,445
Truck345805,3238,2999,2455,2685,230
Truck346041,2436,2225,2520,2685,165
Truck346387,3331,2436,2615,2685,70
Truck345336,3122,2224,2325,2686,361
Truck345536,2225,2821,2380,2686,306
Truck345581,2998,0,2390,2686,296
Truck345964,2999,0,2500,2686,186
Truck346124,2437,3121,2545,2686,141
Truck346391,2998,2822,2615,2686,71
Truck344889,2436,3238,2200,2687,487
Truck345392,2225,3238,2340,2687,347
Truck345749,3121,2822,2440,2687,247
Truck346173,2821,2225,2555,2687,132
Truck346425,2821,3331,2625,2687,62
Truck346531,3331,3239,2655,2687,32
Truck346013,2998,2436,2510,2688,178
Truck346268,2437,0,2585,2688,103
Truck344557,1338,3239,2110,2689,579
Truck344616,3122,1338,2125,2689,564
Truck345015,2436,3331,2235,2690,455
Truck345554,2225,3239,2385,2690,305
Truck345679,3238,2821,2420,2690,270
Truck345767,3121,3331,2445,2690,245
Truck346405,3331,2225,2620,2690,70
Truck345755,2224,2225,2440,2691,251
Truck346632,3122,1339,2685,2691,6
Truck345069,2436,2822,2250,2693,443
Truck346031,2998,2436,2515,2693,178
Truck346134,3239,3122,2545,2693,148
Truck346340,2437,3122,2605,2693,88
Truck345265,3238,2224,2305,2694,389
Truck345535,3238,2998,2380,2695,315
Truck345572,2225,3239,2390,2695,305
Truck345982,2999,2822,2505,2695,190
Truck345773,2224,2436,2445,2696,251
Truck346163,3121,2437,2555,2696,141
Truck346406,2656,2436,2620,2696,76
Truck346608,0,3122,2680,2696,16
Truck345785,3121,2822,2450,2697,247
Truck345844,1339,3121,2465,2697,232
Truck346286,2437,2224,2590,2697,107
Truck346478,2656,2821,2640,2697,57
Truck344647,1338,3122,2135,2698,563
Truck346009,3331,0,2510,2698,188
Truck346287,2655,1339,2590,2698,108
Truck346358,2437,3122,2610,2698,88
Truck346539,2655,3239,2660,2698,38
Truck345590,2225,2822,2395,2700,305
Truck346054,2999,1339,2525,2700,175
Truck346413,2655,2656,2625,2700,75
Truck346435,3238,0,2630,2700,70
Truck346498,2822,2656,2645,2700,55
Truck345390,3122,2224,2340,2701,361
Truck346304,2437,2821,2595,2701,106
Truck346533,2821,2998,2655,2701,46
Truck346676,2656,3331,2695,2701,6
Truck346045,3331,2224,2520,2702,182
Truck346227,2821,2999,2570,2702,132
Truck345949,3238,3331,2495,2703,208
Truck346067,2998,2655,2525,2703,178
Truck344991,2655,2436,2230,2704,474
Truck345850,2822,3122,2465,2704,239
Truck346439,2224,2822,2630,2704,74
Truck344611,1338,3331,2125,2705,580
Truck345241,1338,2436,2300,2705,405
Truck346056,3122,3331,2525,2705,180
Truck346246,2822,2437,2575,2705,130
Truck346516,2822,2656,2650,2705,55
Truck345653,2998,0,2410,2706,296
Truck345798,0,2821,2455,2706,251
Truck345821,3121,2822,2460,2707,247
Truck346233,2655,2821,2575,2707,132
Truck346322,2437,3331,2600,2707,107
Truck346605,2821,2822,2675,2707,32
Truck345515,3121,2436,2375,2708,333
Truck346060,1339,2656,2525,2708,183
Truck346355,2998,2656,2605,2708,103
Truck346412,2437,2999,2625,2708,83
Truck345323,2224,3238,2320,2709,389
Truck346463,2998,2224,2635,2709,74
Truck345626,2225,2655,2405,2710,305
Truck346295,2224,2821,2590,2710,120
Truck346386,3239,2821,2615,2710,95
Truck346471,3238,0,2640,2710,70
Truck346534,2822,2656,2655,2710,55
Truck345827,2224,2999,2460,2711,251
Truck346668,3122,0,2695,2711,16
Truck345142,1339,2436,2270,2712,442
Truck346263,2821,2437,2580,2712,132
Truck346288,2999,2225,2590,2712,122
Truck345105,2436,2655,2260,2713,453
Truck345857,3121,0,2470,2713,243
Truck345101,3121,1338,2260,2714,454
Truck345769,3238,2821,2445,2715,270
Truck346282,2822,2436,2585,2715,130
Truck345700,1339,2225,2425,2716,291
Truck345845,2224,2655,2465,2716,251
Truck346686,3122,0,2700,2716,16
Truck346729,3331,2656,2710,2716,6
Truck344665,1338,0,2140,2717,577
Truck344710,1339,1338,2150,2717,567
Truck345672,0,2998,2420,2717,297
Truck345752,2225,1338,2440,2717,277
Truck346639,3331,3239,2685,2717,32
Truck344995,3238,2436,2230,2718,488
Truck345159,2436,2998,2275,2718,443
Truck345796,2822,3238,2450,2718,268
Truck346071,2655,2999,2530,2718,188
Truck346121,2998,2437,2540,2718,178
Truck346376,2437,0,2615,2718,103
Truck345177,2436,2821,2280,2719,439
Truck345359,2224,3238,2330,2719,389
Truck345662,2225,3239,2415,2719,304
Truck346434,3122,2437,2630,2719,89
Truck346499,2998,2224,2645,2719,74
Truck346620,3239,2436,2680,2719,39
Truck345875,3121,2822,2475,2720,245
Truck346513,3331,1338,2650,2720,70
Truck346496,2656,2225,2645,2721,76
Truck345929,3121,1339,2490,2722,232
Truck346115,2224,3331,2540,2722,182
Truck346430,2437,1339,2630,2722,92
Truck346440,3239,2822,2630,2722,92
Truck345485,2224,1339,2365,2723,358
Truck346139,2998,2437,2545,2723,178
Truck346384,1339,2655,2615,2723,108
Truck344683,1338,2656,2145,2724,579
Truck345087,2436,3239,2255,2724,469
Truck345141,2436,0,2270,2724,454
Truck346586,2656,2822,2670,2724,54
Truck346638,3239,1338,2685,2724,39
Truck345438,0,2224,2355,2725,370
Truck346318,2822,2436,2595,2725,130
Truck346521,2655,3331,2655,2725,70
Truck345295,1338,2436,2315,2726,411
Truck345480,3122,2224,2365,2726,361
Truck345680,2225,2998,2420,2726,306
Truck346104,0,2999,2540,2726,186
Truck346394,2437,2656,2620,2726,106
Truck345750,3122,2998,2440,2727,287
Truck345911,3121,0,2485,2728,243
Truck346157,2998,2436,2550,2728,178
Truck346184,2225,2436,2560,2728,168
Truck346108,2999,2655,2540,2729,189
Truck346461,2821,3239,2635,2729,94
Truck346656,3239,2437,2690,2729,39
Truck344701,1338,2224,2150,2730,580
Truck345079,1338,2437,2255,2730,475
Truck345698,2225,2821,2425,2730,305
Truck346579,3238,3122,2670,2730,60
Truck346165,3238,3239,2555,2731,176
Truck346532,2656,2225,2655,2731,76
Truck346588,2822,3331,2670,2731,61
Truck345243,2655,2436,2300,2732,432
Truck345367,1338,2999,2335,2732,397
Truck345841,3238,2822,2465,2732,267
Truck346311,2436,2225,2595,2732,137
Truck345983,3121,3122,2505,2733,228
Truck346175,2998,2225,2555,2733,178
Truck346423,3331,2998,2625,2733,108
Truck346484,2437,3122,2645,2733,88
Truck345716,2225,2655,2430,2734,304
Truck346118,2656,0,2540,2734,194
Truck346126,2999,2998,2545,2734,189
Truck346479,2821,3239,2640,2734,94
Truck346603,3331,2822,2675,2734,59
Truck346622,2656,2822,2680,2734,54
Truck346674,3239,2655,2695,2734,39
Truck344961,2436,3238,2220,2735,515
Truck345474,0,2224,2365,2735,370
Truck345521,2224,3122,2375,2735,360
Truck346374,0,2655,2615,2735,120
Truck346567,3331,3121,2665,2735,70
Truck344719,1338,3239,2155,2736,581
Truck344773,1338,1339,2170,2736,566
Truck345917,2224,2436,2485,2736,251
Truck346550,2656,2655,2660,2736,76
Truck345787,3238,3121,2450,2738,288
Truck346193,2998,2655,2560,2738,178
Truck346431,2655,1339,2630,2738,108
Truck344796,3122,1338,2175,2739,564
Truck346692,3239,1338,2700,2739,39
Truck344737,1338,2656,2160,2740,580
Truck345213,2436,3331,2290,2740,450
Truck345734,2225,2821,2435,2740,305
Truck346372,2822,1338,2610,2740,130
Truck346585,3331,2225,2670,2740,70
Truck346201,3238,3239,2565,2741,176
Truck346568,2656,2436,2665,2741,76
Truck345804,3122,2998,2455,2742,287
Truck345947,3121,2655,2495,2742,247
Truck346371,2821,3121,2610,2742,132
Truck346162,2999,3331,2555,2743,188
Truck346171,3331,0,2555,2743,188
Truck346464,0,2437,2640,2743,103
Truck346520,2437,3122,2655,2743,88
Truck346158,0,3331,2555,2744,189
Truck346710,3239,1338,2705,2744,39
Truck345965,3121,2822,2500,2745,245
Truck346390,2822,1338,2615,2745,130
Truck345953,2224,2655,2495,2746,251
Truck346466,2437,2655,2640,2746,106
Truck346389,2821,2655,2615,2747,132
Truck346747,3331,3239,2715,2747,32
Truck344827,1338,3122,2185,2748,563
Truck345822,3122,2225,2460,2748,288
Truck346100,2656,3238,2535,2748,213
Truck346467,2655,1339,2640,2748,108
Truck345892,2999,2436,2480,2749,269
Truck346208,2656,3122,2565,2749,184
Truck346728,3239,2436,2710,2749,39
Truck346852,1339,3122,2745,2749,4
Truck346006,1339,2821,2510,2750,240
Truck346408,2822,3121,2620,2750,130
Truck346530,3239,2821,2655,2750,95
Truck346621,3331,2437,2680,2750,70
Truck345840,3122,2998,2465,2752,287
Truck346538,2437,1339,2660,2752,92
Truck345267,2436,0,2305,2753,448
Truck346240,1339,3331,2575,2753,178
Truck346495,3331,2998,2645,2753,108
Truck345195,2436,3239,2285,2754,469
Truck345231,2436,2655,2295,2754,459
Truck346198,2999,2656,2565,2754,189
Truck346258,1339,2999,2580,2754,174
Truck344791,1338,2822,2175,2755,580
Truck346001,3121,2224,2510,2755,245
Truck346176,0,2656,2560,2755,195
Truck346426,2822,2436,2625,2755,130
Truck346457,2224,2821,2635,2755,120
Truck346502,2437,2821,2650,2755,105
Truck346548,3239,2821,2660,2755,95
Truck345249,2436,1339,2300,2756,456
Truck345285,2436,2224,2310,2756,446
Truck345833,2998,0,2460,2756,296
Truck345889,1338,2225,2480,2756,276
Truck345989,2224,2437,2505,2756,251
Truck346270,2999,3122,2585,2756,171
Truck346368,3239,1339,2610,2756,146
Truck346215,2655,2999,2570,2757,187
Truck346332,3239,0,2600,2757,157
Truck346642,2822,2998,2685,2757,72
Truck345315,2655,2436,2320,2758,438
Truck346251,2655,2998,2580,2758,178
Truck346265,2998,2999,2580,2758,178
Truck346363,3238,2437,2610,2758,148
Truck345339,2436,2224,2325,2759,434
Truck346038,3122,2822,2520,2759,239
Truck346690,1339,3238,2700,2759,59
Truck346712,2656,2822,2705,2759,54
Truck344809,1338,2998,2180,2760,580
Truck346019,3121,2224,2515,2760,245
Truck346444,2822,2999,2630,2760,130
Truck345663,2436,2437,2415,2761,346
Truck345862,1339,2225,2470,2761,291
Truck345996,0,2821,2510,2761,251
Truck346365,2436,2225,2610,2761,151
Truck346640,2656,2436,2685,2761,76
Truck346661,2998,2822,2690,2761,71
Truck345602,2437,2436,2400,2762,362
Truck346073,3121,1339,2530,2762,232
Truck346468,2999,2225,2640,2762,122
Truck345051,2436,3238,2245,2763,518
Truck346147,3238,2656,2550,2763,213
Truck346243,3331,0,2575,2763,188
Truck346610,2437,2999,2680,2763,83
Truck346226,2656,0,2570,2764,194
Truck346449,2655,2822,2635,2764,129
Truck346587,2821,3239,2670,2764,94
Truck346782,3239,3121,2725,2764,39
Truck345681,2436,2437,2420,2765,345
Truck345824,2225,3331,2460,2765,305
Truck345408,3122,2436,2345,2766,421
Truck346025,2224,2999,2515,2766,251
Truck346415,3121,2437,2625,2766,141
Truck346658,2656,2436,2690,2766,76
Truck346679,2998,2822,2695,2766,71
Truck346037,3121,2822,2520,2767,247
Truck346277,2224,3331,2585,2767,182
Truck346301,2998,2225,2590,2768,178
Truck346571,2998,2656,2665,2768,103
Truck346628,2437,2999,2685,2768,83
Truck345222,0,2436,2295,2769,474
Truck345735,2436,3121,2435,2769,334
Truck346252,2999,3331,2580,2769,189
Truck346800,3239,3121,2730,2769,39
Truck344845,1338,2655,2190,2770,580
Truck346500,0,2655,2650,2770,120
Truck346693,3331,3121,2700,2770,70
Truck346750,2822,2656,2715,2770,55
Truck345376,1339,2436,2335,2771,436
Truck346043,2224,2225,2520,2771,251
Truck346556,2437,2655,2665,2771,106
Truck345870,0,2998,2475,2772,297
Truck346114,1339,3121,2540,2772,232
Truck346749,2821,2656,2715,2772,57
Truck345665,2224,1339,2415,2773,358
Truck346066,2822,0,2525,2773,248
Truck346190,2656,3238,2560,2773,213
Truck346294,1339,2656,2590,2773,183
Truck346574,2437,0,2670,2773,103
Truck346092,3122,2822,2535,2774,239
Truck346188,3239,2224,2560,2774,214
Truck346307,3121,2225,2595,2774,179
Truck346330,1339,2999,2600,2774,174
Truck346744,1339,3238,2715,2774,59
Truck346065,2821,0,2525,2775,250
Truck345303,2436,2821,2315,2776,461
Truck345321,2436,1339,2320,2776,456
Truck346694,2656,3121,2700,2776,76
Truck346313,2224,3331,2595,2777,182
Truck346418,2225,2436,2625,2777,152
Truck346497,2821,2655,2645,2777,132
Truck345931,3238,3121,2490,2778,288
Truck346316,2656,1339,2595,2778,183
Truck344881,1338,2656,2200,2779,579
Truck345717,2436,2437,2430,2779,349
Truck346119,2821,1339,2540,2779,239
Truck346759,3238,1339,2720,2779,59
Truck346836,3239,2437,2740,2779,39
Truck345952,1339,2998,2495,2780,285
Truck346091,3121,2224,2535,2780,245
Truck346536,0,2655,2660,2780,120
Truck346592,2437,3331,2675,2780,105
Truck345878,2225,2655,2475,2781,306
Truck346956,3122,1339,2775,2781,6
Truck346138,2822,1339,2545,2782,237
Truck346237,3238,3331,2575,2783,208
Truck344899,1338,2822,2205,2784,579
Truck346306,2999,3331,2595,2784,189
Truck346854,3239,2999,2745,2784,39
Truck346109,3121,2998,2540,2786,246
Truck346730,2656,3121,2710,2786,76
Truck344962,1339,1338,2220,2787,567
Truck345966,3122,2998,2500,2787,287
Truck346380,3122,2999,2615,2787,172
Truck346803,2821,2656,2730,2787,57
Truck346960,1339,0,2775,2787,12
Truck346241,2224,3239,2575,2788,213
Truck346476,3239,3122,2640,2788,148
Truck345611,2224,3238,2400,2789,389
Truck344917,1338,2224,2210,2790,580
Truck345914,2225,3239,2485,2790,305
Truck346378,2999,1339,2615,2790,175
Truck346517,2998,3239,2650,2790,140
Truck346737,2655,2656,2715,2790,75
Truck346765,3331,2437,2720,2790,70
Truck346494,3239,1339,2645,2791,146
Truck346512,3239,2998,2650,2791,141
Truck347000,2656,3331,2785,2791,6
Truck346057,3238,2822,2525,2792,267
Truck346551,2821,2999,2660,2792,132
Truck346820,2656,2821,2735,2792,57
Truck346821,2821,2656,2735,2792,57
Truck346342,2999,2655,2605,2793,188
Truck346351,3331,0,2605,2793,188
Truck346370,2656,1339,2610,2793,183
Truck346140,0,3121,2550,2794,244
Truck346334,2656,0,2600,2794,194
Truck346763,2224,2822,2720,2794,74
Truck344935,1338,3331,2215,2795,580
Truck346570,2822,2437,2665,2795,130
Truck346590,0,2655,2675,2795,120
Truck345314,2437,1338,2320,2796,476
Truck346023,2436,2999,2515,2796,281
Truck346399,3238,3239,2620,2796,176
Truck345788,2225,3238,2450,2797,347
Truck346569,2821,3121,2665,2797,132
Truck346811,3121,2999,2735,2797,62
Truck345411,2436,2822,2345,2798,453
Truck346156,2822,0,2550,2798,248
Truck346507,3238,2437,2650,2798,148
Truck345483,2436,2655,2365,2799,434
Truck345950,2225,2656,2495,2800,305
Truck346018,2999,2436,2515,2800,285
Truck346360,2999,3239,2610,2800,190
Truck346664,2437,3331,2695,2800,105
Truck346151,2224,1338,2550,2801,251
Truck346784,2656,2225,2725,2801,76
Truck346895,2998,2821,2755,2801,46
Truck344971,1338,0,2225,2802,577
Truck345393,2436,2998,2340,2802,462
Truck346377,2655,2999,2615,2802,187
Truck346575,2655,2821,2670,2802,132
Truck347014,1339,0,2790,2802,12
Truck346174,2822,0,2555,2803,248
Truck346298,2656,3238,2590,2803,213
Truck346682,2437,0,2700,2803,103
Truck346629,2655,0,2685,2804,119
Truck346926,3239,2436,2765,2804,39
Truck345968,2225,2822,2500,2805,305
Truck346819,3331,2655,2735,2805,70
Truck344973,2655,1338,2225,2806,581
Truck345350,2437,1338,2330,2806,476
Truck346169,2224,2655,2555,2806,251
Truck346181,3121,2656,2560,2806,246
Truck346396,2999,0,2620,2806,186
Truck346566,3239,2998,2665,2806,141
Truck346802,2656,2437,2730,2806,76
Truck346076,2225,1338,2530,2807,277
Truck346452,3122,2999,2635,2807,172
Truck346848,3122,3238,2745,2807,62
Truck346963,3331,3239,2775,2807,32
Truck345375,2436,2821,2335,2808,473
Truck346199,3121,0,2565,2808,243
Truck346441,3331,3122,2630,2808,178
Truck344989,1338,3331,2230,2809,579
Truck346433,3121,2225,2630,2809,179
Truck346774,2999,2437,2725,2809,84
Truck346867,3238,1339,2750,2809,59
Truck346944,3239,1338,2770,2809,39
Truck345609,2436,1338,2400,2810,410
Truck345986,2225,2224,2505,2810,305
Truck346416,3122,2656,2625,2810,185
Truck346624,2822,2999,2680,2810,130
Truck346746,3239,2821,2715,2810,95
Truck346837,3331,3121,2740,2810,70
Truck346410,0,2999,2625,2811,186
Truck346453,3238,3239,2635,2811,176
Truck345655,1338,2999,2415,2812,397
Truck346611,2655,2821,2680,2812,132
Truck346623,2821,2437,2680,2812,132
Truck346875,2821,3331,2750,2812,62
Truck346345,3238,3331,2605,2813,208
Truck346438,1339,2656,2630,2813,183
Truck346716,0,2437,2710,2813,103
Truck346984,2822,2821,2780,2813,33
Truck346414,2999,3239,2625,2814,189
Truck346451,3121,2225,2635,2814,179
Truck346962,3239,2436,2775,2814,39
Truck345007,1338,3239,2235,2815,580
Truck345809,2224,3122,2455,2815,360
Truck346209,2821,0,2565,2815,250
Truck346704,3122,2655,2705,2815,110
Truck346049,2998,0,2520,2816,296
Truck346217,3121,2998,2570,2816,246
Truck346584,3239,1339,2670,2816,146
Truck346718,2437,3331,2710,2816,106
Truck345859,3238,2225,2470,2817,347
Truck346641,2821,2655,2685,2817,132
Truck346481,2998,2225,2640,2818,178
Truck346882,2999,3121,2755,2818,63
Truck345565,1338,2436,2390,2819,429
Truck345791,2224,0,2450,2819,369
Truck346432,2999,3239,2630,2819,189
Truck346460,2656,3122,2635,2819,184
Truck346906,1339,3238,2760,2819,59
Truck346980,3239,1338,2780,2819,39
Truck345025,1338,3239,2240,2820,580
Truck345429,2436,2655,2350,2820,470
Truck345995,2998,3238,2505,2820,315
Truck346022,2225,2821,2515,2820,305
Truck346235,3121,3239,2575,2820,245
Truck346660,2822,2225,2690,2820,130
Truck346873,3331,1338,2750,2820,70
Truck346903,3238,3122,2760,2820,60
Truck346078,1339,2225,2530,2821,291
Truck346493,2224,2656,2645,2821,176
Truck346504,2999,3122,2650,2821,171
Truck346613,3121,2437,2680,2821,141
Truck346736,2437,2656,2715,2821,106
Truck346965,2821,2998,2775,2821,46
Truck345465,2436,2656,2360,2822,462
Truck346506,3122,2999,2650,2822,172
Truck346659,2821,3121,2690,2822,132
Truck346790,2437,1339,2730,2822,92
Truck347017,3331,3239,2790,2822,32
Truck347086,1339,0,2810,2822,12
Truck346450,2999,2822,2635,2823,188
Truck346597,3238,2437,2675,2823,148
Truck346602,3239,3122,2675,2823,148
Truck345043,1338,2656,2245,2825,580
Truck345537,2436,2656,2380,2825,445
Truck346040,2225,2822,2520,2825,305
Truck346678,2822,2225,2695,2825,130
Truck346874,2656,3121,2750,2826,76
Truck346985,2998,2821,2780,2826,46
Truck347076,0,3122,2810,2826,16
Truck345712,2999,1338,2430,2827,397
Truck346665,2655,2821,2695,2827,132
Truck346919,3121,2999,2765,2827,62
Truck346271,3121,0,2585,2828,243
Truck346385,2224,3239,2615,2828,213
Truck346614,3122,3239,2680,2828,148
Truck346826,2437,3122,2740,2828,88
Truck345501,2436,3331,2370,2829,459
Truck346881,2655,2656,2755,2830,75
Truck345061,1338,2821,2250,2831,581
Truck346112,2225,1339,2540,2831,291
Truck346248,0,2821,2580,2831,251
Truck346259,2224,1338,2580,2831,251
Truck346772,2437,2998,2725,2831,106
Truck345913,3238,2225,2485,2832,347
Truck346005,2436,3121,2510,2832,322
Truck346290,3122,2821,2590,2832,242
Truck346695,2821,2225,2700,2832,132
Truck346127,3121,3238,2545,2833,288
Truck346535,2998,2225,2655,2833,178
Truck346805,2998,2656,2730,2833,103
Truck347025,2655,3239,2795,2833,38
Truck346344,3122,3121,2605,2834,229
Truck347034,3239,2225,2795,2834,39
Truck346312,1339,2821,2595,2835,240
Truck346448,2437,2225,2635,2835,200
Truck346714,2822,1338,2705,2835,130
Truck346927,3331,3121,2765,2835,70
Truck346543,3238,3239,2660,2836,176
Truck347154,3122,1339,2830,2836,6
Truck346289,3121,2822,2590,2837,247
Truck346955,3121,2999,2775,2837,62
Truck346983,2821,2656,2780,2837,57
Truck346424,2656,3238,2625,2838,213
Truck346549,3331,3122,2660,2838,178
Truck346553,2998,1338,2660,2838,178
Truck346646,2437,3238,2690,2838,148
Truck346683,2655,3238,2700,2838,138
Truck346362,3122,3121,2610,2839,229
Truck345475,1338,2437,2365,2840,475
Truck346094,2225,2224,2535,2840,305
Truck346299,2821,0,2590,2840,250
Truck346732,2822,2655,2710,2840,130
Truck346808,2437,3239,2735,2840,105
Truck346945,3331,2437,2770,2840,70
Truck346975,3238,3122,2780,2840,60
Truck345097,1338,2656,2260,2841,581
Truck346518,0,2999,2655,2841,186
Truck346928,2656,3121,2765,2841,76
Truck347172,3122,1339,2835,2841,6
Truck345555,2436,3331,2385,2842,457
Truck346164,3122,2998,2555,2842,287
Truck346731,2821,2225,2710,2842,132
Truck346442,2656,3238,2630,2843,213
Truck346522,2999,2655,2655,2843,188
Truck346626,0,3239,2685,2843,158
Truck346705,3238,2655,2705,2843,138
Truck347061,2655,3239,2805,2843,38
Truck346559,3121,2225,2665,2844,179
Truck347070,3239,3121,2805,2844,39
Truck345115,1338,3331,2265,2845,580
Truck346245,2821,3238,2575,2845,270
Truck346542,3122,2656,2660,2845,185
Truck346715,2998,3239,2705,2845,140
Truck346302,0,2821,2595,2846,251
Truck346950,0,3238,2775,2846,71
Truck347198,2656,3331,2840,2846,6
Truck345133,1338,0,2270,2847,577
Truck346325,3121,2656,2600,2847,247
Truck346890,3239,2822,2755,2847,92
Truck345187,1338,3122,2285,2848,563
Truck346582,1339,3331,2670,2848,178
Truck346644,0,3239,2690,2848,158
Truck346719,2655,3238,2710,2848,138
Truck345657,2655,2436,2415,2849,434
Truck345823,3238,2224,2460,2849,389
Truck346338,0,3121,2605,2849,244
Truck346600,1339,2999,2675,2849,174
Truck345935,2224,3122,2490,2850,360
Truck345987,2436,2437,2505,2850,345
Truck346335,2821,0,2600,2850,250
Truck346733,2998,3239,2710,2850,140
Truck346768,2822,1338,2720,2850,130
Truck346799,2224,2821,2730,2850,120
Truck346981,3331,1338,2780,2850,70
Truck345930,3122,2224,2490,2851,361
Truck346125,2655,2225,2545,2851,306
Truck346343,3121,2998,2605,2851,246
Truck346844,2437,3331,2745,2851,106
Truck346964,2656,2655,2775,2851,76
Truck346148,2225,0,2550,2852,302
Truck346767,2821,2436,2720,2852,132
Truck347010,3122,3238,2790,2852,62
Truck346607,2998,2225,2675,2853,178
Truck345605,3121,1338,2400,2854,454
Truck346911,2821,3239,2760,2854,94
Truck347230,1339,3122,2850,2854,4
Truck345151,1338,2998,2275,2855,580
Truck346273,3238,2821,2585,2855,270
Truck346417,3238,2999,2625,2855,230
Truck346558,2999,3239,2665,2855,190
Truck346578,3122,2656,2670,2855,185
Truck346786,2822,3121,2725,2855,130
Truck346999,3331,1338,2785,2855,70
Truck345645,2436,2655,2410,2856,446
Truck345948,3122,2224,2495,2856,361
Truck346349,2224,2999,2605,2856,251
Truck346862,2437,2655,2750,2856,106
Truck346982,2656,2436,2780,2856,76
Truck346218,3122,2998,2570,2857,287
Truck345168,0,1338,2280,2858,578
Truck346221,2436,2999,2570,2858,288
Truck346625,2998,2655,2680,2858,178
Truck345169,1338,2998,2280,2859,579
Truck345619,1338,3121,2405,2859,454
Truck347050,1339,3238,2800,2859,59
Truck346166,2225,2224,2555,2860,305
Truck346247,2998,1339,2575,2860,285
Truck346804,2822,2225,2730,2860,130
Truck346989,2655,2656,2785,2860,75
Truck347011,3238,0,2790,2860,70
Truck346367,2224,2437,2610,2861,251
Truck346379,3121,2998,2615,2861,246
Truck345232,1339,1338,2295,2862,567
Truck345768,3122,2436,2445,2862,417
Truck346652,2225,2436,2690,2862,172
Truck345699,2436,2998,2425,2863,438
Truck346514,2656,3238,2650,2863,213
Truck346643,2998,3121,2685,2863,178
Truck346698,0,3239,2705,2863,158
Truck345591,2436,2656,2395,2864,469
Truck346594,2999,2998,2675,2864,189
Truck346822,2822,2225,2735,2865,130
Truck346857,2821,2224,2745,2865,120
Truck347007,2655,2656,2790,2865,75
Truck345984,3122,2224,2505,2866,361
Truck347018,2656,2436,2790,2866,76
Truck346397,3121,3239,2620,2867,247
Truck346456,1339,3121,2635,2867,232
Truck345627,2436,2224,2405,2868,463
Truck346791,2655,3238,2730,2868,138
Truck346795,3238,2655,2730,2868,138
Truck346899,2655,1339,2760,2868,108
Truck346914,0,2437,2765,2868,103
Truck346916,2437,0,2765,2868,103
Truck346470,3122,3121,2640,2869,229
Truck346612,2999,3239,2680,2869,189
Truck345960,0,2224,2500,2870,370
Truck346007,2224,3122,2510,2870,360
Truck346443,2821,3122,2630,2870,240
Truck346580,2225,2437,2670,2870,200
Truck346840,2822,2436,2740,2870,130
Truck345205,1338,3239,2290,2871,581
Truck346202,2225,2998,2565,2871,306
Truck346283,2998,3122,2585,2871,286
Truck346303,1338,2225,2595,2871,276
Truck346403,2224,2437,2620,2871,251
Truck347244,3122,0,2855,2871,16
Truck346274,2225,3122,2585,2872,287
Truck346310,2225,1338,2595,2872,277
Truck346469,3121,1339,2640,2872,232
Truck345709,1338,2436,2430,2873,443
Truck346272,3122,2225,2585,2873,288
Truck346561,3238,3331,2665,2873,208
Truck346776,3122,3239,2725,2873,148
Truck346809,2655,3238,2735,2873,138
Truck347006,2437,2999,2790,2873,83
Truck345282,3122,1338,2310,2874,564
Truck346024,1339,2224,2515,2874,359
Truck346630,2999,2224,2685,2874,189
Truck345223,1338,2821,2295,2875,580
Truck346183,3238,2998,2560,2875,315
Truck346220,2225,3239,2570,2875,305
Truck346421,2224,2436,2625,2876,251
Truck346798,1339,3239,2730,2876,146
Truck346934,2437,3331,2770,2876,106
Truck347054,2656,3121,2800,2876,76
Truck347165,2998,2821,2830,2876,46
Truck346328,2225,1338,2600,2877,277
Truck346675,3331,2224,2695,2877,182
Truck346764,3239,0,2720,2877,157
Truck346996,1339,2437,2785,2877,92
Truck346998,3239,2822,2785,2877,92
Truck347217,2821,2822,2845,2877,32
Truck346291,3238,3121,2590,2878,288
Truck346657,3331,0,2690,2878,188
Truck347024,2437,2999,2795,2878,83
Truck346238,2225,3331,2575,2879,304
Truck346648,2999,2655,2690,2879,189
Truck346938,3122,2655,2770,2880,110
Truck346818,3239,1339,2735,2881,146
Truck346952,2437,2821,2775,2881,106
Truck347072,2656,2437,2805,2881,76
Truck345807,2436,1338,2455,2882,427
Truck346346,2225,1338,2605,2882,277
Truck346510,1339,3121,2650,2882,232
Truck345103,3238,1338,2260,2883,623
Truck346061,2224,1339,2525,2883,358
Truck346446,0,2822,2635,2883,248
Truck346711,3331,3122,2705,2883,178
Truck345713,3121,1338,2430,2884,454
Truck346666,2999,3239,2695,2884,189
Truck347028,3122,2437,2795,2884,89
Truck347143,3331,2822,2825,2884,59
Truck346256,2225,2822,2580,2885,305
Truck346337,2998,1339,2600,2885,285
Truck346859,2998,3239,2745,2885,140
Truck346680,0,2999,2700,2886,186
Truck346738,2999,3122,2715,2886,171
Truck347199,2821,2998,2840,2886,46
Truck345925,1338,2999,2490,2887,397
Truck346142,2437,2436,2550,2887,337
Truck346893,2821,2225,2755,2887,132
Truck347163,2821,2656,2830,2887,57
Truck346863,2655,3238,2750,2888,138
Truck345731,3121,1338,2435,2889,454
Truck346684,2999,2822,2700,2889,189
Truck347105,2224,2822,2815,2889,74
Truck347232,3239,2999,2850,2889,39
Truck347356,1339,3122,2885,2889,4
Truck345277,1338,2821,2310,2890,580
Truck346487,3121,2998,2645,2890,245
Truck346912,2822,2437,2760,2890,130
Truck346947,2821,2224,2770,2890,120
Truck346988,2437,2655,2785,2890,105
Truck347125,3331,1338,2820,2890,70
Truck345789,2436,0,2450,2891,441
Truck345799,1338,2436,2455,2891,436
Truck346074,3122,2224,2530,2891,361
Truck346475,2224,2225,2640,2891,251
Truck346485,2655,3121,2645,2891,246
Truck346872,3239,2998,2750,2891,141
Truck347108,2656,2999,2815,2891,76
Truck347112,0,3238,2820,2891,71
Truck346130,2225,3238,2545,2892,347
Truck346097,2224,1339,2535,2893,358
Truck346702,2999,2224,2705,2893,188
Truck346751,2998,2655,2715,2893,178
Truck345853,1338,2436,2470,2894,424
Truck347064,3122,2437,2805,2894,89
Truck346292,2225,2655,2590,2895,305
Truck346373,2998,1339,2610,2895,285
Truck346756,2999,1339,2720,2895,175
Truck346930,2822,3121,2765,2895,130
Truck347115,2655,2656,2820,2895,75
Truck347200,2822,2656,2840,2895,55
Truck346505,3121,3239,2650,2896,246
Truck346870,1339,3239,2750,2896,146
Truck346745,2224,3331,2715,2897,182
Truck346929,2821,2225,2765,2897,132
Truck347060,2437,1339,2805,2897,92
Truck347074,2822,3239,2805,2897,92
Truck346651,3238,3331,2690,2898,208
Truck346824,0,3239,2740,2898,158
Truck346552,2822,3122,2660,2899,239
Truck346720,2999,2224,2710,2899,189
Truck346780,1339,2999,2725,2899,174
Truck347197,3331,2822,2840,2899,59
Truck347268,3239,3121,2860,2899,39
Truck345313,1338,2224,2320,2900,580
Truck346068,0,2224,2530,2900,370
Truck346515,2821,0,2650,2900,250
Truck346948,2822,1338,2770,2900,130
Truck347161,3331,2225,2830,2900,70
Truck345692,2437,1338,2425,2901,476
Truck346110,3122,2224,2540,2901,361
Truck346366,1339,2225,2610,2901,291
Truck346523,3121,2224,2655,2901,246
Truck346792,2999,3122,2730,2901,171
Truck347255,2998,2821,2855,2901,46
Truck347307,2821,2822,2870,2902,32
Truck346766,2656,1339,2720,2903,183
Truck346880,2437,3238,2755,2903,148
Truck346884,3122,3239,2755,2903,148
Truck346885,3238,2437,2755,2903,148
Truck346917,2655,3238,2765,2903,138
Truck347277,2655,3239,2865,2903,38
Truck346323,2655,2225,2600,2904,304
Truck346778,2225,3121,2725,2904,179
Truck345331,1338,3239,2325,2905,580
Truck345808,1339,2436,2455,2905,450
Truck346402,1339,2998,2620,2905,285
Truck346541,3121,2224,2660,2905,245
Truck346700,2437,2225,2705,2905,200
Truck346128,3122,2224,2545,2906,361
Truck346409,2998,3122,2620,2906,286
Truck346529,2224,2999,2655,2906,251
Truck346908,3239,1339,2760,2906,146
Truck347042,2437,2998,2800,2906,106
Truck347162,2656,2437,2830,2906,76
Truck346398,3122,2998,2620,2907,287
Truck347325,2821,2822,2875,2907,32
Truck345825,2436,3331,2460,2908,448
Truck347053,3331,2998,2800,2908,108
Truck347058,0,2437,2805,2908,103
Truck345803,3121,1338,2455,2909,454
Truck346150,1339,2224,2550,2909,359
Truck346748,2656,0,2715,2909,194
Truck347304,3239,3121,2870,2909,39
Truck345349,1338,2998,2330,2910,580
Truck345643,3238,2436,2410,2910,500
Truck346319,2998,3238,2595,2910,315
Truck346724,2225,2437,2710,2910,200
Truck347015,2224,2821,2790,2910,120
Truck347106,3239,2821,2815,2910,95
Truck346547,2224,2655,2660,2911,251
Truck346828,2999,3122,2740,2911,171
Truck347180,2656,2999,2835,2911,76
Truck345879,2436,3239,2475,2912,437
Truck346577,3121,0,2670,2913,243
Truck346783,3331,0,2725,2913,188
Truck346823,2998,2437,2735,2913,178
Truck346921,3238,2437,2765,2913,148
Truck347071,3331,2998,2805,2913,108
Truck347224,2999,3121,2850,2913,63
Truck347344,2822,2821,2880,2913,33
Truck347195,2224,2998,2840,2914,74
Truck347322,3239,2436,2875,2914,39
Truck346327,3238,2998,2600,2915,315
Truck347002,2822,2437,2785,2915,130
Truck346364,2225,2998,2610,2916,306
Truck346565,2224,2437,2665,2916,251
Truck346831,3238,3239,2740,2916,176
Truck347078,2437,2655,2810,2916,106
Truck347079,2655,2437,2810,2916,106
Truck345369,2655,1338,2335,2917,582
Truck346219,3238,2225,2570,2917,347
Truck346817,2224,3331,2735,2917,182
Truck347001,2821,2999,2785,2917,132
Truck347026,2999,2225,2795,2917,122
Truck347418,0,1339,2905,2917,12
Truck345861,2436,2224,2470,2918,448
Truck346595,3121,0,2675,2918,243
Truck346649,3121,3122,2690,2918,228
Truck346709,2224,3239,2705,2918,213
Truck346801,3331,0,2730,2918,188
Truck346841,2998,2437,2740,2918,178
Truck345839,3121,1338,2465,2919,454
Truck346079,2224,3238,2530,2919,389
Truck346186,1339,2224,2560,2919,359
Truck346650,3122,3121,2690,2919,229
Truck347263,3238,1339,2860,2919,59
Truck347266,1339,3238,2860,2919,59
Truck347340,3239,2999,2880,2919,39
Truck345385,1338,3239,2340,2920,580
Truck346382,2225,3331,2615,2920,305
Truck346618,1339,2821,2680,2920,240
Truck346770,0,2656,2725,2920,195
Truck347020,2822,2999,2790,2920,130
Truck347096,2437,2998,2815,2920,105
Truck347223,2655,3331,2850,2920,70
Truck345439,1338,1339,2355,2921,566
Truck346182,3122,2224,2560,2921,361
Truck346583,2224,2437,2670,2921,251
Truck346806,0,2999,2735,2921,186
Truck347216,2656,1338,2845,2921,76
Truck346525,3238,2822,2655,2922,267
Truck347236,2822,2224,2850,2922,72
Truck346606,2822,0,2675,2923,248
Truck346741,3238,3331,2715,2923,208
Truck347349,2655,3239,2885,2923,38
Truck347231,2224,2822,2850,2924,74
Truck347358,3239,2999,2885,2924,39
Truck345943,1338,2436,2495,2925,430
Truck346400,2225,2656,2620,2925,305
Truck346474,1339,2998,2640,2925,285
Truck346509,2436,2999,2650,2925,275
Truck346669,3238,2999,2695,2925,230
Truck346788,0,2656,2730,2925,195
Truck347038,2822,2655,2795,2925,130
Truck347073,2821,2224,2805,2925,120
Truck345403,1338,2821,2345,2926,581
Truck346200,3122,2224,2565,2926,361
Truck346601,2224,2437,2675,2926,251
Truck346654,1339,2822,2690,2926,236
Truck346978,1339,3239,2780,2926,146
Truck347343,2821,2998,2880,2926,46
Truck346428,0,2998,2630,2927,297
Truck347037,2821,1338,2795,2927,132
Truck346877,2998,2655,2750,2928,178
Truck346970,2437,3238,2780,2928,148
Truck345421,1338,3331,2350,2929,579
Truck346888,1339,2999,2755,2929,174
Truck347302,1339,3238,2870,2929,59
Truck347376,3239,2655,2890,2929,39
Truck346619,2224,2225,2680,2931,251
Truck346846,2999,0,2745,2931,186
Truck347132,2437,2822,2825,2931,106
Truck347252,2656,1338,2855,2931,76
Truck347503,3331,2656,2925,2931,6
Truck346486,2999,2436,2645,2932,287
Truck346488,3122,2998,2645,2932,287
Truck346855,3331,0,2745,2933,188
Truck346436,2225,2224,2630,2934,304
Truck346677,2821,1339,2695,2934,239
Truck346842,0,3331,2745,2934,189
Truck347273,2998,2224,2860,2934,74
Truck345933,2436,2655,2490,2935,445
Truck346361,3121,2436,2610,2935,325
Truck346401,2436,3121,2620,2935,315
Truck346672,1339,2821,2695,2935,240
Truck347109,2821,2224,2815,2935,120
Truck346537,1338,2225,2660,2936,276
Truck346637,2224,2999,2685,2936,251
Truck346860,0,2999,2750,2936,186
Truck346907,2224,2656,2760,2936,176
Truck347016,3239,1339,2790,2936,146
Truck347270,2656,2225,2860,2936,76
Truck346703,3121,1339,2705,2937,232
Truck345301,3238,1338,2315,2938,623
Truck346892,2656,1339,2755,2938,183
Truck347414,2656,3239,2900,2938,38
Truck346223,2224,0,2570,2939,369
Truck346722,3122,3121,2710,2939,229
Truck346856,2656,0,2745,2939,194
Truck346924,1339,2999,2765,2939,174
Truck347412,3239,2999,2900,2939,39
Truck345457,1338,2822,2360,2940,580
Truck346454,2225,2656,2635,2940,305
Truck347305,3331,2655,2870,2940,70
Truck346655,2224,3121,2690,2941,251
Truck346667,3121,2821,2695,2941,246
Truck347052,3239,2998,2800,2941,141
Truck347168,2437,3331,2835,2941,106
Truck347288,2656,3121,2865,2941,76
Truck347399,2998,2821,2895,2941,46
Truck347334,3122,3238,2880,2942,62
Truck346891,3331,0,2755,2943,188
Truck347169,2655,1339,2835,2943,108
Truck347432,2656,3239,2905,2943,38
Truck345978,0,2436,2505,2944,439
Truck346472,2225,3239,2640,2944,304
Truck346878,0,3331,2755,2944,189
Truck347309,2998,2224,2870,2944,74
Truck346546,1339,2998,2660,2945,285
Truck346713,2821,3122,2705,2945,240
Truck346673,2224,2437,2695,2946,251
Truck346685,3121,2822,2700,2946,246
Truck346726,1339,2822,2710,2946,236
Truck346954,2999,3122,2775,2946,171
Truck347306,2656,2655,2870,2946,76
Truck345915,2436,2821,2485,2947,462
Truck347186,2437,3239,2840,2947,107
Truck347250,3239,2822,2855,2947,92
Truck346482,0,2225,2645,2948,303
Truck346696,2822,0,2700,2948,248
Truck346909,3331,0,2760,2948,188
Truck347194,1339,2655,2840,2948,108
Truck347466,3239,3331,2915,2948,33
Truck346490,2225,2655,2645,2950,305
Truck346900,2999,3331,2760,2950,190
Truck347148,0,2655,2830,2950,120
Truck346691,2224,2999,2700,2951,251
Truck346961,2224,2656,2775,2951,176
Truck345556,1339,1338,2385,2952,567
Truck347127,2821,2436,2820,2952,132
Truck345843,2436,3238,2465,2953,488
Truck346838,2656,3238,2740,2953,213
Truck346953,2655,2998,2775,2953,178
Truck346967,2998,2225,2775,2953,178
Truck346910,2656,0,2760,2954,194
Truck346918,2999,2656,2765,2954,189
Truck346946,2656,3122,2770,2954,184
Truck347389,3238,1339,2895,2954,59
Truck345511,1338,2822,2375,2955,580
Truck346508,2225,2656,2650,2955,305
Truck346564,1339,2225,2665,2956,291
Truck346936,2999,0,2770,2956,186
Truck347342,2656,2655,2880,2956,76
Truck347586,3122,1339,2950,2956,6
Truck346721,3121,2998,2710,2957,247
Truck346740,3122,2821,2715,2957,242
Truck347145,2821,2655,2825,2957,132
Truck347290,2822,3239,2865,2957,92
Truck346971,2655,2998,2780,2958,178
Truck347082,3122,3239,2810,2958,148
Truck345951,2436,2821,2495,2959,464
Truck346526,2225,3331,2655,2959,304
Truck347608,1339,3122,2955,2959,4
Truck345529,1338,3331,2380,2960,580
Truck345907,1338,2437,2485,2960,475
Truck346489,3238,2998,2645,2960,315
Truck347164,2822,2437,2830,2960,130
Truck347377,3331,2655,2890,2960,70
Truck346739,3121,2998,2715,2961,246
Truck347240,2437,3331,2855,2961,106
Truck347469,2821,2998,2915,2961,46
Truck346195,1338,2999,2565,2962,397
Truck347380,2822,2998,2890,2962,72
Truck346419,2436,3121,2625,2963,338
Truck346596,3122,2225,2675,2963,288
Truck347003,2998,2225,2785,2963,178
Truck345547,1338,2224,2385,2964,579
Truck347205,2655,0,2845,2964,119
Truck347332,2999,2437,2880,2964,84
Truck346544,2225,3239,2660,2965,305
Truck346757,3121,3331,2720,2965,245
Truck346974,3122,2656,2780,2965,185
Truck346992,3122,3331,2785,2965,180
Truck347425,3238,3122,2905,2965,60
Truck346014,0,2436,2515,2966,451
Truck346734,0,2821,2715,2966,251
Truck346755,2655,3121,2720,2966,246
Truck346810,2999,3238,2735,2966,231
Truck347258,2437,2822,2860,2966,106
Truck347378,2656,2437,2890,2966,76
Truck346816,1339,3121,2735,2967,232
Truck347088,3239,0,2810,2967,157
Truck346752,0,2822,2720,2968,248
Truck346972,2999,2822,2780,2968,188
Truck347021,2998,2999,2790,2968,178
Truck346557,2655,2225,2665,2969,304
Truck346830,3122,3121,2740,2969,229
Truck347259,2655,3122,2860,2969,109
Truck346320,0,2224,2600,2970,370
Truck346562,2225,2822,2665,2970,305
Truck346687,3238,2821,2700,2970,270
Truck347276,2437,2656,2865,2970,105
Truck347385,2655,2656,2895,2970,75
Truck347413,3331,2436,2900,2970,70
Truck346990,2999,0,2785,2971,186
Truck347396,2656,2437,2895,2971,76
Truck347505,2821,2998,2925,2971,46
Truck345628,1339,1338,2405,2972,567
Truck346775,3121,2821,2725,2972,247
Truck345582,0,1338,2395,2973,578
Truck347039,2998,2436,2795,2973,178
Truck347287,3331,2998,2865,2973,108
Truck345981,2655,2436,2505,2974,469
Truck346812,3122,2822,2735,2974,239
Truck346986,0,3331,2785,2974,189
Truck347538,3239,2436,2935,2974,39
Truck345583,1338,2822,2395,2975,580
Truck346113,2436,2998,2540,2975,435
Truck346793,3121,2224,2730,2975,245
Truck347218,2822,2999,2845,2975,130
Truck346781,2224,2655,2725,2976,251
Truck347178,3239,2998,2835,2976,141
Truck347294,2437,2655,2870,2976,106
Truck347622,3122,0,2960,2976,16
Truck345601,1338,0,2400,2977,577
Truck346095,2436,0,2535,2977,442
Truck347035,3331,2224,2795,2977,182
Truck347124,3239,0,2820,2977,157
Truck347036,2656,1339,2795,2978,183
Truck347384,2437,2999,2895,2978,83
Truck346598,2225,2822,2675,2979,304
Truck346839,2821,1339,2740,2979,239
Truck347556,3239,2999,2940,2979,39
Truck347046,3122,3331,2800,2980,180
Truck347449,3331,1338,2910,2980,70
Truck346593,2655,2225,2675,2981,306
Truck347080,2999,3122,2810,2981,171
Truck347196,3239,2998,2840,2981,141
Truck347453,2998,2822,2910,2981,71
Truck345877,3238,2436,2475,2982,507
Truck347235,2821,2655,2850,2982,132
Truck347447,2224,2998,2910,2984,74
Truck347574,3239,2655,2945,2984,39
Truck346589,2998,3238,2670,2985,315
Truck346697,2998,1339,2700,2985,285
Truck346829,3121,2822,2740,2985,245
Truck347289,2821,2224,2865,2985,120
Truck347330,2437,2821,2880,2985,105
Truck347467,3331,2655,2915,2985,70
Truck346077,2436,3239,2530,2986,456
Truck346616,2225,2822,2680,2986,306
Truck347204,2437,3121,2845,2986,141
Truck347450,2656,3121,2910,2986,76
Truck347454,0,3238,2915,2986,71
Truck346876,2822,1339,2750,2987,237
Truck347089,3331,1339,2810,2987,177
Truck346089,2655,2436,2535,2988,453
Truck346847,3121,0,2745,2988,243
Truck347341,3331,2998,2880,2988,108
Truck346331,2224,3238,2600,2989,389
Truck346902,3122,3121,2760,2989,229
Truck345637,1338,2656,2410,2990,580
Truck347272,2822,2655,2860,2990,130
Truck347394,3239,2821,2895,2990,95
Truck347542,2822,2656,2935,2990,55
Truck346096,1339,2436,2535,2991,456
Truck346634,2225,2821,2685,2991,306
Truck346827,2655,2224,2740,2991,251
Truck346835,2224,2225,2740,2991,251
Truck347468,2656,2999,2915,2991,76
Truck345895,3238,2436,2480,2992,512
Truck347087,2224,3331,2810,2992,182
Truck347271,2821,2999,2860,2992,132
Truck347348,2437,2821,2885,2992,107
Truck347402,2437,1339,2900,2992,92
Truck345493,1338,3238,2370,2993,623
Truck346563,2436,3121,2665,2993,328
Truck347062,2999,2224,2805,2993,188
Truck347090,2656,1339,2810,2993,183
Truck347111,2998,3121,2815,2993,178
Truck347245,3238,2655,2855,2993,138
Truck347363,2998,3331,2885,2993,108
Truck345714,3122,1338,2430,2994,564
Truck346833,2436,2999,2740,2994,254
Truck347415,2821,3239,2900,2994,94
Truck347610,3239,3121,2955,2994,39
Truck345897,2436,3238,2480,2995,515
Truck346785,2821,3238,2725,2995,270
Truck346853,2224,2437,2745,2996,251
Truck347134,2999,3122,2825,2996,171
Truck347366,2437,2655,2890,2996,106
Truck347486,2656,2655,2920,2996,76
Truck346321,1338,2999,2600,2997,397
Truck346324,2999,1338,2600,2997,397
Truck345517,3238,1338,2375,2998,623
Truck347184,0,3239,2840,2998,158
Truck347530,2999,3121,2935,2998,63
Truck347646,3239,3331,2965,2998,33
Truck345673,1338,2224,2420,2999,579
Truck345732,3122,1338,2435,2999,564
Truck346179,2655,2436,2560,2999,439
Truck346194,0,2436,2565,2999,434
Truck347295,2655,2822,2870,2999,129
Truck346670,2225,2655,2695,3000,305
Truck347100,3122,2656,2815,3000,185
Truck347308,2822,3121,2870,3000,130
Truck347515,3238,0,2930,3000,70
Truck347521,3331,3121,2930,3000,70
Truck346883,3121,2656,2755,3001,246
Truck347137,3238,3239,2825,3001,176
Truck347174,2225,2436,2835,3001,166
Truck347504,2656,2655,2925,3001,76
Truck347525,2998,2822,2930,3001,71
Truck347560,2822,3331,2940,3001,61
Truck345691,1338,0,2425,3002,577
Truck347734,1339,0,2990,3002,12
Truck346167,2436,2655,2555,3003,448
Truck347122,1339,2656,2820,3003,183
Truck347147,2998,2655,2825,3003,178
Truck347395,3331,2998,2895,3003,108
Truck346145,3121,1338,2550,3004,454
Truck346381,3238,2224,2615,3004,389
Truck347098,2999,2656,2815,3004,189
Truck346688,2225,2656,2700,3005,305
Truck346957,3238,2999,2775,3005,230
Truck347326,2822,1338,2875,3005,130
Truck347539,3331,2225,2935,3005,70
Truck346059,2436,3238,2525,3006,481
Truck346889,2224,2655,2755,3006,251
Truck346901,3121,2224,2760,3006,246
Truck346758,3122,2225,2720,3008,288
Truck347116,2999,2224,2820,3008,188
Truck347144,2656,1339,2825,3008,183
Truck347262,3122,3239,2860,3008,148
Truck347682,3239,3331,2975,3008,33
Truck346149,2436,3122,2550,3009,459
Truck347543,2998,2224,2935,3009,74
Truck346706,2225,2656,2705,3010,305
Truck346942,1339,2821,2770,3010,240
Truck347136,3122,2656,2825,3010,185
Truck347557,3331,3121,2940,3010,70
Truck346203,2436,0,2565,3011,446
Truck346762,1339,2225,2720,3011,291
Truck346787,2998,3122,2725,3011,286
Truck346545,2436,2437,2660,3012,352
Truck346849,3238,2822,2745,3012,267
Truck347420,2437,2998,2905,3012,107
Truck347484,3239,2822,2920,3012,92
Truck347612,2656,2821,2955,3012,57
Truck345571,3238,1338,2390,3013,623
Truck346107,2655,2436,2540,3013,473
Truck346858,2822,3238,2745,3013,268
Truck346937,3121,0,2770,3013,243
Truck347047,3238,2656,2800,3013,213
Truck347133,2655,2999,2825,3013,188
Truck347179,3331,3122,2835,3013,178
Truck347280,3122,3239,2865,3013,148
Truck347281,3238,2437,2865,3013,148
Truck347126,2656,0,2820,3014,194
Truck347496,3122,2437,2925,3014,89
Truck347555,2224,2822,2940,3014,74
Truck345727,1338,2656,2435,3015,580
Truck346185,2436,0,2560,3015,455
Truck347362,2822,2655,2885,3015,130
Truck347382,0,2655,2895,3015,120
Truck347575,3331,3121,2945,3015,70
Truck346769,2998,0,2720,3016,296
Truck347312,2437,3121,2875,3016,141
Truck347439,2655,2437,2910,3016,106
Truck347558,2656,2225,2940,3016,76
Truck347361,2821,2225,2885,3017,132
Truck347502,3239,2822,2925,3017,92
Truck347603,3121,2999,2955,3017,62
Truck347611,3331,2821,2955,3017,62
Truck347630,2656,2821,2960,3017,57
Truck347719,3331,3239,2985,3017,32
Truck346143,2655,2436,2550,3018,468
Truck346257,2436,3239,2580,3018,438
Truck346276,1339,2436,2585,3018,433
Truck347065,3238,2656,2805,3018,213
Truck347152,2999,2656,2830,3018,188
Truck347201,2998,2655,2840,3018,178
Truck347528,2437,2999,2935,3018,83
Truck346511,2224,0,2650,3019,369
Truck346631,3121,2436,2685,3019,334
Truck347623,3238,1339,2960,3019,59
Truck347700,3239,1338,2980,3019,39
Truck345745,1338,2821,2440,3020,580
Truck347593,3331,3121,2950,3020,70
Truck346742,2225,2821,2715,3021,306
Truck346796,2225,1339,2730,3021,291
Truck346943,2224,2655,2770,3021,251
Truck347166,0,2999,2835,3021,186
Truck347456,2437,2655,2915,3021,106
Truck347576,2656,2225,2945,3021,76
Truck347784,3122,0,3005,3021,16
Truck346760,2225,0,2720,3022,302
Truck347214,3239,3238,2845,3022,177
Truck347286,3239,0,2865,3022,157
Truck347379,2821,2437,2890,3022,132
Truck347520,3239,2822,2930,3022,92
Truck347621,3121,2999,2960,3022,62
Truck347649,2821,2656,2965,3022,57
Truck345817,1338,3122,2460,3023,563
Truck346131,2436,2224,2545,3023,478
Truck346894,2822,3238,2755,3023,268
Truck347107,3331,3238,2815,3023,208
Truck347219,2998,2225,2845,3023,178
Truck347316,3122,3239,2875,3023,148
Truck347720,2656,3239,2985,3023,38
Truck347170,2999,2655,2835,3024,189
Truck347457,2655,3122,2915,3024,109
Truck347718,3239,2655,2985,3024,39
Truck345763,1338,2655,2445,3025,580
Truck346723,3238,2998,2710,3025,315
Truck347398,2822,2437,2895,3025,130
Truck346973,3121,2224,2780,3026,246
Truck347188,2999,0,2840,3026,186
Truck347594,2656,2999,2950,3026,76
Truck346832,2225,3122,2740,3027,287
Truck347212,1339,2656,2845,3028,183
Truck347371,3238,2655,2890,3028,138
Truck345781,1338,2224,2450,3029,579
Truck347225,3121,2225,2850,3029,179
Truck347248,1339,2999,2855,3029,174
Truck347736,3239,2225,2990,3029,39
Truck346236,3122,2436,2575,3030,455
Truck346773,2655,2225,2725,3030,305
Truck347019,2821,3122,2790,3030,240
Truck347150,2437,2225,2830,3030,200
Truck347416,2822,2999,2900,3030,130
Truck347659,3238,3122,2970,3030,60
Truck346834,1339,2225,2740,3031,291
Truck347492,2437,2224,2925,3031,106
Truck347856,3122,1339,3025,3031,6
Truck346633,3238,2225,2685,3032,347
Truck347233,3331,2224,2850,3032,182
Truck346239,2436,3122,2575,3033,458
Truck347063,3121,3122,2805,3033,228
Truck347215,3331,0,2845,3033,188
Truck347234,2656,1339,2850,3033,183
Truck347251,3331,3122,2855,3033,178
Truck347352,3122,3239,2885,3033,148
Truck346253,3121,1338,2580,3034,454
Truck346275,2436,3122,2585,3034,449
Truck347202,0,3331,2845,3034,189
Truck347680,1339,3238,2975,3034,59
Truck346599,2436,2437,2675,3035,360
Truck347009,3121,2821,2790,3035,245
Truck347434,2822,3121,2905,3035,130
Truck347511,2655,2437,2930,3035,105
Truck347704,2822,2656,2980,3035,55
Truck346997,2224,2436,2785,3036,251
Truck346329,2436,2821,2600,3037,437
Truck346866,3122,2998,2750,3037,287
Truck346939,3238,2822,2770,3037,267
Truck347056,2822,1339,2800,3037,237
Truck347433,2821,2437,2905,3037,132
Truck347676,3122,3238,2975,3037,62
Truck347141,2224,3239,2825,3038,213
Truck347142,3239,2224,2825,3039,214
Truck347261,3121,2225,2860,3039,179
Truck347475,2655,0,2920,3039,119
Truck346777,3238,2998,2725,3040,315
Truck347372,2225,2436,2890,3040,150
Truck347665,3331,2655,2970,3040,70
Truck346429,1338,2436,2630,3041,411
Truck346814,2225,2821,2735,3041,306
Truck347027,3121,3239,2795,3041,246
Truck347242,2999,0,2855,3041,186
Truck347285,2224,2656,2865,3041,176
Truck347648,2656,2655,2965,3041,76
Truck347900,2656,3331,3035,3041,6
Truck347451,2821,2437,2910,3042,132
Truck347596,2822,3239,2950,3042,92
Truck346966,2822,3238,2775,3043,268
Truck347284,1339,3331,2865,3043,178
Truck347291,2998,3121,2865,3043,178
Truck347790,3239,2656,3005,3043,38
Truck347160,3239,2224,2830,3044,214
Truck345835,1338,2998,2465,3045,580
Truck347068,1339,2821,2805,3045,240
Truck347470,2822,2999,2915,3045,130
Truck347683,3331,2655,2975,3045,70
Truck347256,0,2999,2860,3046,186
Truck347430,3239,2998,2905,3046,141
Truck347546,2437,2822,2940,3046,106
Truck347666,2656,2225,2970,3046,76
Truck347712,3122,3238,2985,3047,62
Truck347738,2656,2821,2990,3047,57
Truck347886,0,1339,3035,3047,12
Truck347406,3122,3239,2900,3048,148
Truck347554,1339,2655,2940,3048,108
Truck347260,2999,3239,2860,3049,189
Truck346813,3238,2998,2735,3050,315
Truck346845,2655,2225,2745,3050,305
Truck347488,2822,2999,2920,3050,130
Truck347550,3122,2655,2940,3050,110
Truck347564,2437,3331,2945,3050,105
Truck347701,3331,2225,2980,3050,70
Truck347731,3238,3122,2990,3050,60
Truck346850,2225,2821,2745,3051,306
Truck347051,2224,3121,2800,3051,251
Truck345871,1338,0,2475,3052,577
Truck347110,2822,1339,2815,3052,237
Truck347487,2821,3121,2920,3052,132
Truck347756,2656,2821,2995,3052,57
Truck346293,2436,1339,2590,3053,463
Truck347209,3238,3331,2845,3053,208
Truck347327,2998,2655,2875,3053,178
Truck347826,3239,2656,3015,3053,38
Truck346868,2225,2224,2750,3054,304
Truck347278,2999,2998,2865,3054,189
Truck346949,2998,1339,2770,3055,285
Truck347506,2822,2225,2925,3055,130
Truck347537,2224,2821,2935,3055,120
Truck346913,2998,0,2760,3056,296
Truck346922,2225,1339,2765,3056,291
Truck347582,2437,2224,2950,3056,106
Truck347702,2656,3121,2980,3056,76
Truck346540,2999,1338,2660,3057,397
Truck347128,2822,1339,2820,3057,237
Truck347323,3331,2224,2875,3057,182
Truck347493,2655,2821,2925,3057,132
Truck347774,2656,2821,3000,3057,57
Truck347922,0,1339,3045,3057,12
Truck347092,2822,0,2810,3058,248
Truck347213,2224,3239,2845,3058,213
Truck347324,2656,1339,2875,3058,183
Truck347717,2224,2998,2985,3059,74
Truck346886,2225,2822,2755,3061,306
Truck347357,2224,2656,2885,3061,176
Truck347474,2437,3121,2920,3061,141
Truck346904,2225,2224,2760,3064,304
Truck347354,2225,3121,2885,3064,179
Truck347374,1339,2999,2890,3064,174
Truck347601,2655,3122,2955,3064,109
Truck347692,2999,2437,2980,3064,84
Truck347735,2224,2822,2990,3064,74
Truck347788,1339,3238,3005,3064,59
Truck346285,1338,2437,2590,3065,475
Truck346662,0,2224,2695,3065,370
Truck347173,3238,2999,2835,3065,230
Truck347749,3238,0,2995,3065,70
Truck347755,3331,2655,2995,3065,70
Truck347008,2999,2436,2790,3066,276
Truck347117,3121,2655,2820,3066,246
Truck346383,2436,0,2615,3067,452
Truck346576,2999,1338,2670,3067,397
Truck347448,3239,0,2910,3067,157
Truck347968,1339,0,3055,3067,12
Truck345924,0,1338,2490,3068,578
Truck347135,3121,0,2825,3068,243
Truck347189,3121,3122,2840,3068,228
Truck347269,3331,3238,2860,3068,208
Truck346615,3238,2224,2680,3069,389
Truck347360,2656,3122,2885,3069,184
Truck347055,2821,3238,2800,3070,270
Truck347591,2224,2821,2950,3070,120
Truck347773,3331,2436,3000,3070,70
Truck347023,1338,2225,2795,3071,276
Truck347123,2224,2436,2820,3071,251
Truck347637,2655,2437,2965,3071,106
Truck347777,2998,2822,3000,3071,71
Truck348000,3122,1339,3065,3071,6
Truck346483,1338,2436,2645,3072,427
Truck347559,2821,3121,2940,3072,132
Truck346455,2436,2998,2635,3073,438
Truck346932,0,2225,2770,3073,303
Truck347146,2822,0,2825,3073,248
Truck347359,3331,0,2885,3073,188
Truck347529,2655,3238,2935,3073,138
Truck347916,3239,3331,3040,3073,33
Truck347182,2822,3122,2835,3074,239
Truck347827,3331,2822,3015,3074,59
Truck346940,2225,2821,2770,3075,305
Truck347328,0,2656,2880,3075,195
Truck347578,2822,2999,2945,3075,130
Truck347821,3238,3122,3015,3075,60
Truck346347,2436,2821,2605,3076,471
Truck346437,2436,2224,2630,3076,446
Truck347153,3121,2822,2830,3076,246
Truck347654,2437,2224,2970,3076,106
Truck345961,1338,0,2500,3077,577
Truck346968,0,2998,2780,3077,297
Truck347207,3121,1339,2845,3077,232
Truck347577,2821,3121,2945,3077,132
Truck347602,2999,2225,2955,3077,122
Truck347722,2822,3239,2985,3077,92
Truck347794,2822,2224,3005,3077,72
Truck348004,1339,0,3065,3077,12
Truck347417,2998,2999,2900,3078,178
Truck347655,2655,1339,2970,3078,108
Truck346931,2998,3238,2765,3080,315
Truck346958,2225,2656,2775,3080,305
Truck347091,2821,3238,2810,3080,270
Truck347388,3122,2656,2895,3080,185
Truck347631,2821,2224,2960,3080,120
Truck347672,2437,2822,2975,3080,105
Truck347809,3331,2225,3010,3080,70
Truck346473,2436,3122,2640,3081,441
Truck347159,2224,2225,2830,3081,251
Truck347386,2999,0,2895,3081,186
Truck347792,2656,2436,3005,3081,76
Truck347901,2821,2998,3035,3081,46
Truck345979,1338,0,2505,3082,577
Truck347171,3121,2656,2835,3082,247
Truck347431,3331,1339,2905,3082,177
Truck347583,2655,2821,2950,3082,132
Truck347595,2821,2437,2950,3082,132
Truck346359,2655,2436,2610,3083,473
Truck347243,3121,3122,2855,3083,228
Truck347421,2655,2998,2905,3083,178
Truck347435,2998,3121,2905,3083,178
Truck347688,0,2437,2980,3083,103
Truck347426,2225,3121,2905,3084,179
Truck347748,3122,2437,2995,3084,89
Truck346976,2225,2821,2780,3085,305
Truck347181,2821,0,2835,3085,250
Truck347440,2999,1339,2910,3085,175
Truck347614,2822,3121,2955,3085,130
Truck347077,1338,2225,2810,3086,276
Truck347177,2224,2225,2835,3086,251
Truck347400,0,2999,2900,3086,186
Truck347810,2656,2436,3010,3086,76
Truck347613,2821,1338,2955,3087,132
Truck347863,3331,2821,3025,3087,62
Truck347446,1339,3331,2910,3088,178
Truck346959,2436,3121,2775,3089,314
Truck347226,3122,2822,2850,3089,239
Truck347825,2224,2822,3015,3089,74
Truck347952,3239,2436,3050,3089,39
Truck346994,2225,2821,2785,3090,305
Truck347075,2998,1339,2805,3090,285
Truck347632,2822,1338,2960,3090,130
Truck347754,3239,2821,2995,3090,95
Truck345999,2655,1338,2510,3091,581
Truck346794,3122,2224,2730,3091,361
Truck347572,1339,3239,2945,3091,146
Truck347592,3239,2998,2950,3091,141
Truck347828,2656,2436,3015,3091,76
Truck347254,2822,1339,2855,3092,237
Truck347762,2437,1339,3000,3092,92
Truck347772,3239,2822,3000,3092,92
Truck347335,3238,2656,2880,3093,213
Truck347422,2999,3239,2905,3093,188
Truck347464,1339,3331,2915,3093,178
Truck347471,2998,2225,2915,3093,178
Truck347992,2822,2821,3060,3093,33
Truck347459,3121,2225,2915,3094,179
Truck347896,1339,3238,3035,3094,59
Truck347970,3239,3121,3055,3094,39
Truck346015,1338,2655,2515,3095,580
Truck347012,2225,3239,2790,3095,305
Truck347390,2225,2437,2895,3095,200
Truck347476,2999,1339,2920,3095,175
Truck347650,2822,2999,2965,3095,130
Truck347726,2437,2224,2990,3095,105
Truck347057,2998,0,2800,3096,296
Truck347066,2225,1339,2805,3096,291
Truck347113,1338,2225,2820,3096,276
Truck347846,2656,2225,3020,3096,76
Truck347957,2998,2821,3050,3096,46
Truck347084,2225,3122,2810,3097,287
Truck347120,2225,1338,2820,3097,277
Truck347485,3331,1339,2920,3097,177
Truck347919,2821,2656,3040,3097,57
Truck346527,2436,1338,2655,3098,443
Truck347022,0,2225,2795,3098,303
Truck347083,3238,3121,2810,3098,288
Truck347489,2998,2225,2920,3098,178
Truck347544,0,3239,2940,3098,158
Truck348010,2822,2821,3065,3098,33
Truck346033,1338,2998,2520,3099,579
Truck346727,2224,3238,2710,3099,389
Truck347500,1339,2999,2925,3099,174
Truck347727,2655,3122,2990,3099,109
Truck347867,2998,2224,3025,3099,74
Truck347030,2225,2822,2795,3100,305
Truck347668,2822,2436,2970,3100,130
Truck347730,3122,2655,2990,3100,110
Truck347296,2999,3238,2870,3101,231
Truck347973,2821,2998,3055,3101,46
Truck348072,3122,0,3085,3101,16
Truck347102,2225,3122,2815,3102,287
Truck347667,2821,1338,2970,3102,132
Truck347507,2998,2225,2925,3103,178
Truck348024,3239,3331,3070,3103,33
Truck348006,3239,2999,3065,3104,39
Truck346051,1338,2655,2525,3105,580
Truck347048,2225,2822,2800,3105,305
Truck347253,2821,0,2855,3105,250
Truck347478,3122,2656,2920,3105,185
Truck347686,2822,1338,2975,3105,130
Truck347721,2821,2224,2985,3105,120
Truck347808,3239,2821,3010,3105,95
Truck347899,3331,2437,3035,3105,70
Truck346898,2437,2436,2760,3106,346
Truck347149,1338,2225,2830,3106,276
Truck347314,2999,3238,2875,3106,231
Truck347882,2656,3121,3030,3106,76
Truck348084,0,3122,3090,3106,16
Truck347315,3121,1339,2875,3107,232
Truck347320,1339,3121,2875,3107,232
Truck347118,3122,2225,2820,3108,288
Truck347407,3238,3331,2900,3108,208
Truck346069,1338,3239,2530,3109,579
Truck347536,1339,2999,2935,3109,174
Truck346851,2436,2437,2745,3111,366
Truck347781,2655,2437,3005,3111,106
Truck347265,2436,2999,2860,3112,252
Truck347279,3121,3331,2865,3112,247
Truck347844,3239,2822,3020,3112,92
Truck347848,2822,3239,3020,3112,92
Truck348061,3331,3239,3080,3112,32
Truck347522,2656,1339,2930,3113,183
Truck346087,1338,2821,2535,3114,579
Truck347292,0,3121,2870,3114,244
Truck347494,2999,2224,2925,3114,189
Truck347872,2999,2437,3030,3114,84
Truck347297,3121,3239,2870,3115,245
Truck347353,3238,2999,2885,3115,230
Truck347687,2998,3239,2975,3115,140
Truck346141,1338,1339,2550,3116,566
Truck347129,2998,0,2820,3116,296
Truck347140,1339,2225,2825,3116,291
Truck347675,3121,2437,2975,3116,141
Truck347798,2437,3331,3010,3116,106
Truck347918,2656,2655,3040,3116,76
Truck348027,2821,2998,3070,3116,46
Truck347192,2225,1338,2840,3117,277
Truck347750,2225,2999,2995,3117,122
Truck347852,2437,1339,3025,3117,92
Truck347561,2998,2225,2940,3118,178
Truck347664,3239,3122,2970,3118,148
Truck347508,0,3331,2930,3119,189
Truck347512,2999,3331,2930,3119,189
Truck347540,2656,3122,2935,3119,184
Truck347983,3238,3122,3060,3120,60
Truck347303,2224,2436,2870,3121,251
Truck347936,2656,3121,3045,3121,76
Truck348187,3331,2656,3115,3121,6
Truck347739,2821,3121,2990,3122,132
Truck347880,3239,2822,3030,3122,92
Truck347956,2822,2224,3050,3122,72
Truck346122,0,1338,2545,3123,578
Truck347310,0,2822,2875,3123,248
Truck347565,2655,2998,2945,3123,178
Truck347579,2998,2999,2945,3123,178
Truck347832,0,2437,3020,3123,103
Truck347892,3122,2437,3035,3124,89
Truck348007,3331,2822,3065,3124,59
Truck346581,2436,0,2670,3125,455
Truck347093,2998,3238,2810,3125,315
Truck347099,3121,2436,2815,3125,310
Truck347498,2225,2437,2925,3125,200
Truck347758,2822,2225,2995,3125,130
Truck347835,2655,2437,3020,3125,105
Truck347971,3331,2225,3055,3125,70
Truck346920,3122,2224,2765,3126,361
Truck347176,1339,2225,2835,3126,291
Truck347333,3121,2821,2880,3126,246
Truck346636,1339,2436,2685,3127,442
Truck346789,1338,2999,2730,3127,397
Truck347190,3122,2998,2840,3127,287
Truck347757,2821,1338,2995,3127,132
Truck347834,2437,3239,3020,3127,107
Truck347888,2437,1339,3035,3127,92
Truck348026,2656,2821,3070,3127,57
Truck348117,2821,2822,3095,3127,32
Truck348174,0,1339,3115,3127,12
Truck347548,2999,3239,2940,3128,188
Truck347597,2998,2225,2950,3128,178
Truck347690,2437,3238,2980,3128,148
Truck347845,3331,2998,3020,3128,108
Truck347998,2999,3121,3065,3128,63
Truck346653,2436,3122,2690,3129,439
Truck347370,3122,2822,2890,3129,239
Truck348044,2656,2822,3075,3129,54
Truck346896,0,2224,2760,3130,370
Truck347138,2225,2655,2825,3130,305
Truck347776,2822,2437,3000,3130,130
Truck347989,3331,2225,3060,3130,70
Truck347183,2998,0,2835,3131,296
Truck347339,2224,2225,2880,3131,251
Truck347404,2999,3238,2900,3131,231
Truck347972,2656,1338,3055,3131,76
Truck347210,2225,3122,2845,3132,287
Truck347775,2821,1338,3000,3132,132
Truck348135,2821,2822,3100,3132,32
Truck345997,1338,3238,2510,3133,623
Truck346003,3238,1338,2510,3133,623
Truck346941,2436,2437,2770,3133,363
Truck347208,3122,2225,2845,3133,288
Truck347615,2998,2437,2955,3133,178
Truck346925,2224,0,2765,3134,369
Truck347013,2436,2437,2790,3134,344
Truck348114,3239,2655,3095,3134,39
Truck346159,1338,2656,2555,3135,580
Truck347369,3121,2656,2890,3135,245
Truck346213,1338,1339,2570,3136,566
Truck347156,2225,3331,2830,3136,306
Truck347237,2998,3122,2850,3136,286
Truck347990,2656,2655,3060,3136,76
Truck346825,1338,2999,2740,3137,397
Truck347428,1339,3121,2905,3137,232
Truck347793,2821,2225,3005,3137,132
Truck348220,1339,0,3125,3137,12
Truck346979,2224,1339,2780,3138,358
Truck347633,2998,2436,2960,3138,178
Truck347763,2655,3238,3000,3138,138
Truck347767,3238,2655,3000,3138,138
Truck347960,2437,2999,3055,3138,83
Truck346177,1338,2224,2560,3139,579
Truck346617,2436,3239,2680,3139,459
Truck346689,2436,1338,2700,3139,439
Truck346871,2224,3238,2750,3139,389
Truck347283,2436,2999,2865,3139,274
Truck347584,2999,3239,2950,3139,189
Truck347644,1339,2999,2965,3139,174
Truck348132,3239,2437,3100,3139,39
Truck347081,3121,2436,2810,3140,330
Truck347410,1339,2821,2900,3140,240
Truck347604,3122,2656,2955,3140,185
Truck347812,2822,2999,3010,3140,130
Truck347847,2821,2224,3020,3140,120
Truck348082,2822,2656,3085,3140,55
Truck347367,2655,2224,2890,3141,251
Truck347387,3121,3331,2895,3141,246
Truck347317,3238,2822,2875,3142,267
Truck347629,3331,2224,2960,3142,182
Truck347811,2821,2437,3010,3142,132
Truck348169,3331,3239,3110,3142,32
Truck346249,1338,3122,2580,3143,563
Truck347626,1339,2656,2960,3143,183
Truck347651,2998,3121,2965,3143,178
Truck347744,2437,3238,2995,3143,148
Truck347906,2437,0,3040,3143,103
Truck348141,2655,3239,3105,3143,38
Truck346491,2436,3238,2645,3144,499
Truck347460,3122,3121,2915,3144,229
Truck348150,3239,2225,3105,3144,39
Truck347865,2821,2224,3025,3145,120
Truck348073,3238,3122,3085,3145,60
Truck346635,2436,2998,2685,3146,461
Truck347246,2225,1339,2855,3146,291
Truck347663,2224,2656,2970,3146,176
Truck346864,2999,1338,2750,3147,397
Truck347829,2821,2225,3015,3147,132
Truck346212,0,1338,2570,3148,578
Truck347924,2437,0,3045,3148,103
Truck346707,2436,3239,2705,3149,444
Truck346743,2436,2998,2715,3149,434
Truck347871,2655,0,3030,3149,119
Truck348047,2998,2224,3075,3149,74
Truck347640,3122,2656,2965,3150,185
Truck347411,2224,1338,2900,3151,251
Truck347986,1339,2437,3060,3152,92
Truck347350,2999,2436,2885,3153,268
Truck347638,2999,2224,2965,3153,188
Truck347939,2998,3331,3045,3153,108
Truck347940,0,2437,3050,3153,103
Truck348177,2655,3239,3115,3153,38
Truck348186,3239,2656,3115,3153,38
Truck346231,1338,2224,2575,3154,579
Truck346701,2655,2436,2705,3154,449
Truck347067,2436,3121,2805,3154,349
Truck347436,0,3121,2910,3154,244
Truck347634,0,3331,2965,3154,189
Truck348112,1339,3238,3095,3154,59
Truck348115,3331,2822,3095,3154,59
Truck348134,2656,2822,3100,3154,54
Truck348310,1339,3122,3150,3154,4
Truck347228,2225,2821,2850,3155,305
Truck347600,2437,2225,2955,3155,200
Truck347658,3122,2656,2970,3155,185
Truck348079,3331,2437,3085,3155,70
Truck348109,3238,3122,3095,3155,60
Truck347441,3121,2998,2910,3156,246
Truck347482,1339,2822,2920,3156,236
Truck347819,3121,2437,3015,3156,141
Truck347942,2437,2655,3050,3156,106
Truck348062,2656,3121,3080,3156,76
Truck348171,2821,2998,3110,3156,46
Truck347513,3121,3122,2930,3158,228
Truck347705,2998,2655,2980,3158,178
Truck347760,0,3239,3000,3158,158
Truck347975,2998,2656,3055,3158,103
Truck348204,3239,2437,3120,3159,39
Truck347004,0,2224,2790,3160,370
Truck347241,2655,2225,2855,3160,305
Truck347618,2437,2225,2960,3160,200
Truck347884,2822,2999,3030,3160,130
Truck348091,3238,0,3090,3160,70
Truck348097,3331,1338,3090,3160,70
Truck347347,1338,2225,2885,3161,276
Truck348080,2656,2437,3085,3161,76
Truck348331,3331,2656,3155,3161,6
Truck347101,3238,2225,2815,3162,347
Truck347274,0,2998,2865,3162,297
Truck347318,2225,3122,2875,3162,287
Truck347883,2821,2999,3030,3162,132
Truck348014,2437,1339,3070,3162,92
Truck346105,1338,3238,2540,3163,623
Truck347587,3238,2656,2950,3163,213
Truck347716,1339,3331,2985,3163,178
Truck348213,2655,3239,3125,3163,38
Truck348224,2656,3239,3125,3163,38
Truck347033,2224,0,2795,3164,369
Truck347532,3122,3121,2935,3164,229
Truck348052,2999,2437,3080,3164,84
Truck347264,2225,2655,2860,3165,305
Truck347345,2998,1339,2880,3165,285
Truck347397,2821,3238,2895,3165,270
Truck347636,2437,2225,2965,3165,200
Truck347674,2999,3239,2975,3165,190
Truck347902,2822,2655,3035,3165,130
Truck347964,3122,2655,3055,3165,110
Truck346267,1338,2998,2585,3166,581
Truck346269,2655,1338,2585,3166,581
Truck347477,3121,3239,2920,3166,246
Truck347862,3239,2998,3025,3166,141
Truck348098,2656,2225,3090,3166,76
Truck348300,0,3122,3150,3166,16
Truck346671,2436,2821,2695,3167,472
Truck347737,3331,1339,2990,3167,177
Truck347926,2999,2225,3045,3167,122
Truck348046,2822,3239,3075,3167,92
Truck346123,1338,3238,2545,3168,623
Truck346129,3238,1338,2545,3168,623
Truck347549,3121,3122,2940,3168,228
Truck347609,2224,3239,2955,3168,213
Truck347741,2998,1338,2990,3168,178
Truck347993,2998,3331,3060,3168,108
Truck348008,2656,2998,3065,3168,103
Truck348262,2822,2821,3135,3168,33
Truck346779,2436,3239,2725,3169,444
Truck347282,2225,3331,2865,3169,304
Truck347524,2822,3122,2930,3169,239
Truck347684,2656,0,2975,3169,194
Truck347907,2655,2822,3040,3169,129
Truck347040,0,2224,2800,3170,370
Truck347518,1339,2821,2930,3170,240
Truck347523,2821,3122,2930,3170,240
Truck347920,2822,2999,3040,3170,130
Truck348042,3239,2821,3075,3170,95
Truck348133,3331,2655,3100,3170,70
Truck347472,0,2821,2920,3171,251
Truck347483,2224,2225,2920,3171,251
Truck347495,3121,2655,2925,3171,246
Truck347710,2999,0,2985,3171,186
Truck347870,2437,3121,3030,3171,141
Truck348116,2656,2436,3095,3171,76
Truck348137,2998,2822,3100,3171,71
Truck348318,0,3122,3155,3171,16
Truck346725,2436,3239,2710,3172,462
Truck347351,3121,3238,2885,3173,288
Truck347647,3331,3238,2965,3173,208
Truck347759,2998,2655,2995,3173,178
Truck347814,0,3239,3015,3173,158
Truck347069,2224,0,2805,3174,369
Truck347300,2225,2224,2870,3174,304
Truck347541,2821,1339,2935,3174,239
Truck347628,3239,2224,2960,3174,214
Truck348258,3239,2999,3135,3174,39
Truck347501,2224,2225,2925,3176,251
Truck346969,1338,2999,2780,3177,397
Truck347937,2821,2655,3045,3177,132
Truck348354,0,1339,3165,3177,12
Truck347452,2822,3238,2910,3178,268
Truck347728,2999,3331,2990,3178,188
Truck348030,0,2437,3075,3178,103
Truck348104,2437,2999,3095,3178,83
Truck347222,2437,2436,2850,3179,329
Truck348202,1339,3238,3120,3179,59
Truck348276,3239,2999,3140,3179,39
Truck347313,2655,2225,2875,3180,305
Truck347696,2225,2437,2980,3180,200
Truck347782,2999,1339,3005,3180,175
Truck348078,3239,2821,3085,3180,95
Truck348226,2822,2656,3125,3180,55
Truck347519,2224,3121,2930,3181,251
Truck348152,2656,2225,3105,3181,76
Truck346987,1338,2999,2785,3182,397
Truck347461,3238,2822,2915,3182,267
Truck347745,2655,2999,2995,3182,187
Truck347802,3122,2999,3010,3182,172
Truck347955,2821,1338,3050,3182,132
Truck347791,3331,3122,3005,3183,178
Truck348043,3331,2998,3075,3183,108
Truck347029,3238,2224,2795,3184,389
Truck347961,2655,2822,3055,3184,129
Truck348124,2999,2437,3100,3184,84
Truck348294,3239,2999,3145,3184,39
Truck347336,2225,2821,2880,3185,305
Truck347708,2437,2225,2985,3185,200
Truck347974,2822,3121,3055,3185,130
Truck346339,1338,2656,2605,3186,581
Truck347392,1339,2225,2895,3186,291
Truck347535,2436,2999,2935,3186,251
Truck347547,2655,3121,2940,3186,246
Truck348050,2437,3239,3080,3186,106
Truck348051,2655,2437,3080,3186,106
Truck348170,2656,1338,3110,3186,76
Truck347364,0,2998,2890,3187,297
Truck348118,2822,3239,3095,3187,92
Truck346797,2436,2822,2730,3188,458
Truck347114,2437,2436,2820,3188,368
Truck347567,3121,0,2945,3188,243
Truck347681,2224,3239,2975,3188,213
Truck347799,2655,2998,3010,3188,178
Truck347813,2998,1338,3010,3188,178
Truck348083,2998,2656,3085,3188,103
Truck348140,2437,2999,3105,3188,83
Truck346357,1338,2224,2610,3189,579
Truck346761,2436,3239,2720,3189,469
Truck347801,3121,2225,3010,3189,179
Truck348142,2999,2437,3105,3189,84
Truck348312,3239,2655,3150,3189,39
Truck348195,2655,3331,3120,3190,70
Truck348205,3331,2436,3120,3190,70
Truck347979,2655,2821,3060,3192,132
Truck348130,1339,2437,3100,3192,92
Truck348136,2822,3239,3100,3192,92
Truck348261,2821,2656,3135,3192,57
Truck348349,3331,3239,3160,3192,32
Truck346815,2436,3239,2735,3193,458
Truck347831,2998,2437,3015,3193,178
Truck348232,2999,3121,3130,3193,63
Truck347822,2225,3121,3015,3194,179
Truck347842,1339,2999,3020,3194,174
Truck348330,3239,1338,3155,3194,39
Truck346375,1338,2656,2615,3195,580
Truck348086,2437,2656,3090,3195,105
Truck346754,2437,1338,2720,3196,476
Truck347562,0,2821,2945,3196,251
Truck347585,3121,2656,2950,3196,246
Truck347796,0,2999,3010,3196,186
Truck347854,2999,3122,3025,3196,171
Truck348317,2998,2821,3150,3196,46
Truck346393,1338,0,2620,3197,577
Truck346869,2436,2822,2750,3197,447
Truck347041,1338,2999,2800,3197,397
Truck347044,2999,1338,2800,3197,397
Truck347800,2999,2822,3010,3198,188
Truck348176,2437,2999,3115,3198,83
Truck348087,2655,3122,3090,3199,109
Truck348348,3239,2999,3160,3199,39
Truck348241,3331,2999,3130,3200,70
Truck347864,2656,2224,3025,3201,176
Truck347978,2437,3121,3060,3201,141
Truck348444,0,1339,3190,3202,12
Truck347853,2655,2998,3025,3203,178
Truck346861,1338,3121,2750,3204,454
Truck346865,3121,1338,2750,3204,454
Truck347408,2225,3239,2900,3204,304
Truck347818,2999,2656,3015,3204,189
Truck348239,2224,2998,3130,3204,74
Truck348366,3239,3121,3165,3204,39
Truck348490,1339,3122,3200,3204,4
Truck346411,1338,2656,2625,3205,580
Truck347381,2998,3238,2890,3205,315
Truck347677,3238,2999,2975,3205,230
Truck347780,2437,2225,3005,3205,200
Truck348011,2998,3239,3065,3205,140
Truck348122,2437,2224,3100,3205,105
Truck348259,3331,2999,3135,3205,70
Truck346887,2436,2224,2755,3206,451
Truck347598,0,2821,2955,3206,251
Truck348242,2656,3121,3130,3206,76
Truck348246,0,3238,3135,3206,71
Truck348486,3122,1339,3200,3206,6
Truck346897,1338,2436,2760,3207,447
Truck347881,3331,1339,3030,3207,177
Truck348045,2821,2436,3075,3207,132
Truck348403,3331,3239,3175,3207,32
Truck348405,2821,2822,3175,3207,32
Truck347479,3238,3121,2920,3208,288
Truck347836,2999,3331,3020,3208,188
Truck347878,1339,3331,3030,3208,178
Truck347885,2998,2437,3030,3208,178
Truck347551,3238,2821,2940,3210,270
Truck347695,3238,2999,2980,3210,230
Truck347616,0,2821,2960,3211,251
Truck347639,3121,3331,2965,3211,246
Truck348462,0,3122,3195,3211,16
Truck346447,1338,0,2635,3212,577
Truck346492,1339,1338,2645,3212,567
Truck347444,2225,0,2910,3212,302
Truck347569,3238,2822,2945,3212,267
Truck348063,2821,1338,3080,3212,132
Truck347249,2224,1339,2855,3213,358
Truck347657,3121,0,2970,3213,243
Truck347958,0,3239,3055,3213,158
Truck348033,2655,3238,3075,3213,138
Truck346977,2436,2821,2780,3214,434
Truck347850,0,3331,3025,3214,189
Truck348402,3239,2436,3175,3214,39
Truck347685,2821,3122,2975,3215,240
Truck347816,2437,2225,3015,3215,200
Truck348267,2655,2656,3140,3215,75
Truck347645,2224,2999,2965,3216,251
Truck348035,3121,2437,3075,3216,141
Truck348278,2656,2225,3140,3216,76
Truck347897,2224,3331,3035,3217,182
Truck348081,2821,2225,3085,3217,132
Truck348212,2437,1339,3125,3217,92
Truck348298,2822,2998,3145,3217,72
Truck348351,2821,2656,3160,3217,57
Truck346905,2436,3239,2760,3218,458
Truck347267,2224,1339,2860,3218,358
Truck347921,2998,1338,3040,3218,178
Truck346524,3122,1338,2655,3219,564
Truck347462,2225,2998,2915,3219,304
Truck347703,2821,1339,2980,3219,239
Truck348250,2999,2437,3135,3219,84
Truck348420,3239,2436,3180,3219,39
Truck346465,1338,3239,2640,3220,580
Truck347652,0,2821,2970,3221,251
Truck346528,1339,1338,2655,3222,567
Truck346923,2436,2822,2765,3222,457
Truck347917,3331,2224,3040,3222,182
Truck347533,3238,3121,2935,3223,288
Truck347670,0,2822,2975,3223,248
Truck347914,1339,2656,3040,3223,183
Truck348340,2999,3121,3160,3223,63
Truck347890,2999,2998,3035,3224,189
Truck347950,1339,2999,3050,3224,174
Truck348364,1339,3238,3165,3224,59
Truck348438,3239,2436,3185,3224,39
Truck347480,2225,3239,2920,3225,305
Truck347605,3238,2821,2955,3225,270
Truck348149,2224,2821,3105,3225,120
Truck348194,2437,2224,3120,3225,105
Truck347693,3121,2224,2980,3226,246
Truck347954,2656,2224,3050,3226,176
Truck348060,3239,1339,3080,3226,146
Truck348314,2656,3121,3150,3226,76
Truck346501,1338,0,2650,3227,577
Truck347423,3121,2436,2905,3227,322
Truck347588,2225,1338,2950,3227,277
Truck347935,3331,2224,3045,3227,182
Truck347908,2999,3239,3040,3228,188
Truck348012,0,3239,3070,3228,158
Truck347031,2436,2655,2795,3229,434
Truck347946,3122,3331,3050,3230,180
Truck347301,2436,2437,2870,3231,361
Truck347699,2224,2436,2980,3231,251
Truck348540,3122,0,3215,3231,16
Truck346503,2655,1338,2650,3232,582
Truck347516,2225,0,2930,3232,302
Truck347982,3122,2999,3060,3232,172
Truck348266,2437,1339,3140,3232,92
Truck348352,2822,2998,3160,3232,72
Truck347321,2224,1339,2875,3233,358
Truck347839,3238,2656,3020,3233,213
Truck347925,2655,2999,3045,3233,188
Truck347963,3121,2225,3055,3234,179
Truck348288,3122,2437,3145,3234,89
Truck348474,3239,2437,3195,3234,39
Truck346519,1338,2656,2655,3235,580
Truck346935,2655,2436,2770,3235,465
Truck347590,1339,2998,2950,3235,285
Truck347729,3121,3331,2990,3235,245
Truck347752,1339,2821,2995,3235,240
Truck347894,2225,2437,3035,3235,200
Truck347904,0,2656,3040,3235,195
Truck348154,2822,2437,3105,3235,130
Truck348216,3122,2655,3125,3235,110
Truck347656,2999,2436,2970,3236,266
Truck348350,2656,2999,3160,3236,76
Truck348153,2821,2655,3105,3237,132
Truck347095,1338,2436,2815,3238,423
Truck347740,2822,0,2990,3238,248
Truck347953,3331,0,3050,3238,188
Truck346991,3121,1338,2785,3239,454
Truck346995,2436,2998,2785,3239,454
Truck347944,2999,2224,3050,3239,189
Truck348421,3331,2822,3180,3239,59
Truck348492,3239,2436,3200,3239,39
Truck347497,3238,2998,2925,3240,315
Truck347534,2225,2655,2935,3240,305
Truck348172,2822,3121,3110,3240,130
Truck348248,2437,2656,3135,3240,105
Truck348385,3331,2437,3170,3240,70
Truck347747,3121,3239,2995,3241,246
Truck348001,3238,3239,3065,3241,176
Truck347206,2999,1338,2845,3242,397
Truck347987,2224,3331,3060,3242,182
Truck346554,0,1338,2665,3243,578
Truck348528,3239,3331,3210,3243,33
Truck346555,1338,2822,2665,3244,579
Truck348324,3122,2437,3155,3244,89
Truck348439,3331,2822,3185,3244,59
Truck348510,3239,3121,3205,3244,39
Truck348190,2822,2655,3115,3245,130
Truck347753,2224,2437,2995,3246,251
Truck348386,2656,2436,3170,3246,76
Truck348189,2821,3121,3115,3247,132
Truck348022,1339,3331,3070,3248,178
Truck348029,2998,2655,3070,3248,178
Truck348126,3122,3239,3100,3248,148
Truck348296,2656,2998,3145,3248,103
Truck347570,2225,2821,2945,3249,304
Truck347898,3239,2224,3035,3249,214
Truck347980,2999,2821,3060,3249,189
Truck348333,2821,3239,3155,3249,94
Truck346573,1338,2656,2670,3250,580
Truck347783,3121,3239,3005,3250,245
Truck348208,2822,2999,3120,3250,130
Truck348478,2822,2656,3195,3250,55
Truck347032,1339,2436,2795,3251,456
Truck347085,2436,3239,2810,3251,441
Truck347771,2224,1338,3000,3251,251
Truck348168,3239,2998,3110,3251,141
Truck348404,2656,2999,3175,3251,76
Truck348655,3331,2656,3245,3251,6
Truck348207,2821,3121,3120,3252,132
Truck348624,0,1339,3240,3252,12
Truck348145,3238,2437,3105,3253,148
Truck348295,3331,2998,3145,3253,108
Truck348356,2437,3122,3165,3253,88
Truck346591,1338,3331,2675,3254,579
Truck347045,3121,1338,2800,3254,454
Truck347830,2822,3122,3015,3254,239
Truck348546,3239,3121,3215,3254,39
Truck347662,1339,2998,2970,3255,285
Truck347669,2998,1339,2970,3255,285
Truck347139,2436,0,2825,3256,431
Truck347789,2224,2436,3005,3256,251
Truck348422,2656,2999,3180,3256,76
Truck348674,2656,3331,3250,3256,6
Truck347443,3238,2225,2910,3257,347
Truck347860,1339,3121,3025,3257,232
Truck348225,2821,2436,3125,3257,132
Truck348652,1339,0,3245,3257,12
Truck347947,3238,3331,3050,3258,208
Truck348566,2656,3239,3220,3258,38
Truck346609,1338,2822,2680,3259,579
Truck347934,3239,2224,3045,3259,214
Truck348016,2999,2655,3070,3259,189
Truck348688,1339,3122,3255,3259,4
Truck347049,2436,2655,2800,3260,460
Truck347875,3238,2999,3030,3260,230
Truck348244,2822,2225,3130,3260,130
Truck348457,3331,3121,3190,3260,70
Truck347606,2225,2998,2955,3261,306
Truck347817,2655,3121,3015,3261,246
Truck348440,2656,2999,3185,3261,76
Truck347866,2822,1339,3025,3262,237
Truck348243,2821,3121,3130,3262,132
Truck348460,2822,2224,3190,3262,72
Truck348485,3121,2999,3200,3262,62
Truck347499,2436,3121,2925,3263,338
Truck347837,3121,0,3020,3263,243
Truck347965,3238,3331,3055,3263,208
Truck348069,2655,2998,3085,3263,178
Truck347393,2224,0,2895,3264,369
Truck348034,2999,2821,3075,3264,189
Truck348074,2225,3121,3085,3264,179
Truck348094,1339,2999,3090,3264,174
Truck347996,2437,2225,3065,3265,200
Truck348384,3239,2821,3170,3265,95
Truck348505,3238,3122,3205,3265,60
Truck347424,3122,2224,2905,3266,361
Truck347624,2225,2822,2960,3266,306
Truck348458,2656,3121,3190,3266,76
Truck348567,2821,2998,3220,3266,46
Truck348503,3121,2999,3205,3267,62
Truck348531,2821,2656,3210,3267,57
Truck347855,3121,0,3025,3268,243
Truck348101,2998,1338,3090,3268,178
Truck347043,2655,2436,2800,3269,469
Truck346647,2655,1338,2690,3270,580
Truck347130,0,2436,2825,3270,445
Truck347911,3238,2999,3040,3270,230
Truck348090,3122,3331,3090,3270,180
Truck348280,2822,3121,3140,3270,130
Truck346645,1338,2821,2690,3271,581
Truck347097,2655,2436,2815,3271,456
Truck347642,2225,2655,2965,3271,306
Truck347698,1339,2225,2980,3271,291
Truck347843,2224,2436,3020,3271,251
Truck348222,3239,1339,3125,3271,146
Truck348532,2822,3331,3210,3271,61
Truck348587,2998,2821,3225,3271,46
Truck348684,3122,0,3255,3271,16
Truck346708,1339,1338,2705,3272,567
Truck347660,2225,0,2970,3272,302
Truck348637,3331,3239,3240,3272,32
Truck348696,0,1339,3260,3272,12
Truck347510,2437,2436,2930,3273,343
Truck347711,3121,3238,2985,3273,288
Truck348070,2999,3239,3085,3273,188
Truck348253,3238,2655,3135,3273,138
Truck348371,2998,3331,3165,3273,108
Truck348520,2999,3121,3210,3273,63
Truck347229,2436,1339,2850,3274,424
Truck347988,3239,2224,3060,3274,214
Truck348107,3121,2225,3095,3274,179
Truck348491,2224,2822,3200,3274,74
Truck348544,1339,3238,3215,3274,59
Truck346663,1338,2224,2695,3275,580
Truck347873,3121,3331,3030,3275,245
Truck348511,3331,3121,3205,3275,70
Truck347714,2225,1339,2985,3276,291
Truck347861,2224,3121,3025,3276,251
Truck348374,2437,3331,3170,3276,106
Truck348494,2656,2437,3200,3276,76
Truck348550,2822,3331,3215,3276,61
Truck347193,2436,2656,2840,3277,437
Truck348297,2821,2999,3145,3277,132
Truck348514,2822,2998,3205,3277,72
Truck348724,1339,0,3265,3277,12
Truck347891,3121,0,3035,3278,243
Truck348005,2224,3239,3065,3278,213
Truck348025,3331,3238,3070,3278,208
Truck348654,3239,3331,3245,3278,33
Truck346681,1338,2822,2700,3279,579
Truck347375,2224,3238,2890,3279,389
Truck348088,2999,2656,3090,3279,189
Truck348303,2655,2822,3150,3279,129
Truck347678,2225,2822,2975,3280,305
Truck348316,2822,2225,3150,3280,130
Truck348378,3122,2655,3170,3280,110
Truck348392,2437,2655,3175,3280,105
Truck348529,3331,2225,3210,3280,70
Truck347879,2224,2225,3030,3281,251
Truck347889,2655,3121,3035,3281,246
Truck348512,2656,2436,3205,3281,76
Truck346699,1338,0,2705,3282,577
Truck347157,2436,2655,2830,3282,452
Truck347910,3122,2821,3040,3282,242
Truck348315,2821,3121,3150,3282,132
Truck348584,2656,2821,3225,3282,57
Truck348672,3239,3331,3250,3283,33
Truck347465,2224,0,2915,3284,369
Truck347691,2655,2225,2980,3284,304
Truck347938,2822,3122,3045,3284,239
Truck348106,2999,3239,3095,3284,189
Truck347909,3121,2224,3040,3285,245
Truck347932,1339,2821,3045,3285,240
Truck348160,2999,1339,3110,3285,175
Truck348299,2998,3239,3145,3285,140
Truck348334,2822,2437,3155,3285,130
Truck347962,2999,3238,3055,3286,231
Truck348178,2999,3122,3115,3286,171
Truck348284,2437,3121,3145,3286,141
Truck348410,2437,3239,3180,3286,106
Truck348639,2821,2998,3240,3286,46
Truck348781,3331,2656,3280,3286,6
Truck347158,1339,2436,2830,3287,457
Truck347368,2999,1338,2890,3287,397
Truck347552,2225,3238,2940,3287,347
Truck347768,2225,3122,3000,3287,287
Truck347804,2225,1338,3010,3287,277
Truck347765,3121,3238,3000,3288,288
Truck348418,1339,2655,3180,3288,108
Truck348425,2998,3331,3180,3288,108
Truck348443,2998,2656,3185,3288,103
Truck348123,2655,2999,3100,3289,189
Truck348184,1339,2999,3115,3289,174
Truck348375,2655,0,3170,3289,119
Truck348620,2656,2822,3235,3289,54
Truck346717,1338,2822,2710,3290,580
Truck348383,2224,2821,3170,3290,120
Truck348555,2655,3331,3220,3290,70
Truck348622,2822,2656,3235,3290,55
Truck347175,2436,2656,2835,3291,456
Truck347915,2224,2655,3040,3291,251
Truck347927,3121,2656,3045,3291,246
Truck348188,2656,2224,3115,3291,176
Truck348428,2437,2655,3185,3291,106
Truck348604,2822,3331,3230,3291,61
Truck347247,2436,2655,2855,3292,437
Truck347742,0,2998,2995,3292,297
Truck348603,2821,3331,3230,3292,62
Truck348709,3331,3239,3260,3292,32
Truck346735,1338,2655,2715,3294,579
Truck347121,2436,2822,2820,3294,474
Truck347429,2224,3238,2905,3294,389
Truck348613,3238,1339,3235,3294,59
Truck347490,0,2224,2925,3295,370
Truck347732,2225,2998,2990,3295,305
Truck347857,3238,2821,3025,3295,270
Truck347943,2655,3121,3050,3295,245
Truck348446,2437,2821,3190,3295,105
Truck347933,2224,2655,3045,3296,251
Truck348570,0,3238,3225,3296,71
Truck348675,2821,2998,3250,3296,46
Truck346753,1338,0,2720,3297,577
Truck347945,3121,3239,3050,3297,247
Truck348185,2224,3331,3115,3297,182
Truck347187,2655,2436,2840,3298,458
Truck348077,2224,3239,3085,3298,213
Truck348209,2998,2999,3120,3298,178
Truck348536,2437,2999,3215,3298,83
Truck348447,2655,3122,3190,3299,109
Truck348513,2821,3239,3205,3299,94
Truck348538,2999,2437,3215,3299,84
Truck348631,3238,1339,3240,3299,59
Truck348708,3239,1338,3260,3299,39
Truck347723,2998,3238,2985,3300,315
Truck348128,2225,2437,3100,3300,200
Truck348388,2822,2655,3170,3300,130
Truck348464,2437,2821,3195,3300,105
Truck348601,3331,2436,3230,3300,70
Truck347951,2224,1338,3050,3301,251
Truck347778,0,2998,3005,3302,297
Truck347820,3122,2998,3015,3302,287
Truck348518,2437,1339,3210,3302,92
Truck347661,2436,3121,2970,3303,333
Truck348227,2998,2436,3125,3303,178
Truck348482,2437,0,3200,3303,103
Truck348717,2655,3239,3265,3303,38
Truck348096,3239,2224,3090,3304,214
Truck348156,0,2656,3110,3305,195
Truck348619,3331,2436,3235,3305,70
Truck346771,1338,2656,2725,3306,581
Truck347824,1339,2225,3015,3306,291
Truck347849,2998,3122,3020,3306,286
Truck347969,2224,2436,3055,3306,251
Truck348602,2656,2225,3230,3306,76
Truck347981,3121,3331,3060,3307,247
Truck348028,2822,1339,3070,3307,237
Truck346627,1338,3238,2685,3308,623
Truck348053,3121,3122,3080,3308,228
Truck348196,2999,2224,3120,3308,188
Truck348245,2998,3121,3130,3308,178
Truck348338,2437,3238,3160,3308,148
Truck348381,2436,2225,3170,3308,138
Truck348493,3331,2998,3200,3308,108
Truck348233,3121,2225,3130,3309,179
Truck348236,2225,3121,3130,3309,179
Truck348670,1339,3238,3250,3309,59
Truck348692,2656,2822,3255,3309,54
Truck347786,2225,2822,3005,3310,305
Truck347991,2821,0,3060,3310,250
Truck347999,3121,3239,3065,3310,245
Truck348158,2437,2225,3110,3310,200
Truck348424,2822,2225,3180,3310,130
Truck348500,2437,2998,3205,3310,105
Truck347840,2225,1339,3020,3311,291
Truck346807,1338,0,2735,3312,577
Truck347458,2999,1338,2915,3312,397
Truck348423,2821,2436,3180,3312,132
Truck348783,2821,2822,3280,3312,32
Truck348151,3331,3238,3105,3313,208
Truck348223,3331,0,3125,3313,188
Truck348263,2998,2225,3135,3313,178
Truck348361,3238,2437,3165,3313,148
Truck348397,3238,2655,3175,3313,138
Truck348515,2998,3331,3205,3313,108
Truck348206,2656,0,3120,3314,194
Truck348251,3121,2225,3135,3314,179
Truck348762,3239,2225,3275,3314,39
Truck348192,0,2656,3120,3315,195
Truck348442,2822,3121,3185,3315,130
Truck348627,2655,2656,3240,3315,75
Truck348712,2822,2656,3260,3315,55
Truck347997,2655,2224,3065,3316,251
Truck348017,3121,2821,3070,3316,246
Truck348659,2998,2822,3245,3316,71
Truck348694,2822,3331,3255,3316,61
Truck348064,2822,1339,3080,3317,237
Truck348658,2822,2998,3245,3317,72
Truck347211,2436,0,2845,3318,473
Truck347874,3122,2225,3030,3318,288
Truck348771,2655,3239,3280,3318,38
Truck348780,3239,2656,3280,3318,38
Truck347365,1338,2436,2890,3319,429
Truck348728,2656,2822,3265,3319,54
Truck347103,2436,3238,2815,3320,505
Truck347580,0,2224,2950,3320,370
Truck347627,2224,3122,2960,3320,360
Truck347733,2436,2437,2990,3320,330
Truck347795,2998,3238,3005,3320,315
Truck348252,3122,2656,3135,3320,185
Truck348663,2655,3331,3250,3320,70
Truck348673,3331,2436,3250,3320,70
Truck347923,1338,2225,3045,3321,276
Truck348023,2224,2999,3070,3321,251
Truck348656,2656,2655,3245,3321,76
Truck347930,2225,1338,3045,3322,277
Truck347409,2436,1338,2900,3323,423
Truck348569,2998,2656,3220,3323,103
Truck348820,2822,2821,3290,3323,33
Truck346843,1338,2822,2745,3324,579
Truck348048,0,3121,3080,3324,244
Truck348798,3239,2436,3285,3324,39
Truck347337,2436,1339,2880,3325,445
Truck348304,2999,1339,3150,3325,175
Truck347419,1338,2436,2905,3326,421
Truck348041,2224,3121,3075,3326,251
Truck348268,2999,0,3140,3326,186
Truck348311,2224,2656,3150,3326,176
Truck348322,2999,3122,3155,3326,171
Truck348477,2821,3121,3195,3327,132
Truck348608,2437,1339,3235,3327,92
Truck348125,3121,3122,3100,3328,228
Truck348277,3331,0,3140,3328,188
Truck348562,1339,2655,3220,3328,108
Truck348099,2821,1339,3090,3329,239
Truck348100,2822,3122,3090,3329,239
Truck348260,2656,0,3135,3329,194
Truck348519,2655,0,3210,3329,119
Truck348739,3238,1339,3270,3329,59
Truck348496,2822,3121,3200,3330,130
Truck348059,2224,1338,3080,3331,251
Truck348572,2437,3331,3225,3331,106
Truck348313,3331,2224,3150,3332,182
Truck347928,3122,2225,3045,3333,288
Truck348335,2998,2437,3155,3333,178
Truck348573,2655,1339,3225,3333,108
Truck348580,1339,2655,3225,3333,108
Truck346879,1338,3239,2755,3334,579
Truck347427,2436,1339,2905,3334,429
Truck347573,2224,3238,2945,3334,389
Truck348501,2655,2822,3205,3334,129
Truck348763,3331,2822,3275,3334,59
Truck348834,3239,2437,3295,3334,39
Truck347119,3238,2436,2820,3335,515
Truck347876,2225,2655,3030,3335,305
Truck348009,2821,3238,3065,3335,270
Truck348286,2999,2821,3145,3335,190
Truck347319,2436,1339,2875,3336,461
Truck347403,2655,2436,2900,3336,436
Truck347697,2436,2437,2980,3336,356
Truck348456,3239,1339,3190,3336,146
Truck348590,2437,2822,3230,3336,106
Truck348962,2656,3331,3330,3336,6
Truck347191,3238,2436,2840,3337,497
Truck347545,1338,2999,2940,3337,397
Truck346951,1338,3122,2775,3338,563
Truck348328,1339,2656,3155,3338,183
Truck348353,2998,2655,3160,3338,178
Truck348408,0,3239,3180,3338,158
Truck348754,2999,3121,3275,3338,63
Truck348657,2821,3239,3245,3339,94
Truck348272,2225,2437,3140,3340,200
Truck348594,3122,2655,3230,3340,110
Truck348745,3331,3121,3270,3340,70
Truck348105,2655,3121,3095,3341,246
Truck348936,3122,0,3325,3341,16
Truck347566,2999,1338,2945,3342,397
Truck348002,2225,1338,3065,3342,277
Truck348321,2655,2999,3155,3342,187
Truck348676,2822,3239,3250,3342,92
Truck348748,2822,2998,3270,3342,72
Truck348102,0,2822,3095,3343,248
Truck348357,2655,2998,3165,3343,178
Truck348638,2656,2998,3240,3343,103
Truck346915,1338,3331,2765,3344,579
Truck347391,2436,2822,2895,3344,449
Truck348240,3239,2224,3130,3344,214
Truck348796,1339,3238,3285,3344,59
Truck348148,1339,2821,3105,3345,240
Truck347912,2225,2224,3040,3346,306
Truck348113,2224,2436,3095,3346,251
Truck348394,2999,3122,3175,3346,171
Truck348626,2437,2821,3240,3346,106
Truck347373,2436,2822,2890,3347,457
Truck348365,2224,3331,3165,3347,182
Truck348367,3331,2224,3165,3347,182
Truck348549,2821,2655,3215,3347,132
Truck348574,2999,2225,3225,3347,122
Truck348389,2998,1338,3170,3348,178
Truck348642,0,2437,3245,3348,103
Truck348698,2437,3122,3260,3348,88
Truck348879,2655,3239,3310,3348,38
Truck348890,2656,3239,3310,3348,38
Truck348591,2655,0,3230,3349,119
Truck348888,3239,3121,3310,3349,39
Truck346933,1338,3239,2770,3350,580
Truck347903,2998,3238,3035,3350,315
Truck348360,3122,2656,3165,3350,185
Truck348533,2998,3239,3210,3350,140
Truck348568,2822,2225,3220,3350,130
Truck348131,2224,2225,3100,3351,251
Truck348143,3121,2224,3105,3351,246
Truck348764,2656,2436,3275,3351,76
Truck348768,0,3238,3280,3351,71
Truck348785,2998,2822,3280,3351,71
Truck347785,3238,2225,3005,3352,347
Truck348596,2225,2999,3230,3352,122
Truck348927,2821,2822,3320,3352,32
Truck348138,0,2822,3105,3353,248
Truck348275,2224,3239,3140,3353,213
Truck348358,2999,2655,3165,3353,188
Truck348382,1339,2656,3170,3353,183
Truck348407,2998,2999,3175,3353,178
Truck348560,2225,2436,3220,3353,133
Truck347405,3121,1338,2900,3354,454
Truck348906,3239,2999,3315,3354,39
Truck347948,2225,3239,3050,3355,305
Truck348320,2437,2225,3155,3355,200
Truck348586,2822,2655,3225,3355,130
Truck348617,2224,2821,3235,3355,120
Truck348799,3331,2436,3285,3355,70
Truck348829,3238,3122,3295,3355,60
Truck348161,3121,3331,3110,3356,246
Truck348539,3121,2437,3215,3356,141
Truck348662,2437,2224,3250,3356,106
Truck348782,2656,3121,3280,3356,76
Truck348984,0,3122,3340,3356,16
Truck347355,2436,2822,2885,3357,472
Truck347620,2999,1338,2960,3357,397
Truck348180,3122,2821,3115,3357,242
Truck348585,2821,2437,3225,3357,132
Truck348614,2225,2999,3235,3357,122
Truck348802,2822,2224,3285,3357,72
Truck348179,3121,0,3115,3358,243
Truck347966,2225,3239,3055,3359,304
Truck348368,2656,0,3165,3359,194
Truck348376,2999,2821,3170,3359,189
Truck348924,3239,2655,3320,3359,39
Truck347724,0,2224,2990,3360,370
Truck348040,1339,2998,3075,3360,285
Truck348726,3239,2821,3265,3360,95
Truck348817,3331,2437,3290,3360,70
Truck348020,2225,1339,3070,3361,291
Truck348167,2224,2999,3110,3361,251
Truck348036,3122,2998,3075,3362,287
Truck348198,3122,2821,3120,3362,242
Truck348632,2225,2999,3240,3362,122
Truck348853,3331,2821,3300,3362,62
Truck348541,3238,2437,3215,3363,148
Truck348645,2655,0,3245,3364,119
Truck348821,2998,2224,3290,3364,74
Truck348942,3239,2436,3325,3364,39
Truck347984,2225,3331,3060,3365,305
Truck348597,2436,2225,3230,3365,135
Truck348892,2822,2656,3310,3365,55
Truck348065,2998,3122,3080,3366,286
Truck348238,1339,2822,3130,3366,236
Truck348818,2656,2225,3290,3366,76
Truck347005,1338,0,2790,3367,577
Truck347445,2436,2224,2910,3367,457
Truck348621,2821,1338,3235,3367,132
Truck348760,1339,2437,3275,3367,92
Truck348054,3122,2225,3080,3368,288
Truck348055,3238,3121,3080,3368,288
Truck348332,2656,3238,3155,3368,213
Truck348412,2999,2224,3180,3368,188
Truck348461,2998,2999,3190,3368,178
Truck348554,2437,3238,3220,3368,148
Truck347806,1339,2224,3010,3369,359
Truck348234,3122,2822,3130,3369,239
Truck348472,1339,2999,3195,3369,174
Truck348833,2224,2822,3295,3369,74
Truck348960,3239,3121,3330,3369,39
Truck347807,2224,3122,3010,3370,360
Truck348215,3121,3331,3125,3370,245
Truck348640,2822,1338,3240,3370,130
Truck348716,2437,2655,3265,3370,105
Truck348203,2224,2225,3120,3371,251
Truck348473,2224,2656,3195,3371,176
Truck347481,2436,3239,2920,3372,452
Truck347858,2225,3238,3025,3372,347
Truck348856,2822,2998,3300,3372,72
Truck348908,2656,2821,3315,3372,57
Truck347463,2436,2655,2915,3373,458
Truck348165,2436,2999,3110,3373,263
Truck348343,3238,2656,3160,3373,213
Truck348347,2224,3239,3160,3373,213
Truck348465,2655,2998,3195,3373,178
Truck348479,2998,2225,3195,3373,178
Truck349102,1339,3122,3370,3374,4
Truck347401,1338,2437,2900,3375,475
Truck348015,2655,2225,3070,3375,305
Truck348214,2999,2436,3125,3375,250
Truck348735,2655,2437,3270,3375,105
Truck348871,3331,2437,3305,3375,70
Truck348076,1339,2225,3085,3376,291
Truck348210,0,2821,3125,3376,251
Truck348274,1339,2822,3140,3376,236
Truck348600,3239,1339,3230,3376,146
Truck348734,2437,3239,3270,3376,106
Truck348854,2656,2999,3300,3376,76
Truck349062,3122,0,3360,3376,16
Truck348292,1339,3121,3145,3377,232
Truck348475,3331,2224,3195,3377,182
Truck348907,3331,2821,3315,3377,62
Truck349084,1339,0,3365,3377,12
Truck348483,2655,2998,3200,3378,178
Truck349014,3239,3331,3345,3378,33
Truck347571,2436,1338,2945,3379,434
Truck348038,2225,3239,3075,3379,304
Truck348448,2999,3331,3190,3379,189
Truck348699,2655,0,3260,3379,119
Truck348801,2821,3239,3285,3379,94
Truck347514,3122,2436,2930,3380,450
Truck348426,0,2656,3185,3380,195
Truck348641,2998,3239,3240,3380,140
Truck348872,2656,1338,3305,3381,76
Truck348876,0,3238,3310,3381,71
Truck347104,1339,1338,2815,3382,567
Truck348066,0,2998,3085,3382,297
Truck348108,3122,2998,3095,3382,287
Truck348270,3122,2821,3140,3382,242
Truck348582,3239,0,3225,3382,157
Truck348704,2225,2999,3260,3382,122
Truck348806,2437,1339,3290,3382,92
Truck348111,2436,2999,3095,3383,288
Truck348056,2225,2821,3080,3384,304
Truck348466,2999,2656,3195,3384,189
Truck347059,1338,3239,2805,3385,580
Truck348269,3121,3239,3140,3385,245
Truck347438,2437,1338,2910,3386,476
Truck348644,2437,3121,3245,3386,141
Truck348647,3121,2437,3245,3386,141
Truck348770,2437,2224,3280,3386,106
Truck348693,2821,2225,3255,3387,132
Truck347517,2436,3331,2930,3388,458
Truck347526,0,2436,2935,3388,453
Truck348508,1339,2656,3205,3388,183
Truck349023,2655,3239,3350,3388,38
Truck347527,1338,3121,2935,3389,454
Truck347531,3121,1338,2935,3389,454
Truck348862,2999,2437,3305,3389,84
Truck348279,2821,0,3140,3390,250
Truck348287,3121,2998,3145,3390,245
Truck348732,0,2655,3270,3390,120
Truck348788,2437,3331,3285,3390,105
Truck348982,2822,2656,3335,3390,55
Truck348119,2998,0,3095,3391,296
Truck348912,0,3238,3320,3391,71
Truck348964,2822,3331,3330,3391,61
Truck349152,3122,1339,3385,3391,6
Truck347746,2999,1338,2995,3392,397
Truck348346,1339,3121,3160,3392,232
Truck348527,2224,3331,3210,3392,182
Truck348852,3239,2822,3300,3392,92
Truck347094,0,1338,2815,3393,578
Truck348282,0,2822,3145,3393,248
Truck347589,2436,3239,2950,3395,445
Truck348092,2225,2822,3090,3395,305
Truck348173,2998,1339,3110,3395,285
Truck348730,2822,1338,3265,3395,130
Truck348285,2655,2224,3145,3396,251
Truck348305,3121,2821,3150,3396,246
Truck348926,2656,2437,3320,3396,76
Truck349035,2821,2998,3350,3396,46
Truck349177,3331,2656,3390,3396,6
Truck347764,2999,1338,3000,3397,397
Truck348162,3122,2998,3110,3397,287
Truck348164,2225,3122,3110,3397,287
Truck348200,2225,1338,3120,3397,277
Truck348729,2821,1338,3265,3397,132
Truck349089,2821,2822,3365,3397,32
Truck348377,3121,3122,3170,3398,228
Truck348437,2224,3239,3185,3398,213
Truck348548,2656,1339,3215,3398,183
Truck348565,3331,3122,3220,3398,178
Truck347553,2436,1339,2940,3400,460
Truck347607,2436,2821,2955,3400,445
Truck347743,1338,2436,2995,3400,405
Truck348323,3121,2655,3155,3400,245
Truck348558,3122,3331,3220,3400,180
Truck348961,3331,2655,3330,3400,70
Truck348110,2225,3331,3095,3401,306
Truck348211,1338,2225,3125,3401,276
Truck348534,0,2999,3215,3401,186
Truck348824,2437,2655,3295,3401,106
Truck348944,2656,2437,3325,3401,76
Truck347779,1338,2999,3005,3402,397
Truck348218,2225,1338,3125,3402,277
Truck348747,2821,3121,3270,3402,132
Truck348120,0,2225,3100,3403,303
Truck348537,2655,2999,3215,3403,188
Truck348583,3331,3122,3225,3403,178
Truck348680,2437,3238,3255,3403,148
Truck348839,2998,3331,3295,3403,108
Truck348840,0,2437,3300,3403,103
Truck349086,3239,2656,3365,3403,38
Truck348369,2821,1339,3165,3404,239
Truck348396,3122,3121,3175,3404,229
Truck348530,2656,0,3210,3404,194
Truck347131,1338,2656,2825,3405,580
Truck348341,3121,2822,3160,3405,245
Truck348339,2655,3121,3160,3406,246
Truck348842,2437,2822,3300,3406,106
Truck348966,0,3238,3335,3406,71
Truck349018,2822,3331,3345,3406,61
Truck349170,3122,0,3390,3406,16
Truck348395,3121,1339,3175,3407,232
Truck348753,2655,2821,3275,3407,132
Truck349017,2821,3331,3345,3407,62
Truck346993,3238,1338,2785,3408,623
Truck347203,1338,3122,2845,3408,563
Truck348199,3238,3121,3120,3408,288
Truck348359,3121,0,3165,3408,243
Truck348413,3121,3122,3180,3408,228
Truck348476,2656,3238,3195,3408,213
Truck348605,2998,2225,3230,3408,178
Truck348858,0,2437,3305,3408,103
Truck348934,2999,2437,3325,3409,84
Truck347151,2655,1338,2830,3410,580
Truck348146,2225,2656,3105,3410,305
Truck348556,2999,2656,3220,3410,190
Truck348815,2224,2821,3290,3410,120
Truck348247,1338,2225,3135,3411,276
Truck348336,0,2821,3160,3411,251
Truck348628,2999,3122,3240,3411,171
Truck348860,2437,2224,3305,3411,106
Truck347167,1338,0,2835,3412,577
Truck347625,2436,2822,2960,3412,452
Truck347707,1338,2436,2985,3412,427
Truck348618,3239,3238,3235,3412,177
Truck348690,3239,0,3255,3412,157
Truck348928,2822,3239,3320,3412,92
Truck348217,3238,3121,3125,3413,288
Truck348623,2998,2436,3235,3413,178
Truck348825,2655,0,3295,3414,119
Truck349122,3239,1338,3375,3414,39
Truck349015,3331,2437,3345,3415,70
Truck348129,2436,3121,3100,3416,316
Truck348430,2999,3238,3185,3416,231
Truck348744,3239,1339,3270,3416,146
Truck348752,2437,3121,3275,3416,141
Truck348878,2437,2656,3310,3416,106
Truck348998,2656,3121,3340,3416,76
Truck348019,3238,2225,3070,3417,347
Truck348307,3238,2822,3150,3417,267
Truck348436,1339,3121,3185,3417,232
Truck349161,2821,2822,3385,3417,32
Truck348235,3238,3121,3130,3418,288
Truck348634,1339,3331,3240,3418,178
Truck347185,1338,2655,2840,3419,579
Truck348450,3122,3121,3190,3419,229
Truck348843,2655,0,3300,3419,119
Truck349140,3239,2436,3380,3419,39
Truck348155,2998,3238,3105,3420,315
Truck348592,2999,2821,3230,3420,190
Truck349033,3331,3121,3350,3420,70
Truck348182,2225,2655,3115,3421,306
Truck349016,2656,2999,3345,3421,76
Truck349125,2821,2998,3375,3421,46
Truck347761,1338,2436,3000,3422,422
Truck348290,2225,1338,3145,3422,277
Truck348666,3122,2999,3250,3422,172
Truck348819,2821,2655,3290,3422,132
Truck348896,2437,2821,3315,3422,107
Truck349036,2822,2998,3350,3422,72
Truck347257,1338,3122,2860,3423,563
Truck347643,2436,2655,2965,3423,458
Truck348390,0,2822,3175,3423,248
Truck348523,3238,2656,3210,3423,213
Truck348547,3331,3238,3215,3423,208
Truck349149,2655,3239,3385,3423,38
Truck347893,3238,2224,3035,3424,389
Truck349158,3239,1338,3385,3424,39
Truck348469,3238,2999,3195,3425,230
Truck348648,3122,3331,3245,3425,180
Truck348838,2822,2437,3295,3425,130
Truck348873,2821,2224,3305,3425,120
Truck348393,2655,2224,3175,3426,251
Truck348401,2224,1338,3175,3426,251
Truck349034,2656,2655,3350,3426,76
Truck348089,3121,2436,3090,3427,337
Truck348467,3121,1339,3195,3427,232
Truck348915,2655,2437,3320,3427,107
Truck349254,0,1339,3415,3427,12
Truck347220,0,1338,2850,3428,578
Truck348929,2998,3331,3320,3428,108
Truck348930,0,2437,3325,3428,103
Truck349176,3239,2656,3390,3428,38
Truck349178,2656,3239,3390,3428,38
Truck347221,1338,2998,2850,3429,579
Truck349124,2656,2822,3375,3429,54
Truck347599,1338,2437,2955,3430,475
Truck348181,3238,2998,3115,3430,315
Truck348191,2998,3238,3115,3430,315
Truck348459,2821,3122,3190,3430,240
Truck349069,3331,2437,3360,3430,70
Truck347673,2655,2436,2975,3431,456
Truck348319,1338,2225,3155,3431,276
Truck348431,3121,3239,3185,3431,246
Truck348855,2821,3121,3300,3432,132
Truck349105,3331,2821,3370,3432,62
Truck347238,0,1338,2855,3433,578
Truck348370,2822,3238,3165,3433,268
Truck348577,3238,3331,3225,3433,208
Truck348695,2998,2436,3255,3433,178
Truck347298,3122,1338,2870,3434,564
Truck348564,3239,2224,3220,3434,214
Truck348646,2999,2655,3245,3434,189
Truck347706,0,2436,2985,3435,450
Truck347787,2436,0,3005,3435,430
Truck348909,2821,2224,3315,3435,120
Truck348950,2437,2821,3330,3435,105
Truck349087,3331,2999,3365,3435,70
Truck347239,1338,3331,2855,3436,581
Truck347877,2436,1338,3030,3436,406
Truck348664,2999,0,3250,3436,186
Truck348710,2656,2224,3260,3436,176
Truck348814,1339,3239,3290,3436,146
Truck349070,2656,2999,3360,3436,76
Truck347770,1339,2436,3000,3437,437
Truck348254,2225,0,3135,3437,302
Truck349090,2822,2224,3365,3437,72
Truck349231,3331,3239,3405,3437,32
Truck347311,1338,3122,2875,3438,563
Truck347766,3122,2436,3000,3438,438
Truck348713,2998,2225,3260,3438,178
Truck348058,1339,2224,3080,3439,359
Truck348249,2655,2225,3135,3439,304
Truck349212,3239,3121,3400,3439,39
Truck348387,2821,3238,3170,3440,270
Truck348455,2224,3121,3190,3441,251
Truck348968,2437,2821,3335,3442,107
Truck347769,2436,2224,3000,3443,443
Truck348264,0,2225,3140,3443,303
Truck348406,2822,3238,3175,3443,268
Truck348595,3238,2656,3230,3443,213
Truck348691,3331,0,3255,3443,188
Truck348706,1339,2656,3260,3443,183
Truck348731,2998,2225,3265,3443,178
Truck349132,2999,3121,3380,3443,63
Truck348722,2225,3121,3265,3444,179
Truck349230,3239,3121,3405,3444,39
Truck347275,1338,2822,2865,3445,580
Truck348682,2999,2821,3255,3445,190
Truck348702,3122,2656,3260,3445,185
Truck348910,2822,1338,3315,3445,130
Truck348986,2437,2822,3340,3445,105
Truck349153,3238,3122,3385,3445,60
Truck347805,2436,0,3010,3446,436
Truck348746,2656,2224,3270,3446,176
Truck347338,1339,1338,2880,3447,567
Truck348342,3122,2998,3160,3447,287
Truck348756,3122,2999,3275,3447,172
Truck348816,3239,0,3290,3447,157
Truck348480,0,2822,3200,3448,248
Truck348749,2998,2436,3270,3448,178
Truck349250,2656,3239,3410,3448,38
Truck348498,0,3121,3205,3449,244
Truck348987,2655,3122,3340,3449,109
Truck347293,1338,2822,2870,3450,580
Truck347679,2436,3239,2975,3450,475
Truck348700,2999,3331,3260,3450,190
Truck349050,3239,2821,3355,3450,95
Truck347859,2436,3122,3025,3452,427
Truck347959,1338,2999,3055,3452,397
Truck348433,3238,2822,3185,3452,267
Truck348777,2436,2225,3280,3452,172
Truck349066,1339,2437,3360,3452,92
Truck349144,2822,2998,3380,3452,72
Truck349196,2656,2821,3395,3452,57
Truck347155,3238,1338,2830,3453,623
Truck348727,3331,0,3265,3453,188
Truck348767,2998,2225,3275,3453,178
Truck349012,1339,2655,3345,3453,108
Truck348308,2225,2821,3150,3454,304
Truck348636,3239,2224,3240,3454,214
Truck347841,2436,1338,3020,3455,435
Truck348281,2998,3238,3140,3455,315
Truck348441,2821,3238,3185,3455,270
Truck348686,2225,2437,3255,3455,200
Truck348946,2822,3121,3325,3455,130
Truck349159,3331,1338,3385,3455,70
Truck347715,2436,2656,2985,3456,471
Truck348509,2224,3121,3205,3456,251
Truck348945,2821,2436,3325,3457,132
Truck349197,2821,3331,3395,3457,62
Truck349372,1339,0,3445,3457,12
Truck348379,3238,3121,3170,3458,288
Truck348516,0,2822,3210,3458,248
Truck348667,3238,3331,3250,3458,208
Truck348883,3238,2437,3310,3458,148
Truck349052,2656,2998,3355,3458,103
Truck348095,2224,0,3090,3459,369
Truck349232,2656,2822,3405,3459,54
Truck347329,1338,2656,2880,3460,580
Truck347331,2655,1338,2880,3460,580
Truck348326,2225,2656,3155,3460,305
Truck348400,1339,2998,3175,3460,285
Truck348736,2999,2998,3270,3460,190
Truck348774,3122,3331,3280,3460,180
Truck348790,2999,1339,3285,3460,175
Truck349040,2437,2821,3355,3460,105
Truck347383,1338,1339,2895,3461,566
Truck348427,1338,2225,3185,3461,276
Truck348988,2999,2225,3340,3462,122
Truck349108,2822,3239,3370,3462,92
Truck349215,2821,3331,3400,3462,62
Truck347346,0,1338,2885,3463,578
Truck347751,2436,0,2995,3463,468
Truck348789,2655,2998,3285,3463,178
Truck348803,2998,2225,3285,3463,178
Truck347641,3238,2436,2965,3464,499
Truck349228,1339,3238,3405,3464,59
Truck349302,3239,3121,3425,3464,39
Truck347725,1338,2437,2990,3465,475
Truck348344,2225,2998,3160,3465,305
Truck348792,3122,3331,3285,3465,180
Truck349059,2655,2437,3360,3465,105
Truck349104,3239,2821,3370,3465,95
Truck349252,2822,2656,3410,3465,55
Truck348398,2225,1339,3175,3466,291
Truck348545,2224,1338,3215,3466,251
Truck348610,2999,3238,3235,3466,231
Truck349287,2821,2998,3420,3466,46
Truck349380,0,3122,3450,3466,16
Truck348487,3238,2822,3200,3467,267
Truck348576,3122,2821,3225,3467,242
Truck348611,3121,1339,3235,3467,232
Truck348981,2821,2436,3335,3467,132
Truck349198,2822,2224,3395,3467,72
Truck349408,1339,0,3455,3467,12
Truck348552,0,2822,3220,3468,248
Truck349322,2656,3239,3430,3468,38
Truck348166,1339,2224,3110,3469,359
Truck348800,2656,3122,3285,3469,184
Truck349320,3239,2436,3430,3469,39
Truck347868,0,2436,3030,3470,440
Truck348495,2821,3238,3200,3470,270
Truck349076,2437,2821,3365,3470,105
Truck348362,2225,2822,3165,3471,306
Truck348940,1339,3239,3325,3471,146
Truck348380,2225,0,3170,3472,302
Truck348999,2821,2437,3340,3472,132
Truck349249,3331,2821,3410,3472,62
Truck349268,2656,2821,3415,3472,57
Truck347227,3238,1338,2850,3473,623
Truck348432,3122,2225,3185,3473,288
Truck348703,3238,2656,3260,3473,213
Truck347442,3122,1338,2910,3474,564
Truck349005,2655,2822,3345,3474,129
Truck349143,2821,3239,3380,3474,94
Truck349338,3239,3121,3435,3474,39
Truck348828,3122,3331,3295,3475,180
Truck348983,2998,3239,3335,3475,140
Truck349053,2821,2224,3355,3475,120
Truck348804,0,2999,3290,3476,186
Truck348958,1339,3239,3330,3476,146
Truck348502,2999,2436,3205,3477,272
Truck348835,3331,2224,3295,3477,182
Truck349094,2437,2998,3370,3477,107
Truck349234,2822,2224,3405,3477,72
Truck349286,2656,2821,3420,3477,57
Truck348013,1338,2436,3070,3478,408
Truck348451,3238,3121,3190,3478,288
Truck348725,2224,3239,3265,3478,213
Truck348836,2656,1339,3295,3478,183
Truck348857,2998,2999,3300,3478,178
Truck349356,3239,2656,3440,3478,38
Truck348808,2999,2656,3290,3479,189
Truck348452,2225,1339,3190,3481,291
Truck348865,3238,3239,3305,3481,176
Truck349476,3122,1339,3475,3481,6
Truck348870,3239,3238,3305,3482,177
Truck348221,2224,1339,3125,3483,358
Truck348875,2998,2999,3305,3483,178
Truck349374,3239,2656,3445,3483,38
Truck348826,2999,3239,3295,3484,189
Truck349247,2224,2822,3410,3484,74
Truck349303,3331,2822,3425,3484,59
Truck348416,2225,3331,3180,3485,305
Truck348629,3121,3239,3240,3485,245
Truck348880,2999,1339,3310,3485,175
Truck349054,2822,2225,3355,3485,130
Truck349267,3331,2437,3415,3485,70
Truck347473,1338,1339,2920,3486,566
Truck348844,2999,0,3300,3486,186
Truck348996,3239,1339,3340,3486,146
Truck349361,2998,2821,3440,3486,46
Truck349184,2437,1339,3395,3487,92
Truck348302,2437,2436,3150,3488,338
Truck348886,1339,3331,3310,3488,178
Truck349160,2656,2998,3385,3488,103
Truck349202,2437,3122,3400,3488,88
Truck349271,2998,2224,3415,3489,74
Truck349392,3239,2999,3450,3489,39
Truck347437,1338,2822,2910,3490,580
Truck347913,2436,3239,3040,3490,450
Truck349194,3239,2821,3395,3490,95
Truck349285,3331,1338,3420,3490,70
Truck348635,2224,2437,3240,3491,251
Truck349025,3121,2437,3350,3491,141
Truck349032,3239,2998,3350,3491,141
Truck349148,2437,2998,3385,3491,106
Truck349377,2821,2998,3445,3491,46
Truck347823,2436,2224,3015,3492,477
Truck349071,2821,1338,3360,3492,132
Truck347299,3238,1338,2870,3493,623
Truck347509,1338,3122,2930,3493,563
Truck348237,2436,2437,3130,3493,363
Truck348861,2655,2999,3305,3493,188
Truck349004,2437,3238,3345,3493,148
Truck349009,3238,2437,3345,3493,148
Truck347455,1338,3331,2915,3494,579
Truck348256,1339,2224,3135,3494,359
Truck349077,2655,2822,3365,3494,129
Truck349224,3122,2437,3405,3494,89
Truck349410,3239,2225,3455,3494,39
Truck349275,2655,2656,3420,3495,75
Truck348003,2436,3122,3065,3496,431
Truck348506,2225,1339,3205,3496,291
Truck348653,2224,2225,3245,3496,251
Truck349538,2656,3331,3490,3496,6
Truck348524,2225,3122,3210,3497,287
Truck348665,3121,2655,3250,3497,247
Truck347931,2436,2655,3045,3498,453
Truck347949,2436,2224,3050,3498,448
Truck348811,3238,3331,3290,3498,208
Truck348889,3331,0,3310,3498,188
Truck349022,2437,3238,3350,3498,148
Truck349027,3238,2437,3350,3498,148
Truck349330,2999,3121,3435,3498,63
Truck349430,2656,3239,3460,3498,38
Truck348163,3238,2224,3110,3499,389
Truck348711,2821,1339,3260,3499,239
Truck349167,2655,3122,3390,3499,109
Truck348470,2225,3239,3195,3500,305
Truck348671,2224,2655,3250,3501,251
Truck348683,3121,3239,3255,3501,246
Truck349058,2437,3121,3360,3501,141
Truck349548,3122,1339,3495,3501,6
Truck348925,3331,2224,3320,3502,182
Truck349107,2821,2437,3370,3502,132
Truck349248,3239,2822,3410,3502,92
Truck349359,2821,3331,3440,3502,62
Truck349045,3238,2437,3355,3503,148
Truck349195,3331,2998,3395,3503,108
Truck349446,3239,2656,3465,3503,38
Truck347491,1338,3239,2925,3504,579
Truck348488,2225,2224,3200,3504,304
Truck349276,2999,2437,3420,3504,84
Truck347967,2436,2655,3055,3505,450
Truck349091,2998,3239,3365,3505,140
Truck349126,2822,2655,3375,3505,130
Truck349311,2655,2656,3430,3505,75
Truck348689,2224,2999,3255,3506,251
Truck348701,3121,2224,3260,3506,246
Truck348742,1339,2822,3270,3506,236
Truck348943,3331,2224,3325,3507,182
Truck348847,3238,3331,3300,3508,208
Truck348965,2998,3121,3330,3508,178
Truck349213,3331,2998,3400,3508,108
Truck349235,2998,2656,3405,3508,103
Truck349274,2437,3122,3420,3508,88
Truck349292,2437,2999,3425,3508,83
Truck347568,3122,1338,2945,3509,564
Truck348916,2999,2224,3320,3509,189
Truck349464,3239,2225,3470,3509,39
Truck347887,1338,2437,3035,3510,475
Truck349357,3331,2225,3440,3510,70
Truck349387,3238,3122,3450,3510,60
Truck348707,2224,1338,3260,3511,251
Truck348719,3121,2822,3265,3511,246
Truck349220,2437,3239,3405,3511,106
Truck349340,2656,2999,3435,3511,76
Truck348329,2224,1339,3155,3513,358
Truck348575,3121,3238,3225,3513,288
Truck348737,3121,0,3270,3513,243
Truck348976,1339,3331,3335,3513,178
Truck348765,2821,1339,3275,3514,239
Truck348974,2225,3121,3335,3514,179
Truck349482,3239,2655,3475,3514,39
Truck348021,2436,2822,3070,3515,445
Truck348057,2436,1339,3080,3515,435
Truck348497,2998,3238,3200,3515,315
Truck349162,2822,2999,3385,3515,130
Truck349375,3331,1338,3445,3515,70
Truck347581,1338,1339,2950,3516,566
Truck348952,2999,0,3330,3516,186
Truck349115,3121,2437,3375,3516,141
Truck349238,2437,2655,3410,3516,106
Truck349602,3122,1339,3510,3516,6
Truck347803,3238,2436,3010,3517,507
Truck348977,2224,3331,3335,3517,182
Truck349413,2821,3331,3455,3517,62
Truck347985,2436,3239,3060,3518,458
Truck348593,3121,3238,3230,3518,288
Truck348809,3121,3122,3290,3518,228
Truck348980,2656,1339,3335,3518,183
Truck349001,2998,3121,3340,3518,178
Truck349099,3238,2437,3370,3518,148
Truck348542,2225,3239,3215,3520,305
Truck349180,2822,2999,3390,3520,130
Truck349256,2437,2822,3415,3520,105
Truck349393,3331,3121,3450,3520,70
Truck349376,2656,2655,3445,3521,76
Truck349019,2998,2655,3345,3523,178
Truck349520,2656,3239,3485,3523,38
Truck349536,3239,3331,3490,3523,33
Truck348257,2224,3238,3135,3524,389
Truck348970,2999,2822,3335,3524,189
Truck349047,2436,2225,3355,3524,169
Truck349185,2655,2822,3395,3524,129
Truck349332,3122,2437,3435,3524,89
Truck349466,2656,2822,3470,3524,54
Truck347563,1338,2822,2945,3525,580
Truck348773,3121,2224,3280,3525,245
Truck349008,3122,3331,3345,3525,180
Truck349233,2821,2224,3405,3525,120
Truck349411,3331,2225,3455,3525,70
Truck348075,2436,2821,3085,3526,441
Truck348750,0,2821,3275,3526,251
Truck349645,3331,2656,3520,3526,6
Truck349222,2999,2225,3405,3527,122
Truck349624,1339,0,3515,3527,12
Truck348901,3238,2656,3315,3528,213
Truck349037,2998,1338,3350,3528,178
Truck349364,2437,2999,3445,3528,83
Truck348786,0,3121,3285,3529,244
Truck347994,0,2436,3065,3530,465
Truck348093,2436,2998,3090,3530,440
Truck348551,2998,3238,3215,3530,315
Truck348791,3121,2224,3285,3530,245
Truck348956,2225,2437,3330,3530,200
Truck349216,2822,2225,3400,3530,130
Truck348578,2225,2656,3225,3531,306
Truck348779,2224,3121,3280,3531,251
Truck349060,2999,3122,3360,3531,171
Truck349166,2437,3121,3390,3531,141
Truck349169,3121,2437,3390,3531,141
Truck349412,2656,1338,3455,3531,76
Truck348434,2225,3238,3185,3532,347
Truck348471,2436,2437,3195,3532,337
Truck348606,0,2998,3235,3532,297
Truck348810,3122,2821,3290,3532,242
Truck349051,3331,1339,3355,3532,177
Truck349354,1339,2437,3440,3532,92
Truck349457,3121,2999,3470,3532,62
Truck348863,3121,3122,3305,3533,228
Truck349006,2999,2655,3345,3533,188
Truck348293,2224,3238,3145,3534,389
Truck348837,2821,1339,3295,3534,239
Truck348864,3122,3121,3305,3534,229
Truck349046,2225,3121,3355,3534,179
Truck349480,1339,3238,3475,3534,59
Truck349554,3239,3121,3495,3534,39
Truck349447,3331,2436,3465,3535,70
Truck348650,2225,1339,3245,3536,291
Truck348797,2224,2999,3285,3536,251
Truck349541,2998,2821,3490,3536,46
Truck349674,3122,1339,3530,3536,6
Truck348868,1339,3121,3305,3537,232
Truck349049,2224,3331,3355,3537,182
Truck349068,3239,3238,3360,3537,177
Truck349483,3331,2821,3475,3537,62
Truck348881,3121,3122,3310,3538,228
Truck349073,2998,2655,3360,3538,178
Truck349203,2655,3238,3400,3538,138
Truck348071,3121,1338,3085,3539,454
Truck348772,2999,2436,3280,3539,259
Truck348822,0,3121,3295,3539,244
Truck348882,3122,3121,3310,3539,229
Truck349024,2999,2655,3350,3539,189
Truck349061,3121,2225,3360,3539,179
Truck349239,2655,2822,3410,3539,129
Truck347619,2655,1338,2960,3540,580
Truck348827,3121,3331,3295,3540,245
Truck348850,1339,2821,3300,3540,240
Truck349328,2437,3331,3435,3540,105
Truck348453,2436,2437,3190,3541,351
Truck348668,2225,1339,3250,3541,291
Truck349448,2656,2225,3465,3541,76
Truck348766,2822,3238,3275,3543,268
Truck348979,3331,3238,3335,3543,208
Truck349418,2437,2999,3460,3543,83
Truck347694,3122,1338,2980,3544,564
Truck348144,3122,2436,3105,3544,439
Truck348325,3238,2224,3155,3544,389
Truck349270,2822,2437,3415,3545,130
Truck349346,2437,3239,3440,3545,105
Truck347635,1338,2656,2965,3546,581
Truck348039,2436,2655,3075,3546,471
Truck348159,2655,2436,3110,3546,436
Truck348845,3121,2656,3300,3546,246
Truck348147,2436,2821,3105,3547,442
Truck348660,0,2998,3250,3547,297
Truck348775,3238,2822,3280,3547,267
Truck348784,2822,3238,3280,3548,268
Truck348997,3331,3238,3340,3548,208
Truck349109,2998,2437,3370,3548,178
Truck349626,3239,3331,3515,3548,33
Truck347653,1338,2998,2970,3549,579
Truck348918,3122,3121,3320,3549,229
Truck348978,3239,2224,3335,3549,214
Truck349088,2656,3122,3365,3549,184
Truck349487,2998,2224,3475,3549,74
Truck349501,3331,3121,3480,3550,70
Truck348032,2437,1338,3075,3551,476
Truck348751,1338,2225,3275,3551,276
Truck349074,0,2999,3365,3551,186
Truck347671,1338,0,2975,3552,577
Truck348758,2225,1338,3275,3552,277
Truck349704,0,1339,3540,3552,12
Truck348991,3238,2656,3340,3553,213
Truck349113,2655,2998,3375,3553,178
Truck349123,3331,3122,3375,3553,178
Truck349127,2998,3121,3375,3553,178
Truck349182,0,3239,3395,3553,158
Truck349382,2437,0,3450,3553,103
Truck349454,2437,2999,3470,3553,83
Truck347895,2436,3238,3035,3554,519
Truck349078,2999,2998,3365,3554,189
Truck349329,2655,0,3435,3554,119
Truck349306,2822,2225,3425,3555,130
Truck349509,2655,3331,3485,3555,70
Truck348468,3122,2224,3195,3556,361
Truck348869,2224,2436,3305,3556,251
Truck349266,3239,2998,3415,3556,141
Truck349502,2656,3121,3480,3556,76
Truck348337,1338,2999,3160,3557,397
Truck348900,3122,2821,3315,3557,242
Truck348935,3121,1339,3325,3557,232
Truck349305,2821,2436,3425,3557,132
Truck349444,1339,2437,3465,3557,92
Truck348678,0,2225,3255,3558,303
Truck348738,3122,2225,3270,3558,288
Truck349243,3238,2437,3410,3558,148
Truck349472,2437,2999,3475,3558,83
Truck349095,2655,2999,3370,3559,189
Truck349096,2999,2821,3370,3559,189
Truck349347,2655,0,3440,3559,119
Truck349517,2224,2998,3485,3559,74
Truck349592,2656,2822,3505,3559,54
Truck348899,3121,3331,3315,3560,245
Truck349116,3122,2656,3375,3560,185
Truck349537,3331,2436,3490,3560,70
Truck348068,2437,1338,3085,3561,476
Truck348887,2224,2437,3310,3561,251
Truck349264,1339,3239,3415,3561,146
Truck349400,2437,2656,3455,3561,106
Truck349141,3331,2224,3380,3562,182
Truck349323,2821,3121,3430,3562,132
Truck349540,2822,2998,3490,3562,72
Truck349566,3122,3238,3500,3562,62
Truck348755,3121,3238,3275,3563,288
Truck349114,2999,2656,3375,3563,188
Truck349142,2656,1339,3380,3563,183
Truck349163,2998,2999,3385,3563,178
Truck349401,2655,1339,3455,3563,108
Truck348972,3122,3121,3335,3564,229
Truck349106,2656,0,3370,3564,194
Truck349298,2225,2436,3425,3564,139
Truck349662,3239,2225,3525,3564,39
Truck347709,2655,1338,2985,3565,580
Truck348255,2436,1339,3135,3565,430
Truck348677,2998,3238,3250,3565,315
Truck349262,2225,2436,3415,3565,150
Truck349555,3331,2225,3495,3565,70
Truck348905,2224,1338,3315,3566,251
Truck349782,3122,1339,3560,3566,6
Truck348559,3238,2225,3220,3567,347
Truck348917,3121,2998,3320,3567,247
Truck348971,3121,1339,3335,3567,232
Truck349131,2655,2999,3380,3567,187
Truck348557,3121,2436,3220,3568,348
Truck349429,3331,2998,3460,3568,108
Truck349508,2437,2999,3485,3568,83
Truck348175,1338,3121,3115,3569,454
Truck348415,3238,2224,3180,3569,389
Truck348419,2224,3238,3180,3569,389
Truck349419,2655,3122,3460,3569,109
Truck349559,2998,2224,3495,3569,74
Truck349680,3239,2655,3530,3569,39
Truck348898,2999,2436,3315,3570,255
Truck348963,2821,3122,3330,3570,240
Truck349325,2998,3239,3430,3570,140
Truck349567,3238,0,3500,3570,70
Truck348522,3122,2224,3210,3571,361
Truck348923,2224,1338,3320,3571,251
Truck349436,2437,3331,3465,3571,106
Truck349175,2224,3331,3390,3572,182
Truck349504,2822,3239,3480,3572,92
Truck348874,2822,3238,3305,3573,268
Truck349150,2999,2822,3385,3573,188
Truck348197,3121,1338,3120,3574,454
Truck348948,0,3121,3330,3574,244
Truck349698,3239,1338,3535,3574,39
Truck348740,2225,3331,3270,3575,305
Truck349378,2822,2436,3445,3575,130
Truck349500,3239,2821,3480,3575,95
Truck348794,2225,1339,3285,3576,291
Truck348933,2655,2224,3325,3576,251
Truck348941,2224,2437,3325,3576,251
Truck348994,1339,2822,3340,3576,236
Truck349574,2656,2655,3500,3576,76
Truck348273,2436,1338,3140,3577,437
Truck349000,2822,1339,3340,3577,237
Truck349518,3239,2822,3485,3577,92
Truck348219,2436,1339,3125,3578,453
Truck348563,2224,1339,3220,3578,358
Truck349085,2224,3239,3365,3578,213
Truck349217,2998,2655,3400,3578,178
Truck349168,2999,2822,3390,3579,189
Truck348037,3238,2436,3075,3580,505
Truck348891,2821,3238,3310,3580,270
Truck349396,2822,2655,3450,3580,130
Truck349609,3331,1338,3510,3580,70
Truck348183,2436,2224,3115,3581,466
Truck348951,2655,2224,3330,3581,251
Truck349703,2998,2821,3535,3581,46
Truck349800,3122,0,3565,3581,16
Truck348866,2225,1338,3305,3582,277
Truck348990,3122,2821,3340,3582,242
Truck349395,2821,2225,3450,3582,132
Truck347617,1338,3238,2960,3583,623
Truck348581,2224,1339,3225,3583,358
Truck349186,2999,3239,3395,3583,188
Truck349210,1339,2656,3400,3583,183
Truck349365,2655,3238,3445,3583,138
Truck349544,2437,3122,3495,3583,88
Truck347838,3122,1338,3020,3584,564
Truck349214,2656,3122,3400,3584,184
Truck349223,3121,2225,3405,3584,179
Truck349437,2655,0,3465,3584,119
Truck349657,3238,1339,3525,3584,59
Truck349734,3239,2655,3545,3584,39
Truck349627,3331,2655,3515,3585,70
Truck348969,2655,2224,3335,3586,251
Truck348989,3121,2655,3340,3586,246
Truck349042,2999,3238,3355,3586,231
Truck349490,2437,2224,3480,3586,106
Truck349610,2656,2437,3510,3586,76
Truck348228,0,2436,3130,3587,457
Truck348884,2225,1338,3310,3587,277
Truck349830,0,1339,3575,3587,12
Truck348409,1338,2436,3180,3588,408
Truck349007,3121,0,3345,3588,243
Truck349253,2998,2655,3410,3588,178
Truck349506,0,2437,3485,3588,103
Truck349204,2999,2998,3400,3589,189
Truck349752,3239,2437,3550,3589,39
Truck349030,1339,2821,3350,3590,240
Truck349432,2822,2999,3460,3590,130
Truck347797,1338,2655,3010,3591,581
Truck348995,2224,2655,3340,3591,251
Truck349369,3238,2437,3445,3593,148
Truck349519,3331,2998,3485,3593,108
Truck348616,1339,2224,3235,3594,359
Truck349044,3122,2822,3355,3594,239
Truck349718,2656,2822,3540,3594,54
Truck349770,3239,2999,3555,3594,39
Truck347815,1338,2821,3015,3595,580
Truck348807,2655,2225,3290,3595,305
Truck348812,2225,2655,3290,3595,305
Truck348937,3238,2821,3325,3595,270
Truck349081,3238,2999,3365,3595,230
Truck349013,2224,2655,3345,3596,251
Truck349294,2999,3122,3425,3596,171
Truck349702,2822,3331,3535,3596,61
Truck349890,3122,1339,3590,3596,6
Truck348127,3238,2436,3100,3597,497
Truck348484,2999,1338,3200,3597,397
Truck349284,3239,3238,3420,3597,177
Truck349449,2821,3121,3465,3597,132
Truck349097,3121,3122,3370,3598,228
Truck349289,2998,1338,3420,3598,178
Truck349534,1339,2655,3490,3598,108
Truck349790,2656,3239,3560,3598,38
Truck348599,2224,0,3230,3599,369
Truck349240,2999,2822,3410,3599,189
Truck349788,3239,3121,3560,3599,39
Truck348345,2436,3122,3160,3600,440
Truck348588,0,2224,3230,3600,370
Truck348830,2225,2998,3295,3600,305
Truck348911,2998,1339,3315,3600,285
Truck349208,2225,2437,3400,3600,200
Truck349218,0,2656,3405,3600,195
Truck349468,2822,1338,3470,3600,130
Truck349488,0,2655,3480,3600,120
Truck349590,3239,2821,3505,3600,95
Truck349681,3331,2436,3530,3600,70
Truck349711,3238,3122,3540,3600,60
Truck347833,1338,3331,3020,3601,581
Truck348630,3122,2224,3240,3601,361
Truck349031,2224,2437,3350,3601,251
Truck349301,2224,2656,3425,3601,176
Truck349304,2656,2224,3425,3601,176
Truck349664,2656,2436,3525,3601,76
Truck349043,3121,3331,3355,3602,247
Truck349314,3122,2999,3430,3602,172
Truck349455,2655,2821,3470,3602,132
Truck349492,2999,2225,3480,3602,122
Truck349598,2437,1339,3510,3602,92
Truck349719,2821,3331,3540,3602,62
Truck349827,2821,2822,3570,3602,32
Truck347689,1338,3238,2980,3603,623
Truck349257,2655,2999,3415,3603,188
Truck349293,2655,2998,3425,3603,178
Truck349307,2998,2999,3425,3603,178
Truck349405,3238,2437,3455,3603,148
Truck349552,1339,2655,3495,3603,108
Truck349258,2999,2822,3415,3604,189
Truck349545,2655,3122,3495,3604,109
Truck349735,3331,2822,3545,3604,59
Truck349806,3239,2225,3565,3604,39
Truck347851,1338,2224,3025,3605,580
Truck349226,2225,2437,3405,3605,200
Truck349236,0,2656,3410,3605,195
Truck349486,2822,2225,3475,3605,130
Truck349608,3239,2821,3510,3605,95
Truck349671,2655,2656,3530,3605,75
Truck349699,3331,2436,3535,3605,70
Truck348230,2437,1338,3130,3606,476
Truck348201,2436,3238,3120,3607,487
Truck349485,2821,1338,3475,3607,132
Truck347713,3238,1338,2985,3608,623
Truck349193,2224,3239,3395,3608,213
Truck349573,3331,2998,3500,3608,108
Truck349491,2655,2822,3480,3609,129
Truck349824,3239,2225,3570,3609,39
Truck347869,1338,2998,3030,3610,580
Truck349079,3121,2655,3365,3610,245
Truck349581,2655,2437,3505,3610,105
Truck349717,3331,2999,3540,3610,70
Truck348921,2436,2999,3320,3611,291
Truck348922,1339,2225,3320,3611,291
Truck349067,2224,2655,3360,3611,251
Truck349580,2437,2656,3505,3611,106
Truck348327,2436,1339,3155,3612,457
Truck349133,3121,1339,3380,3612,232
Truck349339,3331,1339,3435,3612,177
Truck349503,2821,3121,3480,3612,132
Truck349772,2656,2821,3555,3612,57
Truck349647,2821,3239,3520,3614,94
Truck349522,2822,1338,3485,3615,130
Truck348309,2436,2656,3150,3616,466
Truck349151,3121,1339,3385,3617,232
Truck349156,1339,3121,3385,3617,232
Truck349497,2436,2225,3480,3617,137
Truck349521,2821,2436,3485,3617,132
Truck349763,3121,2999,3555,3617,62
Truck348894,0,2225,3315,3618,303
Truck349321,3331,0,3430,3618,188
Truck349670,2437,3122,3530,3618,88
Truck347905,1338,2655,3040,3619,579
Truck348399,2436,1338,3175,3619,444
Truck348902,2225,2224,3315,3619,304
Truck348291,2436,2998,3145,3620,475
Truck349312,2999,3331,3430,3620,190
Truck349616,2437,2998,3515,3620,105
Truck349743,2655,3331,3550,3620,70
Truck349753,3331,1338,3550,3620,70
Truck349092,0,2821,3370,3621,251
Truck349103,2224,2437,3370,3621,251
Truck349326,0,2999,3435,3621,186
Truck349174,1339,3121,3390,3622,232
Truck349386,3122,2999,3450,3622,172
Truck349539,2821,2437,3490,3622,132
Truck349388,2225,2436,3450,3623,173
Truck349634,2437,0,3520,3623,103
Truck349878,3239,2656,3585,3623,38
Truck349367,3121,2225,3445,3624,179
Truck348893,2998,3238,3310,3625,315
Truck349350,3122,2656,3440,3625,185
Truck349368,3122,3331,3445,3625,180
Truck348720,3122,2224,3265,3626,361
Truck349121,2224,2999,3375,3626,251
Truck349344,0,2999,3440,3626,186
Truck349498,1339,3239,3480,3626,146
Truck349758,0,3238,3555,3626,71
Truck347941,1338,0,3050,3627,577
Truck348776,2225,3238,3280,3627,347
Truck349192,1339,3121,3395,3627,232
Truck349799,3121,2999,3565,3627,62
Truck349915,3331,3239,3595,3627,32
Truck348743,2224,1339,3270,3628,358
Truck349072,2822,3238,3360,3628,268
Truck349128,0,2822,3380,3628,248
Truck348414,3122,2436,3180,3629,449
Truck349348,2999,2821,3440,3629,189
Truck349822,1339,3238,3570,3629,59
Truck348938,2225,2998,3325,3631,306
Truck349139,2224,3121,3380,3631,251
Truck349652,2437,2656,3525,3631,106
Truck349653,2655,2437,3525,3631,106
Truck348607,1338,2999,3235,3632,397
Truck349600,2999,2225,3510,3632,122
Truck349716,3239,2822,3540,3632,92
Truck349720,2822,3239,3540,3632,92
Truck349845,2821,2656,3575,3632,57
Truck348489,2436,2655,3200,3633,433
Truck349415,2998,2655,3455,3633,178
Truck349916,2656,3239,3595,3633,38
Truck348018,3122,1338,3070,3634,564
Truck349403,3121,2225,3455,3634,179
Truck349914,3239,1338,3595,3634,39
Truck348504,3122,2436,3205,3635,430
Truck348714,0,2224,3265,3635,370
Truck349594,2822,2999,3505,3635,130
Truck349656,3122,2655,3525,3635,110
Truck349157,2224,2999,3385,3636,251
Truck349427,2224,2656,3460,3636,176
Truck348372,0,2436,3170,3637,467
Truck349383,2655,2999,3450,3637,187
Truck349440,3122,2999,3465,3637,172
Truck349593,2821,2225,3505,3637,132
Truck349843,3331,2821,3575,3637,62
Truck347976,0,1338,3060,3638,578
Truck349433,2998,2225,3460,3638,178
Truck347977,1338,2656,3060,3639,579
Truck348778,1339,2224,3280,3639,359
Truck348953,3121,2436,3330,3639,309
Truck349861,3331,2822,3580,3639,59
Truck348435,2436,3122,3185,3640,455
Truck348947,2998,3238,3325,3640,315
Truck349055,2998,1339,3355,3640,285
Truck349187,3121,2822,3395,3640,245
Truck349461,2436,2225,3470,3640,170
Truck349612,2822,2225,3510,3640,130
Truck349688,2437,2998,3535,3640,105
Truck349815,2655,3331,3570,3640,70
Truck348289,3238,2436,3145,3641,496
Truck348363,2436,3239,3165,3641,476
Truck348579,2436,1338,3225,3641,416
Truck349398,0,2999,3455,3641,186
Truck349572,3239,2998,3500,3641,141
Truck349808,2656,2655,3565,3641,76
Truck349919,2998,2821,3595,3641,46
Truck350059,3331,2656,3635,3641,6
Truck348643,1338,2999,3245,3642,397
Truck349082,2225,1338,3365,3642,277
Truck349611,2821,2437,3510,3642,132
Truck349750,1339,2437,3550,3642,92
Truck349863,2821,3331,3580,3642,62
Truck349426,1339,2656,3460,3643,183
Truck349451,2998,2225,3465,3643,178
Truck349778,2437,2999,3560,3643,83
Truck349952,2656,3239,3605,3643,38
Truck348449,3121,1338,3190,3644,454
Truck348761,2224,0,3275,3644,369
Truck349394,2656,0,3450,3644,194
Truck349402,2999,2656,3455,3644,189
Truck349462,1339,2999,3470,3644,174
Truck347995,1338,2656,3065,3645,580
Truck348955,3238,2998,3330,3645,315
Truck349692,3122,2655,3535,3645,110
Truck349873,3238,3122,3585,3645,60
Truck348992,2225,2821,3340,3646,306
Truck349205,3121,2998,3400,3646,246
Truck349459,3238,3239,3470,3646,176
Truck349583,3121,2437,3505,3646,141
Truck349706,2437,3239,3540,3646,106
Truck348848,2225,3238,3300,3647,347
Truck349064,2225,3122,3360,3647,287
Truck349465,3331,1339,3470,3647,177
Truck348417,2436,2998,3180,3648,468
Truck349002,0,2225,3345,3648,303
Truck349063,3238,3121,3360,3648,288
Truck349870,2999,3121,3585,3648,63
Truck349970,2656,3239,3610,3648,38
Truck349242,3122,2822,3410,3649,239
Truck349968,3239,2437,3610,3649,39
Truck349135,3238,2821,3380,3650,270
Truck349668,0,2655,3530,3650,120
Truck349724,2437,2998,3545,3650,105
Truck349200,0,2821,3400,3651,251
Truck349211,2224,1338,3400,3651,251
Truck349844,2656,1338,3575,3651,76
Truck349080,3122,2225,3365,3653,288
Truck349358,2656,3238,3440,3653,213
Truck349551,2436,2225,3495,3653,158
Truck349739,2998,3331,3545,3653,108
Truck348031,1338,2821,3075,3654,579
Truck348721,3238,2224,3265,3654,389
Truck349296,3122,3121,3425,3654,229
Truck349438,2999,2821,3465,3654,189
Truck349816,2999,2437,3570,3654,84
Truck348633,2436,1338,3240,3655,415
Truck349028,2225,2655,3350,3655,305
Truck349666,2822,2436,3525,3655,130
Truck349879,3331,3121,3585,3655,70
Truck349282,1339,2822,3420,3656,236
Truck349866,0,3238,3585,3656,71
Truck349918,2822,3331,3595,3656,61
Truck350114,2656,3331,3650,3656,6
Truck349481,2224,3331,3475,3657,182
Truck349907,3121,2999,3595,3657,62
Truck348615,2436,1338,3235,3658,423
Truck349373,2224,3239,3445,3658,213
Truck349484,2656,1339,3475,3658,183
Truck349288,2822,3122,3420,3659,239
Truck349456,2999,2998,3470,3659,189
Truck349809,2821,3239,3565,3659,94
Truck350004,3239,2437,3620,3659,39
Truck348049,1338,3331,3080,3660,580
Truck349041,2655,2225,3355,3660,305
Truck349120,1339,2998,3375,3660,285
Truck349179,2821,3238,3390,3660,270
Truck349259,3121,3331,3415,3660,245
Truck349315,3238,2999,3430,3660,230
Truck349684,2822,2436,3530,3660,130
Truck349897,3331,3121,3590,3660,70
Truck349927,3238,3122,3600,3660,60
Truck349880,2656,1338,3585,3661,76
Truck348526,1339,2436,3210,3662,452
Truck348718,2999,1338,3265,3662,397
Truck349760,2437,2998,3555,3662,107
Truck349900,2822,2998,3590,3662,72
Truck349925,3121,2999,3600,3662,62
Truck349523,2998,2437,3485,3663,178
Truck348067,1338,2998,3085,3664,579
Truck348521,3121,1338,3210,3664,454
Truck349272,0,3121,3420,3664,244
Truck349951,3331,2822,3605,3664,59
Truck350022,3239,2999,3625,3664,39
Truck348993,2436,3121,3340,3665,325
Truck349138,1339,2998,3380,3665,285
Truck349452,0,2656,3470,3665,195
Truck349764,3122,2655,3555,3665,110
Truck349265,2224,2436,3415,3666,251
Truck349277,3121,2224,3420,3666,246
Truck349531,3238,3239,3490,3666,176
Truck349644,3239,1339,3520,3666,146
Truck348085,1338,0,3090,3667,577
Truck348919,3238,2225,3320,3667,347
Truck348920,2225,3238,3320,3667,347
Truck349207,3238,2822,3400,3667,267
Truck349689,2655,2821,3535,3667,132
Truck349701,2821,2437,3535,3667,132
Truck349726,2999,2225,3545,3667,122
Truck347929,3238,1338,3045,3668,623
Truck349349,3121,3122,3440,3668,228
Truck349527,2655,2998,3490,3668,178
Truck348651,2436,1338,3245,3669,424
Truck349227,2436,2999,3405,3669,264
Truck349295,3121,3239,3425,3670,245
Truck349933,3331,2655,3600,3670,70
Truck349136,2225,1339,3380,3671,291
Truck349283,2224,2437,3420,3671,251
Truck349553,2224,2656,3495,3671,176
Truck349796,2437,2224,3565,3671,106
Truck349937,2998,2822,3600,3671,71
Truck350118,0,3122,3655,3671,16
Truck349707,2655,2821,3540,3672,132
Truck349850,2437,1339,3580,3672,92
Truck348507,2436,3331,3205,3673,468
Truck349812,0,2437,3570,3673,103
Truck348553,1338,3121,3220,3674,454
Truck348793,3238,2224,3285,3674,389
Truck349428,3239,2224,3460,3674,214
Truck349510,2999,2656,3485,3674,189
Truck349570,1339,2999,3500,3674,174
Truck349981,3238,1339,3615,3674,59
Truck350058,3239,2655,3635,3674,39
Truck348103,1338,2655,3095,3675,580
Truck349100,2225,2821,3370,3675,305
Truck349738,2822,2999,3545,3675,130
Truck349814,2437,2998,3570,3675,105
Truck348561,2436,3331,3220,3676,456
Truck349145,2998,0,3380,3676,296
Truck349366,2999,3238,3445,3676,231
Truck349934,2656,2437,3600,3676,76
Truck350043,2821,2998,3630,3676,46
Truck349263,2436,2999,3415,3677,262
Truck349360,2822,1339,3440,3677,237
Truck349731,2436,2225,3545,3677,132
Truck349110,0,2225,3375,3678,303
Truck349171,3238,3121,3390,3678,288
Truck349191,2436,2999,3395,3678,283
Truck349556,2656,1339,3495,3678,183
Truck349577,2998,2436,3500,3678,178
Truck349118,2225,2224,3375,3679,304
Truck349565,3121,2225,3500,3679,179
Truck349730,2225,2436,3545,3679,134
Truck350076,3239,2225,3640,3679,39
Truck349199,2998,1339,3395,3680,285
Truck349251,2821,3238,3410,3680,270
Truck349756,2822,2999,3550,3680,130
Truck349832,2437,2998,3575,3680,105
Truck349963,3238,0,3610,3680,70
Truck349969,3331,2225,3610,3680,70
Truck348121,1338,2822,3100,3681,581
Truck349319,2224,2436,3430,3681,251
Truck349384,2999,3238,3450,3681,231
Truck349542,0,2999,3495,3681,186
Truck349589,2224,2656,3505,3681,176
Truck348598,1339,2436,3230,3682,452
Truck349190,2225,3122,3395,3682,287
Truck349331,3121,2821,3435,3682,247
Truck349755,2821,3121,3550,3682,132
Truck349886,2437,1339,3590,3682,92
Truck348193,1338,3122,3120,3683,563
Truck349342,2822,0,3435,3683,248
Truck349477,3238,3331,3475,3683,208
Truck348139,1338,2224,3105,3684,579
Truck349011,2436,2437,3345,3684,339
Truck349546,2999,2822,3495,3684,189
Truck349908,3122,2437,3595,3684,89
Truck348723,2436,1339,3265,3685,420
Truck349269,2821,3238,3415,3685,270
Truck349341,2821,0,3435,3685,250
Truck349774,2822,2437,3555,3685,130
Truck349896,3239,2821,3590,3685,95
Truck349181,2998,0,3390,3686,296
Truck349337,2224,2436,3435,3686,251
Truck349603,3238,3239,3510,3686,176
Truck350172,0,3122,3670,3686,16
Truck349591,3331,2224,3505,3687,182
Truck348959,2224,1339,3330,3688,358
Truck349564,2999,3331,3500,3688,188
Truck349606,1339,3331,3510,3688,178
Truck349858,1339,2655,3580,3688,108
Truck349865,2998,3331,3580,3688,108
Truck349883,2998,2656,3585,3688,103
Truck348157,1338,2656,3110,3689,579
Truck348851,2224,3238,3300,3689,389
Truck350041,3331,2822,3630,3689,59
Truck350112,3239,1338,3650,3689,39
Truck348932,2437,2436,3325,3690,365
Truck349119,2436,3121,3375,3690,315
Truck349526,2437,2225,3490,3690,200
Truck349618,2999,1339,3515,3690,175
Truck349792,2822,2655,3560,3690,130
Truck350005,3331,3121,3620,3690,70
Truck349154,2225,3331,3385,3691,306
Truck349355,2224,2655,3440,3691,251
Truck349742,2437,3121,3550,3691,141
Truck349868,2437,2655,3585,3691,106
Truck350099,2998,2821,3645,3691,46
Truck349010,2225,3238,3345,3692,347
Truck349172,2225,0,3390,3692,302
Truck349297,3238,2822,3425,3692,267
Truck349414,2822,1339,3455,3692,237
Truck349791,2821,1338,3560,3692,132
Truck349225,3238,3121,3405,3693,288
Truck349499,2224,3239,3480,3693,213
Truck349617,2655,2998,3515,3693,178
Truck349631,2998,3121,3515,3693,178
Truck349622,2225,3121,3515,3694,179
Truck349833,2655,0,3575,3694,119
Truck349620,3122,3331,3515,3695,180
Truck349810,2822,2437,3565,3695,130
Truck349872,3122,2655,3585,3695,110
Truck350023,3331,2436,3625,3695,70
Truck349385,3121,2224,3450,3696,246
Truck350006,2656,2999,3620,3696,76
Truck350062,2822,3331,3635,3696,61
Truck350250,3122,1339,3690,3696,6
Truck350257,3331,2656,3690,3696,6
Truck349797,2655,2821,3565,3697,132
Truck349950,3239,2822,3605,3697,92
Truck349324,2822,3238,3430,3698,268
Truck349649,2998,2436,3520,3698,178
Truck349712,2225,2436,3540,3698,158
Truck350139,2655,3239,3660,3698,38
Truck348733,1338,2436,3270,3699,429
Truck349851,2655,0,3580,3699,119
Truck350074,1339,3238,3640,3699,59
Truck350077,3331,2822,3640,3699,59
Truck350148,3239,2999,3660,3699,39
Truck349654,2999,1339,3525,3700,175
Truck349391,2224,2437,3450,3701,251
Truck350024,2656,2437,3625,3701,76
Truck350232,3122,0,3685,3701,16
Truck348669,2436,2655,3250,3702,452
Truck349260,3122,2225,3415,3703,288
Truck349475,3121,3122,3475,3703,228
Truck349646,2656,1339,3520,3703,183
Truck349667,2998,1338,3525,3703,178
Truck349676,2225,2436,3530,3703,173
Truck349416,0,3121,3460,3704,244
Truck349450,2822,3122,3465,3704,239
Truck350166,3239,2999,3665,3704,39
Truck349421,3121,3239,3460,3705,245
Truck349846,2822,1338,3575,3705,130
Truck349353,2436,2999,3440,3706,266
Truck349474,2999,3238,3475,3706,231
Truck349682,2656,2224,3530,3706,176
Truck349922,2437,2655,3600,3706,106
Truck349663,3331,2224,3525,3707,182
Truck348759,2436,2656,3275,3708,433
Truck349493,3121,3122,3480,3708,228
Truck349635,2655,2999,3520,3708,188
Truck349660,1339,2656,3525,3708,183
Truck349685,2998,2999,3530,3708,178
Truck349628,2656,0,3515,3709,194
Truck349636,2999,2655,3520,3709,189
Truck348229,1338,2822,3130,3710,580
Truck349189,3238,2998,3395,3710,315
Truck349221,2655,2225,3405,3710,305
Truck349467,2821,3122,3470,3710,240
Truck349690,2999,1339,3535,3710,175
Truck349864,2822,2437,3580,3710,130
Truck350134,2822,2656,3655,3710,55
Truck348231,2655,1338,3130,3711,581
Truck348283,1338,1339,3145,3711,566
Truck349026,3122,2224,3350,3711,361
Truck349700,2656,2224,3535,3711,176
Truck350220,3239,3331,3680,3713,33
Truck348306,3122,1338,3150,3714,564
Truck349650,0,3331,3525,3714,189
Truck350032,2999,2437,3630,3714,84
Truck348525,2436,3238,3210,3715,505
Truck349244,2225,2822,3410,3715,305
Truck349882,2822,2999,3585,3715,130
Truck348705,2436,2998,3260,3716,456
Truck349445,2224,1338,3465,3716,251
Truck350078,2656,1338,3640,3716,76
Truck348265,1338,0,3140,3717,577
Truck348543,2436,3238,3215,3717,502
Truck349516,1339,3121,3485,3717,232
Truck349869,2655,2821,3585,3717,132
Truck349881,2821,2999,3585,3717,132
Truck349721,2998,2436,3540,3718,178
Truck350048,2437,2999,3635,3718,83
Truck349923,2655,0,3600,3719,119
Truck349020,0,2224,3350,3720,370
Truck349672,2999,3239,3530,3720,190
Truck349710,3122,3331,3540,3720,180
Truck350113,3331,2436,3650,3720,70
Truck349101,2436,2437,3370,3721,351
Truck349463,2224,1338,3470,3721,251
Truck349840,1339,3239,3575,3721,146
Truck349494,3122,2821,3480,3722,242
Truck349976,2437,2822,3615,3722,107
Truck350142,3122,3238,3660,3722,62
Truck349725,2655,2998,3545,3723,178
Truck349994,2437,0,3620,3723,103
Truck350256,3239,3331,3690,3723,33
Truck348687,2436,2998,3255,3724,469
Truck349905,2655,2822,3595,3724,129
Truck350111,2224,2998,3650,3724,74
Truck350186,2656,2822,3670,3724,54
Truck350238,3239,2436,3685,3724,39
Truck349280,2225,2998,3420,3725,305
Truck350131,3331,2225,3655,3725,70
Truck349473,2655,2224,3475,3726,251
Truck349751,2224,2656,3550,3726,176
Truck349754,2656,2224,3550,3726,176
Truck350322,3122,0,3710,3726,16
Truck349352,2225,3122,3440,3727,287
Truck349917,2821,2225,3595,3727,132
Truck349946,2225,2999,3605,3727,122
Truck349351,3238,3121,3440,3728,288
Truck349511,3121,0,3485,3728,243
Truck349708,2999,2655,3540,3728,188
Truck349757,2998,2655,3550,3728,178
Truck350027,2998,2656,3625,3728,103
Truck350274,3239,3331,3695,3728,33
Truck348741,2436,3239,3270,3729,459
Truck348301,1338,3331,3150,3730,580
Truck349261,3238,2998,3415,3730,315
Truck349431,2821,3238,3460,3730,270
Truck350149,3331,2655,3660,3730,70
Truck349343,2998,0,3435,3731,296
Truck349379,2998,3122,3445,3731,286
Truck350012,2437,3239,3625,3731,106
Truck350132,2656,3121,3655,3731,76
Truck349530,3122,2821,3490,3732,242
Truck349935,2821,2655,3600,3732,132
Truck349308,0,2225,3430,3733,303
Truck349761,2655,2998,3555,3733,178
Truck349775,2998,1338,3555,3733,178
Truck350292,3239,3331,3700,3733,33
Truck349316,2225,3239,3430,3734,304
Truck349557,2821,1339,3495,3734,239
Truck349529,3121,2224,3490,3735,245
Truck349954,2822,2436,3605,3735,130
Truck350167,3331,2437,3665,3735,70
Truck349397,2998,3122,3450,3736,286
Truck349904,2437,3121,3595,3736,141
Truck349953,2821,2436,3605,3737,132
Truck350170,2822,2998,3665,3737,72
Truck349848,0,3239,3580,3738,158
Truck350038,1339,2655,3630,3738,108
Truck350194,2999,3121,3675,3738,63
Truck350283,2655,3239,3700,3738,38
Truck348813,2436,1339,3290,3739,449
Truck349334,2225,2656,3435,3739,304
Truck349736,2656,0,3545,3739,194
Truck349744,2999,3239,3550,3739,189
Truck350031,2655,3122,3630,3739,109
Truck350240,2656,2822,3685,3739,54
Truck348903,2436,3122,3315,3740,425
Truck349547,3121,2655,3495,3740,245
Truck349575,2821,3122,3500,3740,240
Truck349992,0,2655,3620,3740,120
Truck350185,3331,2437,3670,3740,70
Truck349134,3122,2224,3380,3741,361
Truck349762,2999,0,3555,3741,186
Truck349801,3238,3239,3565,3741,176
Truck349912,1339,3239,3595,3741,146
Truck350168,2656,2436,3665,3741,76
Truck349601,3121,1339,3510,3742,232
Truck349558,2822,0,3495,3743,248
Truck349771,3331,0,3555,3743,188
Truck349811,2998,2999,3565,3743,178
Truck349941,2655,3238,3605,3743,138
Truck350189,2998,2224,3670,3744,74
Truck348355,1338,2998,3165,3745,580
Truck349588,1339,2821,3505,3745,240
Truck349740,0,2656,3550,3745,195
Truck349990,2822,1338,3615,3745,130
Truck350021,2224,2821,3625,3745,120
Truck350066,2437,2822,3640,3745,105
Truck350203,3331,2655,3675,3745,70
Truck349780,2999,0,3560,3746,186
Truck349943,3121,2437,3605,3746,141
Truck349422,3122,2998,3460,3747,287
Truck349584,3122,2821,3505,3747,242
Truck349807,3331,2224,3565,3747,182
Truck349977,2655,2821,3615,3747,132
Truck349989,2821,2436,3615,3747,132
Truck350206,2822,2224,3675,3747,72
Truck350239,3331,2821,3685,3747,62
Truck348867,2436,2821,3305,3748,443
Truck349560,0,2822,3500,3748,248
Truck349576,2822,0,3500,3748,248
Truck349789,3331,0,3560,3748,188
Truck348897,2655,2436,3315,3749,434
Truck349370,2225,2655,3445,3749,304
Truck349443,2436,2999,3465,3749,284
Truck349779,2655,2999,3560,3749,189
Truck349995,2655,2822,3620,3749,129
Truck350328,3239,2999,3710,3749,39
Truck348373,1338,2655,3170,3750,580
Truck349748,2225,2437,3550,3750,200
Truck350008,2822,2437,3620,3750,130
Truck350215,3238,0,3680,3750,70
Truck349571,2224,2655,3500,3751,251
Truck350084,2437,2821,3645,3751,106
Truck350204,2656,2999,3675,3751,76
Truck350260,2822,3331,3690,3751,61
Truck350313,2821,2998,3705,3751,46
Truck350406,0,3122,3735,3751,16
Truck349825,3331,2224,3570,3752,182
Truck349842,3239,3238,3575,3752,177
Truck350152,2822,3239,3660,3752,92
Truck348445,1338,3122,3190,3753,563
Truck349729,3238,3331,3545,3753,208
Truck349826,2656,1339,3570,3753,183
Truck349847,2998,2999,3575,3753,178
Truck349902,0,3239,3595,3753,158
Truck349945,3238,2437,3605,3753,148
Truck350117,2998,2656,3650,3753,103
Truck350174,2437,2999,3670,3753,83
Truck350368,2822,2821,3720,3753,33
Truck348757,3238,2436,3275,3754,479
Truck349629,2821,1339,3515,3754,239
Truck349630,2822,3122,3515,3754,239
Truck349798,2999,2655,3565,3754,189
Truck349146,0,2224,3385,3755,370
Truck350102,2437,2998,3650,3755,105
Truck348391,1338,2655,3175,3756,581
Truck348831,2436,2655,3295,3756,461
Truck349188,3122,2224,3395,3756,361
Truck349313,3121,2436,3430,3756,326
Truck349859,2224,2656,3580,3756,176
Truck349862,2656,2224,3580,3756,176
Truck350430,3122,0,3740,3756,16
Truck348454,1339,1338,3190,3757,567
Truck349860,3239,3238,3580,3757,177
Truck350025,2821,2437,3625,3757,132
Truck349281,2436,3121,3420,3758,338
Truck349389,2436,3121,3450,3759,309
Truck349638,3122,2822,3520,3759,239
Truck349648,2822,3122,3520,3759,239
Truck349982,2225,2436,3615,3759,144
Truck349164,0,2224,3390,3760,370
Truck349406,2225,2822,3455,3760,305
Truck349854,3122,3331,3580,3760,180
Truck350036,2225,2436,3630,3760,130
Truck350044,2822,2436,3630,3760,130
Truck350106,3122,2655,3650,3760,110
Truck350287,3238,3122,3700,3760,60
Truck348411,2655,1338,3180,3761,581
Truck349206,3122,2224,3400,3761,361
Truck349607,2224,2225,3510,3761,251
Truck350120,2437,2822,3655,3761,106
Truck349434,0,2998,3465,3762,297
Truck348271,3238,1338,3140,3763,623
Truck349614,0,2822,3515,3763,248
Truck349765,3238,3331,3555,3763,208
Truck349834,2999,2822,3575,3763,188
Truck349874,2225,3121,3585,3764,179
Truck348429,2655,1338,3185,3765,580
Truck348939,2436,3331,3325,3765,440
Truck349637,3121,2998,3520,3765,245
Truck350275,3331,2655,3695,3765,70
Truck348957,2436,2998,3330,3766,436
Truck349424,2225,2822,3460,3766,306
Truck349469,2998,0,3470,3766,296
Truck349478,2225,1339,3475,3766,291
Truck349678,1339,2822,3530,3766,236
Truck350002,1339,3239,3620,3766,146
Truck350460,0,3122,3750,3766,16
Truck350466,3122,0,3750,3766,16
Truck349655,3121,0,3525,3768,243
Truck349852,2999,2655,3580,3768,188
Truck349901,2998,2436,3590,3768,178
Truck349999,3238,2437,3620,3768,148
Truck350153,2998,3331,3660,3768,108
Truck349442,2225,2224,3465,3770,305
Truck350045,2998,3239,3630,3770,140
Truck350080,2822,2999,3640,3770,130
Truck350293,3331,2655,3700,3770,70
Truck350350,2822,2656,3715,3770,55
Truck349632,0,2821,3520,3771,251
Truck349924,2999,3122,3600,3771,171
Truck350030,2437,3121,3630,3771,141
Truck348931,1338,2436,3325,3772,447
Truck349470,0,2998,3475,3772,297
Truck349714,1339,3121,3540,3772,232
Truck349986,3239,0,3615,3772,157
Truck350067,2655,2821,3640,3772,132
Truck350079,2821,2437,3640,3772,132
Truck350210,2437,1339,3680,3772,92
Truck349787,2224,3239,3560,3773,213
Truck350418,3239,2656,3735,3773,38
Truck350436,3239,3331,3740,3773,33
Truck348463,1338,2998,3195,3774,579
Truck348913,1338,3121,3320,3774,454
Truck349229,2224,0,3405,3774,369
Truck349898,2656,3122,3590,3774,184
Truck349930,1339,2999,3600,3774,174
Truck350157,2655,3122,3665,3774,109
Truck349460,2225,2822,3470,3775,305
Truck349673,3121,2822,3530,3775,245
Truck350098,2822,2655,3645,3775,130
Truck350311,3331,1338,3705,3775,70
Truck348517,1338,1339,3210,3776,566
Truck350294,2656,2999,3700,3776,76
Truck348795,2436,3238,3285,3777,492
Truck350228,2437,1339,3685,3777,92
Truck350236,1339,2437,3685,3777,92
Truck350347,3331,2821,3715,3777,62
Truck350349,2821,3331,3715,3777,62
Truck349805,2224,3239,3565,3778,213
Truck349888,2999,2822,3590,3778,188
Truck350034,3122,3239,3630,3778,148
Truck349948,1339,2999,3605,3779,174
Truck350241,2821,3239,3685,3779,94
Truck350560,1339,3122,3775,3779,4
Truck348481,1338,2224,3200,3780,580
Truck349441,3238,2998,3465,3780,315
Truck349683,2821,0,3530,3780,250
Truck350116,2822,3121,3650,3780,130
Truck350329,3331,2437,3710,3780,70
Truck350192,2437,2656,3675,3781,106
Truck350312,2656,2225,3705,3781,76
Truck350316,0,3238,3710,3781,71
Truck350520,3122,0,3765,3781,16
Truck349333,3238,2225,3435,3782,347
Truck349496,2225,0,3480,3782,302
Truck350115,2821,2436,3650,3782,132
Truck349955,2998,3121,3605,3783,178
Truck350010,0,3239,3625,3783,158
Truck350085,2655,3238,3645,3783,138
Truck349300,1339,2224,3425,3784,359
Truck349906,2999,3239,3595,3784,189
Truck350383,3331,2822,3725,3784,59
Truck350454,3239,2655,3745,3784,39
Truck348499,1338,2224,3205,3785,580
Truck349075,1338,2436,3365,3785,420
Truck349732,1339,2821,3545,3785,240
Truck349597,1338,2225,3510,3786,276
Truck349697,2224,2225,3535,3786,251
Truck350441,2998,2821,3740,3786,46
Truck349514,2225,0,3485,3787,302
Truck349709,3121,2224,3540,3787,247
Truck350040,3239,0,3630,3787,157
Truck350133,2821,1338,3655,3787,132
Truck350158,2999,2225,3665,3787,122
Truck350385,2821,3331,3725,3787,62
Truck350493,2821,2822,3755,3787,32
Truck350071,3238,2437,3640,3788,148
Truck348975,2436,1339,3335,3789,454
Truck350472,3239,2655,3750,3789,39
Truck350365,3331,2999,3720,3790,70
Truck349595,2998,3122,3505,3791,286
Truck349715,2224,2999,3540,3791,251
Truck350348,2656,2225,3715,3791,76
Truck350404,2822,3331,3730,3791,61
Truck349746,3122,2821,3550,3792,242
Truck349786,1339,3121,3560,3792,232
Truck349987,3331,1339,3615,3792,177
Truck350151,2821,2437,3660,3792,132
Truck350394,3122,3238,3730,3792,62
Truck348589,1338,3122,3230,3793,563
Truck348885,2436,3238,3310,3793,483
Truck349722,0,2822,3545,3793,248
Truck349942,2999,2998,3605,3793,188
Truck349991,2998,2999,3615,3793,178
Truck350318,2437,2999,3710,3793,83
Truck350419,3331,2822,3735,3794,59
Truck350490,3239,2999,3755,3794,39
Truck349505,2998,3238,3480,3795,315
Truck349532,2225,2656,3490,3795,305
Truck349665,2821,3238,3525,3795,270
Truck350135,2998,3239,3655,3795,140
Truck350205,2821,2224,3675,3795,120
Truck348914,2437,1338,3320,3796,476
Truck349029,2436,2821,3350,3796,446
Truck349613,2998,3122,3510,3796,286
Truck349745,3121,2822,3550,3796,246
Truck350003,2224,2656,3620,3796,176
Truck350366,2656,2225,3720,3796,76
Truck350610,3122,1339,3790,3796,6
Truck350169,2821,3121,3665,3797,132
Truck350198,2225,2999,3675,3797,122
Truck350438,2656,2821,3740,3797,57
Truck350529,2821,2822,3765,3797,32
Truck349959,2655,2999,3610,3798,188
Truck349960,2999,2998,3610,3798,188
Truck348612,3122,1338,3235,3799,564
Truck349048,1339,2436,3355,3799,444
Truck349479,2436,3121,3475,3799,324
Truck349550,2225,2821,3495,3799,304
Truck350020,1339,2999,3625,3799,174
Truck350338,2999,2437,3715,3799,84
Truck350387,2998,2224,3725,3799,74
Truck349083,2436,3331,3365,3800,435
Truck350188,2822,2225,3670,3800,130
Truck350401,3331,2999,3730,3800,70
Truck349604,2225,1339,3510,3801,291
Truck349651,1338,2225,3525,3801,276
Truck350094,3239,0,3645,3802,157
Truck350187,2821,3121,3670,3802,132
Truck350216,2225,2999,3680,3802,122
Truck350332,2822,3239,3710,3802,92
Truck350547,2821,2822,3770,3802,32
Truck349891,3238,2656,3590,3803,213
Truck349836,3122,3121,3575,3804,229
Truck349978,2999,2656,3615,3804,189
Truck350193,2655,2822,3675,3804,129
Truck350340,3122,2437,3715,3804,89
Truck348571,1338,3239,3225,3805,580
Truck349693,3238,2821,3535,3805,270
Truck349781,3121,2821,3560,3805,245
Truck349804,1339,2821,3565,3805,240
Truck349940,2437,2225,3605,3805,200
Truck350171,2998,3239,3665,3805,140
Truck350391,2655,2656,3730,3805,75
Truck349439,3121,2436,3465,3806,341
Truck349769,2224,2437,3555,3806,251
Truck350146,1339,3239,3660,3806,146
Truck350156,2437,3121,3665,3806,141
Truck350513,2998,2821,3760,3806,46
Truck349586,2225,0,3505,3807,302
Truck349828,2822,1339,3570,3807,237
Truck349639,3238,3121,3520,3808,288
Truck350138,2437,3238,3660,3808,148
Truck350175,2655,3238,3670,3808,138
Truck350300,2437,0,3705,3808,103
Truck349390,1339,2224,3450,3809,359
Truck349988,2656,0,3615,3809,194
Truck350544,3239,2437,3770,3809,39
Truck349855,3238,2999,3580,3810,230
Truck350437,3331,2436,3740,3810,70
Truck350420,2656,2655,3735,3811,76
Truck350622,0,3122,3795,3811,16
Truck349818,3122,2821,3570,3812,242
Truck350223,2821,2436,3680,3812,132
Truck350354,2437,1339,3720,3812,92
Truck350475,2821,3331,3750,3812,62
Truck349596,0,2225,3510,3813,303
Truck350014,2999,2655,3625,3813,188
Truck350063,2998,2999,3635,3813,178
Truck350301,2655,1339,3705,3813,108
Truck350553,2655,3239,3775,3813,38
Truck349932,3239,2224,3600,3814,214
Truck350562,3239,2225,3775,3814,39
Truck349737,2821,3238,3545,3815,270
Truck348609,2655,1338,3235,3816,581
Truck348849,2436,3238,3300,3816,516
Truck349817,3121,3239,3570,3816,246
Truck350380,1339,2437,3725,3817,92
Truck350382,3239,2822,3725,3817,92
Truck350458,2822,2998,3745,3817,72
Truck349155,2436,2656,3385,3818,433
Truck349949,2224,3239,3605,3818,213
Truck350081,2998,3121,3640,3818,178
Truck350162,2225,2436,3665,3818,153
Truck350179,3238,2437,3670,3818,148
Truck350060,2656,3122,3635,3819,184
Truck350580,3239,2999,3780,3819,39
Truck349173,2436,1339,3390,3820,430
Truck349585,3238,2998,3505,3820,315
Truck349696,1339,2998,3535,3820,285
Truck349835,3121,3239,3575,3820,245
Truck350217,2436,2225,3680,3820,140
Truck350337,2655,2437,3715,3820,105
Truck350473,3331,3121,3750,3820,70
Truck350096,2656,2224,3645,3821,176
Truck350477,2998,2822,3750,3821,71
Truck350095,3331,1339,3645,3822,177
Truck350259,2821,1338,3690,3822,132
Truck350336,2437,2224,3715,3822,107
Truck350509,3331,2821,3760,3822,62
Truck350617,3331,3239,3790,3822,32
Truck348697,1338,3122,3260,3823,563
Truck349098,3122,2436,3370,3823,453
Truck350233,3238,2655,3685,3823,138
Truck350042,2656,0,3630,3824,194
Truck350050,2999,3239,3635,3824,189
Truck350471,2224,2822,3750,3824,74
Truck349065,2436,2656,3360,3825,465
Truck349773,2821,3238,3555,3825,270
Truck350278,2822,3121,3695,3825,130
Truck349803,2436,2999,3565,3826,261
Truck350474,2656,2436,3750,3826,76
Truck350583,2821,2998,3780,3826,46
Truck350682,3122,0,3810,3826,16
Truck350124,3122,2999,3655,3827,172
Truck350277,2821,2225,3695,3827,132
Truck349871,3121,0,3585,3828,243
Truck350251,3238,2655,3690,3828,138
Truck350355,2655,1339,3720,3828,108
Truck350370,0,2437,3725,3828,103
Truck350068,2999,2224,3640,3829,189
Truck350489,2224,2822,3755,3829,74
Truck348661,1338,3239,3250,3830,580
Truck348973,3238,2436,3335,3830,495
Truck349039,1338,2437,3355,3830,475
Truck349783,3238,2821,3560,3830,270
Truck349894,1339,2821,3590,3830,240
Truck350296,2822,2436,3700,3830,130
Truck349458,3122,2224,3470,3831,361
Truck350140,2999,3122,3660,3831,171
Truck350372,2437,2656,3725,3831,106
Truck350694,0,3122,3815,3831,16
Truck350130,3239,3238,3655,3832,177
Truck350121,2655,2998,3655,3833,178
Truck350636,2656,3239,3795,3833,38
Truck349137,2436,2224,3380,3834,454
Truck348681,2655,1338,3255,3835,580
Truck349875,2436,2999,3585,3835,250
Truck350314,2822,2437,3705,3835,130
Truck350390,2437,2821,3730,3835,105
Truck350527,3331,2999,3765,3835,70
Truck348679,1338,3239,3255,3836,581
Truck349877,2224,2655,3585,3836,251
Truck350264,2437,3121,3695,3836,141
Truck350267,3121,2437,3695,3836,141
Truck350510,2656,3121,3760,3836,76
Truck350342,2225,2999,3715,3837,122
Truck350530,2822,2224,3765,3837,72
Truck348535,1338,3238,3215,3838,623
Truck349686,0,2225,3535,3838,303
Truck350246,2437,3238,3690,3838,148
Truck349209,2436,2656,3400,3839,439
Truck349962,3122,3121,3610,3839,229
Truck350104,2999,2224,3650,3839,189
Truck350652,3239,2225,3800,3839,39
Truck349899,2821,0,3590,3840,250
Truck349884,0,2821,3590,3841,251
Truck350272,1339,3239,3695,3841,146
Truck350285,3121,2437,3700,3841,141
Truck350408,2437,2822,3735,3841,106
Truck349837,3238,2822,3575,3842,267
Truck350331,2821,2436,3710,3842,132
Truck350305,3238,2655,3705,3843,138
Truck350480,2437,3122,3755,3843,88
Truck348715,1338,3331,3265,3844,579
Truck349165,1338,3121,3390,3844,454
Truck349409,2224,3238,3455,3844,389
Truck350122,2999,2655,3655,3844,189
Truck350670,3239,2225,3805,3844,39
Truck350100,0,2656,3650,3845,195
Truck350563,3331,2437,3775,3845,70
Truck349793,2998,3122,3560,3846,286
Truck349913,2224,3121,3595,3846,251
Truck350546,2656,2999,3770,3846,76
Truck350748,0,3122,3830,3846,16
Truck349568,2225,3238,3500,3847,347
Truck350494,2822,3239,3755,3847,92
Truck350592,3122,3238,3785,3847,62
Truck350766,0,1339,3835,3847,12
Truck350057,2224,3239,3635,3848,213
Truck350590,2999,3121,3785,3848,63
Truck350200,1339,2999,3675,3849,174
Truck350518,2999,2437,3765,3849,84
Truck350160,3122,2656,3665,3850,185
Truck349112,2437,1338,3375,3851,476
Truck349931,2224,2436,3600,3851,251
Truck349996,2999,3238,3620,3851,231
Truck350321,3121,2437,3710,3851,141
Truck350564,2656,1338,3775,3851,76
Truck349318,1339,2436,3430,3852,422
Truck350202,3239,3238,3675,3852,177
Truck350367,2821,2437,3720,3852,132
Truck350392,2999,2225,3730,3852,122
Truck350512,2822,3239,3760,3852,92
Truck350584,2822,2224,3780,3852,72
Truck350609,3121,2999,3790,3852,62
Truck350727,2821,2822,3820,3852,32
Truck350207,2998,2436,3675,3853,178
Truck350445,2655,1339,3745,3853,108
Truck350459,2998,3331,3745,3853,108
Truck350724,3239,3331,3820,3853,33
Truck350150,2656,0,3660,3854,194
Truck350629,3238,1339,3795,3854,59
Truck349829,2998,1339,3570,3855,285
Truck350196,3122,3331,3675,3855,180
Truck350386,2822,2436,3725,3855,130
Truck350417,2224,2821,3735,3855,120
Truck349130,2437,1338,3380,3856,476
Truck350326,1339,3239,3710,3856,146
Truck350462,2437,2655,3750,3856,106
Truck348769,1338,0,3280,3857,577
Truck349420,2999,1338,3460,3857,397
Truck350221,3331,1339,3680,3857,177
Truck350373,2655,2821,3725,3857,132
Truck350516,2437,1339,3765,3857,92
Truck350602,2822,2224,3785,3857,72
Truck348823,1338,3122,3295,3858,563
Truck349972,2822,0,3610,3858,248
Truck350218,1339,3331,3680,3858,178
Truck350225,2998,2655,3680,3858,178
Truck349245,2436,3122,3410,3859,449
Truck349535,2224,0,3490,3859,369
Truck349766,2225,2656,3555,3859,304
Truck349524,0,2224,3490,3860,370
Truck350007,2821,3122,3620,3860,240
Truck349299,2436,2821,3425,3861,436
Truck349967,2224,1338,3610,3861,251
Truck350346,3239,1339,3715,3861,146
Truck350357,3121,2437,3720,3861,141
Truck350600,2656,2655,3785,3861,76
Truck350709,2821,2998,3815,3861,46
Truck350808,3122,0,3845,3861,16
Truck348832,1339,1338,3295,3862,567
Truck349784,2225,0,3560,3862,302
Truck350310,3239,0,3705,3862,157
Truck350403,2821,3121,3730,3862,132
Truck350620,2822,2224,3790,3862,72
Truck350655,2821,3331,3800,3862,62
Truck348625,1338,3238,3240,3863,623
Truck349659,2436,2437,3525,3863,338
Truck349776,0,2225,3560,3863,303
Truck350243,2998,2436,3685,3863,178
Truck350498,2437,0,3760,3863,103
Truck348787,1338,2821,3285,3864,579
Truck348846,3122,1338,3300,3864,564
Truck349241,3121,1338,3410,3864,454
Truck350572,2999,2437,3780,3864,84
Truck350668,1339,3238,3805,3864,59
Truck349619,3121,2436,3515,3865,350
Truck349909,3238,2821,3595,3865,270
Truck350248,2999,1339,3690,3865,175
Truck350422,2822,2655,3735,3865,130
Truck350625,2655,3331,3795,3865,70
Truck349336,1339,2436,3435,3866,431
Truck349974,0,2821,3615,3866,251
Truck349985,2224,2436,3615,3866,251
Truck349997,3121,3331,3620,3866,246
Truck348805,1338,0,3290,3867,577
Truck349562,2437,2436,3500,3867,367
Truck349640,2225,3238,3520,3867,347
Truck349856,2225,3122,3580,3867,287
Truck350421,2821,2436,3735,3867,132
Truck348649,3238,1338,3245,3868,623
Truck349936,2822,3238,3600,3868,268
Truck350015,3121,0,3625,3868,243
Truck350588,2437,2999,3785,3868,83
Truck350760,3239,2656,3830,3868,38
Truck349495,3238,2224,3480,3869,389
Truck349802,2225,2821,3565,3869,304
Truck350070,3122,3121,3640,3869,229
Truck350208,0,3331,3680,3869,189
Truck350463,2655,0,3750,3869,119
Truck350440,2822,2655,3740,3870,130
Truck349623,2436,2437,3515,3871,356
Truck350230,2999,0,3685,3871,186
Truck350284,2999,3122,3700,3871,171
Truck349246,1339,2436,3410,3872,462
Truck349290,0,2436,3425,3872,447
Truck349658,2225,3238,3525,3872,347
Truck350439,2821,2655,3740,3872,132
Truck350258,2656,1339,3690,3873,183
Truck350265,2655,2998,3695,3873,178
Truck349820,2225,2822,3570,3874,304
Truck350222,2656,0,3680,3874,194
Truck350778,3239,2999,3835,3874,39
Truck349317,2436,3122,3430,3875,445
Truck349625,2224,3122,3515,3875,360
Truck350728,2822,2656,3820,3875,55
Truck349876,1339,2225,3585,3876,291
Truck350013,2655,2224,3625,3876,251
Truck350033,3121,2224,3630,3876,246
Truck350534,2437,2998,3770,3876,106
Truck350898,3122,1339,3870,3876,6
Truck350092,1339,3121,3645,3877,232
Truck350273,2224,3331,3695,3877,182
Truck350457,2821,2437,3745,3877,132
Truck350815,3331,3239,3845,3877,32
Truck348685,3238,1338,3255,3878,623
Truck349889,3121,3238,3590,3878,288
Truck350297,2998,2436,3700,3878,178
Truck348841,1338,2822,3300,3879,579
Truck350601,2821,3239,3785,3879,94
Truck350669,2224,2998,3805,3879,74
Truck350796,3239,2999,3840,3879,39
Truck349971,2821,3238,3610,3880,270
Truck350051,3121,2821,3635,3880,245
Truck350226,0,2656,3685,3880,195
Truck350476,2822,2436,3750,3880,130
Truck350598,3239,2821,3785,3880,95
Truck349838,2225,2656,3575,3881,306
Truck350028,0,2821,3630,3881,251
Truck350262,0,2999,3695,3881,186
Truck350320,2999,3122,3710,3881,171
Truck350672,2656,2225,3805,3881,76
Truck350880,3122,0,3865,3881,16
Truck348904,1339,1338,3315,3882,567
Truck349694,2225,3238,3535,3882,347
Truck350315,2998,2999,3705,3883,178
Truck350184,3239,2224,3670,3884,214
Truck350266,2999,2224,3695,3884,189
Truck350644,2999,2437,3800,3884,84
Truck350061,2821,0,3635,3885,250
Truck350069,3121,2224,3640,3885,245
Truck350244,0,2656,3690,3885,195
Truck350286,3122,2656,3700,3885,185
Truck350514,0,2655,3765,3885,120
Truck348859,1338,2655,3305,3886,581
Truck350330,2656,2224,3710,3886,176
Truck349528,2999,1338,3490,3887,397
Truck349926,3122,2998,3600,3887,287
Truck350088,3122,2821,3645,3887,242
Truck350123,3121,1339,3655,3887,232
Truck350400,3239,0,3730,3887,157
Truck350710,2822,2998,3815,3887,72
Truck349363,1338,2436,3445,3888,443
Truck350308,1339,2656,3705,3888,183
Truck350431,3238,2437,3740,3888,148
Truck350585,2998,3331,3780,3888,108
Truck350603,2998,2656,3785,3888,103
Truck350642,2437,3122,3800,3888,88
Truck349643,2224,0,3520,3889,369
Truck350397,2436,2225,3730,3889,159
Truck348877,1338,2998,3310,3890,580
Truck349362,0,2436,3445,3890,445
Truck349679,2224,3122,3530,3890,360
Truck350110,1339,2821,3650,3890,240
Truck350782,2822,2656,3835,3890,55
Truck350064,0,2821,3640,3891,251
Truck350075,2224,2436,3640,3891,251
Truck350302,2999,0,3705,3891,186
Truck350341,3238,3239,3715,3891,176
Truck350817,2821,2998,3845,3891,46
Truck350511,2821,2655,3760,3892,132
Truck350589,2655,2437,3785,3892,107
Truck350650,1339,2437,3800,3892,92
Truck350781,2821,2656,3835,3892,57
Truck348949,1338,3122,3330,3893,563
Truck350026,2822,3238,3625,3893,268
Truck348895,1338,2224,3315,3894,579
Truck348954,3122,1338,3330,3894,564
Truck349892,2225,2998,3590,3894,304
Truck350773,3238,1339,3835,3894,59
Truck350850,3239,1338,3855,3894,39
Truck350097,2821,0,3645,3895,250
Truck350161,3238,2999,3665,3895,230
Truck350270,2225,2437,3695,3895,200
Truck350550,0,2655,3775,3895,120
Truck350737,3238,0,3825,3895,70
Truck350743,3331,2999,3825,3895,70
Truck350483,3121,2437,3755,3896,141
Truck350887,3331,3239,3865,3897,32
Truck349821,2436,2437,3570,3898,328
Truck349961,3121,3238,3610,3898,288
Truck350369,2998,2655,3720,3898,178
Truck350499,2655,3238,3760,3898,138
Truck349910,2225,2656,3595,3899,304
Truck350747,2998,2224,3825,3899,74
Truck350055,2436,2999,3635,3900,265
Truck350548,2822,2999,3770,3900,130
Truck350761,3331,1338,3830,3900,70
Truck350164,1339,2822,3665,3901,236
Truck350176,2999,3238,3670,3901,231
Truck350384,2656,2224,3725,3901,176
Truck350744,2656,2655,3825,3901,76
Truck350800,2822,3331,3840,3901,61
Truck349582,2999,1338,3505,3902,397
Truck350790,3122,3238,3840,3902,62
Truck350974,1339,0,3890,3902,12
Truck349425,2436,3331,3460,3903,443
Truck349512,3122,2436,3485,3903,418
Truck349733,2224,1339,3545,3903,358
Truck349979,3121,3238,3615,3903,288
Truck350255,2224,3239,3690,3903,213
Truck350640,0,2437,3800,3903,103
Truck350696,2437,3122,3815,3903,88
Truck350904,3239,3331,3870,3903,33
Truck349621,3238,2224,3515,3904,389
Truck349928,2225,2224,3600,3904,304
Truck350334,0,3331,3715,3904,189
Truck350375,3121,2225,3725,3904,179
Truck349371,2436,2998,3445,3905,460
Truck350566,2822,2436,3775,3905,130
Truck350779,3331,1338,3835,3905,70
Truck350836,2822,2656,3850,3905,55
Truck349310,2437,1338,3430,3906,476
Truck349973,2998,0,3610,3906,296
Truck350508,3239,1339,3760,3906,146
Truck350762,2656,2437,3830,3906,76
Truck350970,3122,0,3890,3906,16
Truck349998,3122,2998,3620,3907,287
Truck349938,0,2225,3605,3908,303
Truck350276,2656,3238,3695,3908,213
Truck350356,2999,2998,3720,3908,188
Truck350658,0,2437,3805,3908,103
Truck350607,2655,0,3790,3909,119
Truck350660,2437,2821,3805,3910,105
Truck350797,3331,2655,3840,3910,70
Truck349335,2436,2655,3435,3911,476
Truck350000,2225,1339,3620,3911,291
Truck350159,3121,2224,3665,3912,247
Truck350722,1339,2437,3820,3912,92
Truck350853,2821,2656,3855,3912,57
Truck350941,3331,3239,3880,3912,32
Truck349956,0,2225,3610,3913,303
Truck350016,3122,2225,3625,3913,288
Truck350154,0,2822,3665,3913,248
Truck350521,3238,2437,3765,3913,148
Truck350675,2998,3331,3805,3913,108
Truck350678,2437,0,3810,3913,103
Truck350693,2998,2656,3810,3913,103
Truck349661,2224,3238,3525,3914,389
Truck350374,2999,2821,3725,3914,189
Truck350411,3121,2225,3735,3914,179
Truck350736,3122,2437,3825,3914,89
Truck350922,3239,2655,3875,3914,39
Truck348967,1338,2655,3335,3915,580
Truck349964,2225,3239,3610,3915,305
Truck350009,2998,0,3620,3916,296
Truck350177,3121,2655,3670,3916,246
Truck350854,2822,3331,3855,3916,61
Truck349819,3238,2225,3570,3917,347
Truck349839,2436,3121,3575,3917,342
Truck350107,3238,2822,3650,3917,267
Truck350231,3121,1339,3685,3917,232
Truck350871,2821,2656,3860,3917,57
Truck350195,3121,0,3675,3918,243
Truck350427,2655,2998,3740,3918,178
Truck349407,2436,3331,3455,3919,464
Truck350190,0,3121,3675,3919,244
Truck350940,3239,2437,3880,3919,39
Truck348985,1338,3239,3340,3920,580
Truck350183,2224,1338,3670,3921,251
Truck350816,2656,2437,3845,3921,76
Truck350872,2822,3331,3860,3921,61
Truck350455,3331,1339,3745,3922,177
Truck350750,2437,1339,3830,3922,92
Truck351046,1339,0,3910,3922,12
Truck350712,0,2437,3820,3923,103
Truck350402,2656,0,3730,3924,194
Truck350410,2999,3331,3735,3924,189
Truck350788,2999,2437,3840,3924,84
Truck350837,2998,2224,3850,3924,74
Truck350638,2822,2225,3795,3925,130
Truck350823,2655,2656,3850,3925,75
Truck349003,1338,2998,3345,3926,581
Truck350056,1339,2225,3635,3926,291
Truck350201,2224,2999,3675,3926,251
Truck350834,2656,2225,3850,3926,76
Truck350838,0,3238,3855,3926,71
Truck349533,2436,2655,3490,3927,437
Truck350484,3122,2999,3755,3927,172
Truck350637,2821,2225,3795,3927,132
Truck350715,2655,2437,3820,3927,107
Truck349823,2224,1339,3570,3928,358
Truck350575,3238,2437,3780,3928,148
Truck350878,2999,3121,3865,3928,63
Truck349853,3121,2436,3580,3929,349
Truck350018,2225,2655,3625,3929,304
Truck350468,2225,3121,3750,3929,179
Truck350899,3238,1339,3870,3929,59
Truck350976,3239,1338,3890,3929,39
Truck349021,1338,2822,3350,3930,580
Truck350254,1339,2821,3690,3930,240
Truck350656,2822,1338,3800,3930,130
Truck350869,3331,2437,3860,3930,70
Truck350492,2656,2224,3755,3931,176
Truck351096,3122,1339,3925,3931,6
Truck350046,0,2998,3635,3932,297
Truck350491,3331,1339,3755,3932,177
Truck349038,0,1338,3355,3933,578
Truck350089,3238,3121,3645,3933,288
Truck350495,2998,2655,3755,3933,178
Truck350985,2655,3239,3895,3933,38
Truck350364,3239,2224,3720,3934,214
Truck350799,2821,3239,3840,3934,94
Truck350917,3238,1339,3875,3934,59
Truck349794,0,2224,3565,3935,370
Truck349841,2224,3122,3575,3935,360
Truck350247,2655,3121,3690,3935,245
Truck350424,0,2656,3740,3935,195
Truck350944,2822,2656,3880,3935,55
Truck350229,2655,2224,3685,3936,251
Truck350237,2224,2999,3685,3936,251
Truck350249,3121,2224,3690,3936,246
Truck350624,2437,3121,3795,3936,141
Truck350870,2656,2437,3860,3936,76
Truck351072,0,3122,3920,3936,16
Truck350702,2225,2999,3815,3937,122
Truck350916,3122,3238,3875,3937,62
Truck350942,2656,2821,3880,3937,57
Truck349056,0,1338,3360,3938,578
Truck350086,2999,2436,3645,3938,293
Truck350105,3121,3238,3650,3938,288
Truck350506,1339,3331,3760,3938,178
Truck350616,3239,3122,3790,3938,148
Truck350647,3238,2655,3800,3938,138
Truck350054,2225,2224,3635,3939,304
Truck350935,3238,1339,3880,3939,59
Truck349057,1338,2821,3360,3940,580
Truck350426,2437,2225,3740,3940,200
Truck350442,0,2656,3745,3940,195
Truck350692,2822,3121,3810,3940,130
Truck350754,3122,2655,3830,3940,110
Truck350768,2437,2655,3835,3940,105
Truck349515,2436,3122,3485,3941,456
Truck349642,1339,2436,3520,3941,421
Truck350525,2224,2656,3765,3941,176
Truck350536,2999,3122,3770,3941,171
Truck350526,3239,3238,3765,3942,177
Truck350832,3239,2822,3850,3942,92
Truck350517,2655,2998,3765,3943,178
Truck350531,2998,1338,3765,3943,178
Truck350628,3122,3239,3795,3943,148
Truck350769,2655,1339,3835,3943,108
Truck350786,2437,0,3840,3943,103
Truck350072,2225,2224,3640,3944,304
Truck350280,0,3121,3700,3944,244
Truck350478,0,3331,3755,3944,189
Truck350482,2999,3239,3755,3944,189
Truck350035,3238,2998,3630,3945,315
Truck350895,2655,2656,3870,3945,75
Truck349587,2436,2656,3505,3946,441
Truck350128,1339,2225,3655,3946,291
Truck350906,2656,1338,3870,3946,76
Truck349563,2655,2436,3500,3947,447
Truck349958,2437,2436,3610,3947,337
Truck350082,0,2225,3645,3948,303
Truck350224,2822,3238,3680,3948,268
Truck350549,2998,2437,3770,3948,178
Truck350604,0,3239,3790,3948,158
Truck350090,2225,3331,3645,3949,304
Truck350163,2436,2999,3665,3949,284
Truck350358,3122,3121,3720,3949,229
Truck350528,2656,3122,3765,3949,184
Truck350721,2436,2225,3820,3949,129
Truck350787,2655,3122,3840,3949,109
Truck350921,2224,2998,3875,3949,74
Truck351048,3239,2436,3910,3949,39
Truck349093,1338,2821,3370,3950,580
Truck350303,3121,3331,3705,3950,245
Truck350554,2999,1339,3775,3950,175
Truck350291,2224,3121,3700,3951,251
Truck350945,2998,2822,3880,3951,71
Truck350362,1339,3121,3720,3952,232
Truck350242,2822,3238,3685,3953,268
Truck350567,2998,3121,3775,3953,178
Truck351088,2822,2821,3920,3953,33
Truck350558,2225,3121,3775,3954,179
Truck351066,3239,2225,3915,3954,39
Truck349111,1338,3239,3375,3955,580
Truck350182,1339,2998,3670,3955,285
Truck350496,0,2656,3760,3955,195
Truck350556,3122,3331,3775,3955,180
Truck350746,2822,3121,3825,3955,130
Truck350868,3239,2821,3860,3955,95
Truck350108,2225,3239,3650,3956,306
Truck350309,2224,2999,3705,3956,251
Truck350582,2656,2224,3780,3956,176
Truck350686,1339,3239,3810,3956,146
Truck350822,2437,2224,3850,3956,106
Truck351193,3331,2656,3950,3956,6
Truck351194,2656,3331,3950,3956,6
Truck349569,2436,2224,3500,3957,457
Truck350745,2821,2655,3825,3957,132
Truck351103,3331,3239,3925,3957,32
Truck350178,3122,2225,3670,3958,288
Truck350456,2656,3238,3745,3958,213
Truck350912,2437,2999,3875,3958,83
Truck349129,1338,3239,3380,3959,579
Truck349895,2224,0,3590,3959,369
Truck350576,2225,3121,3780,3959,179
Truck350739,2436,2225,3825,3959,134
Truck350889,2821,3239,3865,3959,94
Truck350126,2225,2821,3655,3960,305
Truck350339,3121,2822,3715,3960,245
Truck350977,3331,2999,3890,3960,70
Truck350327,2224,2655,3710,3961,251
Truck350960,2656,2655,3885,3961,76
Truck350964,0,3238,3890,3961,71
Truck351204,3122,1339,3955,3961,6
Truck351211,3331,2656,3955,3961,6
Truck350581,3331,2224,3780,3962,182
Truck350599,3331,1339,3785,3962,177
Truck350980,2822,2224,3890,3962,72
Truck350596,1339,3331,3785,3963,178
Truck350706,3239,3122,3815,3963,148
Truck349147,1338,3331,3385,3964,579
Truck350352,0,3121,3720,3964,244
Truck350594,2225,3121,3785,3964,179
Truck350805,2655,0,3845,3964,119
Truck351102,3239,2999,3925,3964,39
Truck349677,2436,1339,3530,3965,435
Truck350144,2225,2998,3660,3965,305
Truck350212,2999,2436,3680,3965,285
Truck350813,2224,2821,3845,3965,120
Truck350989,3238,0,3895,3965,70
Truck350858,2437,2656,3860,3966,106
Truck350978,2656,2437,3890,3966,76
Truck349813,1338,2999,3570,3967,397
Truck350214,3122,2998,3680,3967,287
Truck350213,3121,3238,3680,3968,288
Truck350571,2655,2999,3780,3968,188
Truck350876,2437,0,3865,3968,103
Truck351111,2655,3239,3930,3968,38
Truck351122,2656,3239,3930,3968,38
Truck350632,1339,2999,3795,3969,174
Truck350993,2224,2822,3895,3969,74
Truck351043,3238,1339,3910,3969,59
Truck351120,3239,3121,3930,3969,39
Truck349920,0,2224,3600,3970,370
Truck350295,2821,3238,3700,3970,270
Truck350398,1339,2821,3730,3970,240
Truck350831,2224,2821,3850,3970,120
Truck351013,3331,1338,3900,3970,70
Truck350263,1338,2225,3695,3971,276
Truck350363,2224,2225,3720,3971,251
Truck350633,2224,2656,3795,3971,176
Truck350996,2656,2436,3895,3971,76
Truck351000,0,3238,3900,3971,71
Truck350180,2225,0,3670,3972,302
Truck350234,2225,3122,3685,3972,287
Truck350634,3239,3238,3795,3972,177
Truck351041,3121,2999,3910,3972,62
Truck349423,3238,2436,3460,3973,513
Truck350639,2998,1338,3795,3973,178
Truck350891,2998,3331,3865,3973,108
Truck351140,2656,3239,3935,3973,38
Truck350586,0,3331,3785,3974,189
Truck351138,3239,3121,3935,3974,39
Truck349183,1338,2655,3395,3975,580
Truck349605,2436,2655,3510,3975,465
Truck350143,3238,2998,3660,3975,315
Truck350261,2998,1339,3690,3975,285
Truck350783,2998,3239,3835,3975,140
Truck350393,3121,2656,3730,3976,246
Truck350446,2999,3238,3745,3976,231
Truck350323,3238,2822,3710,3977,267
Truck350653,3331,1339,3800,3977,177
Truck350842,2999,2225,3855,3977,122
Truck351034,2822,2998,3905,3977,72
Truck351067,3331,2821,3915,3977,62
Truck350545,3331,3238,3770,3978,208
Truck350657,2998,2655,3800,3978,178
Truck349713,2436,0,3540,3979,439
Truck351029,2224,2998,3905,3979,74
Truck349201,1338,2998,3400,3980,580
Truck350279,2998,1339,3695,3980,285
Truck350608,2999,2822,3790,3980,190
Truck350958,3239,2821,3885,3980,95
Truck350087,3121,2436,3645,3981,336
Truck350399,2224,1338,3730,3981,251
Truck350306,2225,1338,3705,3982,277
Truck350835,2821,3121,3850,3982,132
Truck350860,2999,2225,3860,3982,122
Truck350429,3121,0,3740,3983,243
Truck350539,3238,2656,3770,3983,213
Truck350543,2224,3239,3770,3983,213
Truck350635,3331,0,3795,3983,188
Truck350923,3331,2998,3875,3983,108
Truck351165,2655,3239,3945,3983,38
Truck349278,3122,1338,3420,3984,564
Truck349641,2436,2655,3520,3984,464
Truck351174,3239,3121,3945,3984,39
Truck349219,1338,2655,3405,3985,580
Truck350019,2436,2437,3625,3985,360
Truck350626,2999,2998,3795,3985,190
Truck350930,2437,2655,3880,3985,105
Truck350470,1339,2822,3750,3986,236
Truck351050,2656,2225,3910,3986,76
Truck351054,0,3238,3915,3986,71
Truck351294,3122,1339,3980,3986,6
Truck350689,3331,1339,3810,3987,177
Truck350998,2822,3239,3895,3987,92
Truck351070,2822,2224,3915,3987,72
Truck351213,2821,2822,3955,3987,32
Truck350039,2224,1339,3630,3988,358
Truck350946,0,2437,3885,3988,103
Truck349691,3121,1338,3535,3989,454
Truck349695,2436,3239,3535,3989,454
Truck350502,3122,3121,3760,3989,229
Truck350859,2655,2822,3860,3989,129
Truck351192,3239,1338,3950,3989,39
Truck349237,1338,2998,3410,3990,580
Truck350907,2821,2224,3870,3990,120
Truck350994,3239,2821,3895,3990,95
Truck349291,1338,1339,3425,3991,566
Truck350335,1338,2225,3715,3991,276
Truck351276,3122,0,3975,3991,16
Truck349903,1338,2999,3595,3992,397
Truck351229,3331,3239,3960,3992,32
Truck350304,3122,2225,3705,3993,288
Truck350465,3121,0,3750,3993,243
Truck350707,3331,3122,3815,3993,178
Truck349255,1338,3331,3415,3994,579
Truck350654,2656,0,3800,3994,194
Truck350662,2999,3239,3805,3994,189
Truck351015,2821,3239,3900,3994,94
Truck351024,3122,2437,3905,3994,89
Truck351136,1339,3238,3935,3994,59
Truck351158,2656,2822,3940,3994,54
Truck351210,3239,1338,3955,3994,39
Truck350333,2998,3122,3710,3996,286
Truck350353,1338,2225,3720,3996,276
Truck350453,2224,3121,3745,3996,251
Truck351338,2656,3331,3990,3996,6
Truck350360,2225,1338,3720,3997,277
Truck350967,2655,2437,3890,3997,107
Truck349117,3238,1338,3375,3998,623
Truck350708,2656,1339,3815,3998,183
Truck350729,2998,2225,3820,3998,178
Truck350981,2998,3331,3890,3998,108
Truck351130,2999,3121,3935,3998,63
Truck349513,3238,2436,3485,3999,514
Truck349727,3121,1338,3545,3999,454
Truck350680,2999,2656,3810,3999,189
Truck350931,2655,0,3880,3999,119
Truck349273,1338,2822,3420,4000,580
Truck350351,2998,1339,3715,4000,285
Truck350908,2822,2655,3870,4000,130
Truck350984,2437,2224,3895,4000,105
Truck351121,3331,2436,3930,4000,70
Truck351104,2656,2437,3925,4001,76
Truck350537,3121,1339,3770,4002,232
Truck349767,2436,1338,3555,4003,448
Truck350618,2656,3238,3790,4003,213
Truck350698,2999,2998,3815,4004,189
Truck351169,3238,1339,3945,4004,59
Truck349857,2436,1339,3580,4005,425
Truck350288,2225,2998,3700,4005,305
Truck350926,2822,3121,3875,4005,130
Truck350344,1339,2225,3715,4006,291
Truck350501,3121,2656,3760,4006,246
Truck350886,3239,2998,3865,4006,141
Truck351002,2437,3331,3900,4006,106
Truck350925,2821,2225,3875,4007,132
Truck350298,0,2225,3705,4008,303
Truck350573,3121,3122,3780,4008,228
Truck350725,3331,0,3820,4008,188
Truck350765,2998,2655,3830,4008,178
Truck351074,2437,3122,3920,4008,88
Truck350253,2436,3121,3690,4009,319
Truck349309,1338,2656,3430,4010,580
Truck350519,3121,3331,3765,4010,245
Truck350716,2999,3239,3820,4010,190
Truck350770,2999,1339,3835,4010,175
Truck351147,2655,3331,3940,4010,70
Truck350507,2224,2999,3760,4011,251
Truck351144,0,3238,3940,4011,71
Truck350324,2225,0,3710,4012,302
Truck350943,2821,2999,3880,4012,132
Truck350972,2225,2999,3890,4012,122
Truck351020,2437,2656,3905,4012,107
Truck351185,3121,2999,3950,4012,62
Truck351212,2656,2821,3955,4012,57
Truck350129,2224,1339,3655,4013,358
Truck350671,3331,3238,3805,4013,208
Truck349327,1338,3331,3435,4014,579
Truck350500,2999,2436,3760,4014,254
Truck350532,0,3121,3770,4014,244
Truck350730,0,3331,3825,4014,189
Truck350734,2999,2998,3825,4014,189
Truck351208,1339,3238,3955,4014,59
Truck351282,3239,2225,3975,4014,39
Truck350565,2821,3122,3775,4015,240
Truck351084,3239,2821,3920,4015,95
Truck350535,2655,3121,3770,4016,246
Truck350798,2656,2224,3840,4016,176
Truck351402,3122,1339,4010,4016,6
Truck349345,1338,0,3440,4017,577
Truck350961,2821,2436,3885,4017,132
Truck351319,3331,3239,3985,4017,32
Truck351378,0,1339,4005,4017,12
Truck350395,3238,3121,3730,4018,288
Truck350752,2999,2655,3830,4018,188
Truck350780,2656,1339,3835,4018,183
Truck350801,2998,3121,3840,4018,178
Truck349404,3122,1338,3455,4019,564
Truck350574,3122,2822,3780,4019,239
Truck351105,2821,3239,3925,4019,94
Truck350416,1339,2998,3735,4020,285
Truck350555,3121,3239,3775,4021,246
Truck350920,1339,3239,3875,4021,146
Truck351056,2437,3331,3915,4021,106
Truck350450,2225,1338,3745,4022,277
Truck350814,3239,3238,3845,4022,177
Truck350979,2821,2655,3890,4022,132
Truck350165,2224,1339,3665,4023,358
Truck350428,2999,2436,3740,4023,283
Truck350690,2656,3238,3810,4023,213
Truck350819,2998,2225,3845,4023,178
Truck350874,0,3239,3865,4023,158
Truck351146,2437,2999,3940,4023,83
Truck349749,2436,0,3550,4024,474
Truck350053,3238,2224,3635,4024,389
Truck350688,3239,2224,3810,4024,214
Truck351318,3239,2436,3985,4024,39
Truck350738,2225,2437,3825,4025,200
Truck351018,0,2655,3905,4025,120
Truck351060,3122,2655,3915,4025,110
Truck350487,2436,2999,3755,4027,272
Truck351249,2821,3331,3965,4027,62
Truck351267,2821,2656,3970,4027,57
Truck351357,2821,2822,3995,4027,32
Truck350645,3121,3122,3800,4028,228
Truck349381,1338,3239,3450,4029,579
Truck349747,3238,2436,3550,4029,479
Truck350784,0,3331,3840,4029,189
Truck351003,2655,2822,3900,4029,129
Truck351166,2999,2437,3945,4029,84
Truck351284,2656,2822,3975,4029,54
Truck351336,3239,3121,3990,4029,39
Truck350136,0,2224,3660,4030,370
Truck350378,2225,2224,3725,4030,305
Truck350619,2821,3122,3790,4030,240
Truck351016,2822,2225,3900,4030,130
Truck351036,0,2655,3910,4030,120
Truck351286,2822,2656,3975,4030,55
Truck349887,2655,2436,3590,4031,441
Truck350434,1339,2225,3740,4031,291
Truck350568,0,2821,3780,4031,251
Truck350579,2224,3121,3780,4031,251
Truck351463,3331,2656,4025,4031,6
Truck349785,2436,3239,3560,4032,472
Truck350396,2225,0,3730,4032,302
Truck350486,2225,1338,3755,4032,277
Truck350833,3331,2224,3850,4032,182
Truck351156,3239,2822,3940,4032,92
Truck350447,3121,3238,3745,4033,288
Truck350448,3122,2225,3745,4033,288
Truck350726,2656,3238,3820,4033,213
Truck350855,2998,2436,3855,4033,178
Truck350093,2224,3238,3645,4034,389
Truck351093,2655,3122,3925,4034,109
Truck351110,2437,2655,3930,4035,105
Truck351247,3331,1338,3965,4035,70
Truck350452,1339,2225,3745,4036,291
Truck350497,1338,2225,3760,4036,276
Truck351339,2821,2998,3990,4036,46
Truck351481,3331,2656,4030,4036,6
Truck350252,2225,3238,3690,4037,347
Truck351033,2821,1338,3905,4037,132
Truck351250,2822,2224,3965,4037,72
Truck350219,2224,1339,3680,4038,358
Truck350824,2999,2656,3850,4038,188
Truck350928,0,3239,3880,4038,158
Truck351128,2437,0,3935,4038,103
Truck351394,2822,2821,4005,4038,33
Truck349929,2436,0,3600,4039,439
Truck350409,2655,2225,3735,4039,304
Truck350414,2225,2821,3735,4039,304
Truck350742,3239,2224,3825,4039,214
Truck350852,2656,3122,3855,4039,184
Truck350861,3121,2225,3860,4039,179
Truck351075,2655,0,3920,4039,119
Truck351320,2656,2822,3985,4039,54
Truck349417,1338,2998,3460,4040,580
Truck350377,3238,2998,3725,4040,315
Truck350844,3122,2656,3855,4040,185
Truck351052,2822,3121,3910,4040,130
Truck351265,3331,3121,3970,4040,70
Truck350615,2224,2655,3790,4041,251
Truck350627,3121,3239,3795,4041,246
Truck350992,1339,3239,3895,4041,146
Truck351248,2656,2999,3965,4041,76
Truck351304,2822,3331,3980,4041,61
Truck351450,0,3122,4025,4041,16
Truck351500,2656,3331,4035,4041,6
Truck349435,1338,0,3465,4042,577
Truck350674,2822,1339,3805,4042,237
Truck351051,2821,1338,3910,4042,132
Truck351190,1339,2437,3950,4042,92
Truck349279,3238,1338,3420,4043,623
Truck350755,3238,2656,3830,4043,213
Truck350851,3331,0,3855,4043,188
Truck350841,2655,2999,3855,4044,189
Truck351057,2655,2822,3915,4044,129
Truck351390,3239,2436,4005,4044,39
Truck350405,2998,3238,3730,4045,315
Truck350557,3238,2821,3775,4045,270
Truck350896,2999,1339,3870,4045,175
Truck351283,3331,2225,3975,4045,70
Truck349947,2436,2655,3605,4046,441
Truck350704,1339,3121,3815,4047,232
Truck351069,2821,1338,3915,4047,132
Truck350888,2656,1339,3865,4048,183
Truck350905,3331,3122,3870,4048,178
Truck350909,2998,2999,3870,4048,178
Truck351007,3238,2437,3900,4048,148
Truck351176,2656,2998,3945,4048,103
Truck350147,2224,3238,3660,4049,389
Truck350897,3121,2225,3870,4049,179
Truck351408,3239,2999,4010,4049,39
Truck351532,1339,3122,4045,4049,4
Truck349453,1338,2998,3470,4050,580
Truck350423,2998,3238,3735,4050,315
Truck350524,1339,2998,3765,4050,285
Truck350691,2821,3122,3810,4050,240
Truck351301,3331,1338,3980,4050,70
Truck350663,3121,3239,3805,4051,246
Truck351030,3239,1339,3905,4051,146
Truck351087,2821,1338,3920,4052,132
Truck350681,3121,0,3810,4053,243
Truck351025,3238,2437,3905,4053,148
Truck351175,3331,2998,3945,4053,108
Truck349471,1338,3331,3475,4054,579
Truck350918,2225,3121,3875,4054,179
Truck351305,2998,2224,3980,4054,74
Truck351426,3239,2225,4015,4054,39
Truck350673,2821,0,3805,4055,250
Truck350840,2437,2225,3855,4055,200
Truck350846,2225,2437,3855,4055,200
Truck351106,2822,2655,3925,4055,130
Truck349525,1338,1339,3490,4056,566
Truck351413,2998,2821,4010,4056,46
Truck350538,3122,2998,3770,4057,287
Truck349543,1338,3122,3495,4058,563
Truck349893,2436,2656,3590,4058,468
Truck350809,3238,2656,3845,4058,213
Truck350933,3121,2225,3880,4059,179
Truck349489,1338,2821,3480,4060,580
Truck350699,3121,2821,3815,4060,245
Truck351124,2822,2999,3930,4060,130
Truck351327,2655,3331,3990,4060,70
Truck351337,3331,2655,3990,4060,70
Truck350687,2224,2436,3810,4061,251
Truck350697,2655,3121,3815,4061,246
Truck350957,2224,2656,3885,4061,176
Truck350001,2436,3331,3620,4062,442
Truck350758,1339,3121,3830,4062,232
Truck351123,2821,2655,3930,4062,132
Truck351264,3239,2822,3970,4062,92
Truck351483,2821,2822,4030,4062,32
Truck350914,2999,2998,3875,4063,188
Truck350949,2655,2998,3885,4063,178
Truck350963,2998,2655,3885,4063,178
Truck351230,2656,2998,3960,4063,103
Truck349507,1338,2822,3485,4064,579
Truck349957,1338,3121,3610,4064,454
Truck351292,2999,2437,3980,4064,84
Truck350467,3238,2998,3750,4065,315
Truck350504,2225,3239,3760,4065,305
Truck351107,2998,3239,3925,4065,140
Truck351218,2437,2656,3960,4065,105
Truck351092,2437,3121,3925,4066,141
Truck351095,3121,2437,3925,4066,141
Truck349983,2436,2822,3615,4067,452
Truck350359,3238,2225,3720,4067,347
Truck350612,2225,1338,3790,4067,277
Truck350764,2822,1339,3830,4067,237
Truck350771,3121,1339,3835,4067,232
Truck351129,2655,2821,3935,4067,132
Truck351141,2821,2225,3935,4067,132
Truck351358,2822,2998,3995,4067,72
Truck350091,2436,1338,3645,4068,423
Truck350849,2224,3239,3855,4068,213
Truck351234,0,2437,3965,4068,103
Truck351480,3239,2656,4030,4068,38
Truck351482,2656,3239,4030,4068,38
Truck350932,2999,2656,3880,4069,189
Truck350969,3121,2225,3890,4069,179
Truck350763,2821,3122,3830,4070,240
Truck350791,3238,2999,3840,4070,230
Truck350900,2225,2437,3870,4070,200
Truck351160,2822,2225,3940,4070,130
Truck349911,2436,2998,3595,4071,476
Truck350723,2224,2655,3820,4071,251
Truck351236,2437,2655,3965,4071,106
Truck350975,2224,3331,3890,4072,182
Truck351576,0,1339,4060,4072,12
Truck350345,2224,1339,3715,4073,358
Truck350591,3121,3238,3785,4073,288
Truck350593,3238,3121,3785,4073,288
Truck350950,2999,2655,3885,4073,188
Truck350959,3331,0,3885,4073,188
Truck350999,2998,2436,3895,4073,178
Truck349965,2436,2822,3610,4074,464
Truck349993,1338,3121,3620,4074,454
Truck350540,2225,3331,3770,4074,304
Truck351312,3122,2437,3985,4074,89
Truck351143,2998,3239,3935,4075,140
Truck351385,3238,0,4005,4075,70
Truck350052,3122,2436,3635,4076,441
Truck350733,2655,2224,3825,4076,251
Truck350741,2224,1338,3825,4076,251
Truck350753,3121,2998,3830,4076,246
Truck350806,2999,3238,3845,4076,231
Truck351131,3121,2437,3935,4076,141
Truck351374,2656,2655,4000,4076,76
Truck351618,3122,1339,4070,4076,6
Truck351177,2821,2436,3945,4077,132
Truck351254,2437,2822,3970,4077,107
Truck351427,3331,2821,4015,4077,62
Truck351446,2656,2821,4020,4077,57
Truck349399,1338,3238,3455,4078,623
Truck350881,3238,2656,3865,4078,213
Truck351017,2998,2655,3900,4078,178
Truck351151,3238,2655,3940,4078,138
Truck349561,1338,2655,3500,4080,580
Truck350049,2655,2436,3635,4080,445
Truck350968,2999,3239,3890,4080,190
Truck351227,2224,2821,3960,4080,120
Truck351272,2437,3331,3975,4080,105
Truck351409,3331,2436,4010,4080,70
Truck350614,1339,2225,3790,4081,291
Truck350751,2655,2224,3830,4081,251
Truck351195,2821,2655,3950,4082,132
Truck349578,0,1338,3505,4083,578
Truck350649,2436,2999,3800,4083,283
Truck351021,2655,2998,3905,4083,178
Truck351031,3331,3122,3905,4083,178
Truck349579,1338,2998,3505,4084,579
Truck350986,2999,2224,3895,4084,189
Truck351534,3239,2655,4045,4084,39
Truck350127,2436,0,3655,4085,430
Truck350789,3121,2656,3840,4085,245
Truck350948,2437,2225,3885,4085,200
Truck351214,2822,1338,3955,4085,130
Truck351290,2437,2821,3980,4085,105
Truck350376,3122,2224,3725,4086,361
Truck350621,2998,0,3790,4086,296
Truck350703,2436,2999,3815,4086,271
Truck351521,2998,2821,4040,4086,46
Truck350432,2225,3238,3740,4087,347
Truck351049,3331,1339,3910,4087,177
Truck351238,2999,2225,3965,4087,122
Truck351352,1339,2437,3995,4087,92
Truck351430,2822,2224,4015,4087,72
Truck350199,2436,1338,3675,4088,413
Truck350924,2656,3238,3875,4088,213
Truck351004,2999,2655,3900,4088,188
Truck351053,2998,2225,3910,4088,178
Truck351291,2655,1339,3980,4088,108
Truck351362,2437,3122,4000,4088,88
Truck351543,2655,3239,4050,4088,38
Truck351554,2656,3239,4050,4088,38
Truck350047,1338,3121,3635,4089,454
Truck350826,3122,2822,3850,4089,239
Truck351044,2225,3121,3910,4089,179
Truck351382,2999,2437,4005,4089,84
Truck351552,3239,2999,4050,4089,39
Truck350073,2436,2822,3640,4090,450
Truck351232,2822,2436,3960,4090,130
Truck351445,3331,3121,4020,4090,70
Truck349599,2655,1338,3510,4091,581
Truck350807,3121,2821,3845,4091,246
Truck351076,2999,3122,3920,4091,171
Truck351308,2437,2655,3985,4091,106
Truck351428,2656,2436,4015,4091,76
Truck350664,3122,2998,3805,4092,287
Truck351219,2655,2821,3960,4092,132
Truck350665,3238,3121,3805,4093,288
Truck351014,2656,0,3900,4094,194
Truck351022,2999,2655,3905,4094,189
Truck351237,2655,2822,3965,4094,129
Truck351309,2655,3122,3985,4094,109
Truck351384,3122,2437,4005,4094,89
Truck349615,1338,2998,3515,4095,580
Truck351520,2822,2656,4040,4095,55
Truck350825,3121,2821,3850,4096,246
Truck351502,2822,3331,4035,4096,61
Truck350613,2436,3121,3790,4097,307
Truck349687,1338,3122,3535,4098,563
Truck350435,2224,1339,3740,4098,358
Truck350683,3238,3121,3810,4098,288
Truck350953,3238,2656,3885,4098,213
Truck350971,3238,3331,3890,4098,208
Truck351089,2998,2437,3920,4098,178
Truck351223,3238,2655,3960,4098,138
Truck351398,2437,3122,4010,4098,88
Truck351040,2999,2655,3910,4099,189
Truck351588,3239,2225,4060,4099,39
Truck349633,1338,2656,3520,4100,580
Truck350011,1338,2437,3625,4100,475
Truck350630,2225,3331,3795,4100,305
Truck350843,3121,2656,3855,4100,245
Truck351094,2999,1339,3925,4100,175
Truck351268,2822,2225,3970,4100,130
Truck350820,0,2821,3850,4101,251
Truck351464,2656,3121,4025,4101,76
Truck351716,2656,3331,4095,4101,6
Truck350890,2822,1339,3865,4102,237
Truck351085,3331,2224,3920,4102,182
Truck351406,1339,2437,4010,4102,92
Truck351536,2656,2821,4045,4102,57
Truck350995,3331,3238,3895,4103,208
Truck351058,2999,2224,3915,4103,188
Truck351597,2655,3239,4065,4103,38
Truck351628,2822,2821,4070,4103,33
Truck351345,2655,3122,3995,4104,109
Truck351251,2998,3239,3965,4105,140
Truck351306,0,2655,3985,4105,120
Truck351499,3331,1338,4035,4105,70
Truck351556,2822,2656,4050,4105,55
Truck350648,2225,2821,3800,4106,306
Truck351228,3239,1339,3960,4106,146
Truck351734,2656,3331,4100,4106,6
Truck350103,2655,2436,3650,4107,457
Truck350503,3238,2225,3760,4107,347
Truck350676,0,2998,3810,4107,297
Truck351132,3122,2999,3935,4107,172
Truck351702,0,1339,4095,4107,12
Truck350444,2437,2436,3745,4108,363
Truck351125,2998,2437,3930,4108,178
Truck351222,3122,3239,3960,4108,148
Truck349669,1338,2822,3530,4109,579
Truck349728,3122,1338,3545,4109,564
Truck350037,2436,3238,3630,4109,479
Truck351113,3121,2225,3930,4109,179
Truck351363,2655,3122,4000,4109,109
Truck351497,2224,2998,4035,4109,74
Truck351624,3239,2437,4070,4109,39
Truck350552,2437,2436,3775,4110,335
Truck350740,1339,2998,3825,4110,285
Truck350879,3121,2224,3865,4110,245
Truck350902,1339,2821,3870,4110,240
Truck351038,2437,2225,3910,4110,200
Truck351335,2224,2821,3990,4110,120
Truck351489,2655,2656,4035,4110,75
Truck349723,1338,1339,3545,4111,566
Truck350856,0,2821,3860,4111,251
Truck350867,2224,2999,3860,4111,251
Truck350522,2225,3238,3765,4112,347
Truck351572,2656,2821,4055,4112,57
Truck351663,2821,2822,4080,4112,32
Truck350145,2436,0,3660,4113,453
Truck350818,2822,3238,3845,4113,268
Truck351011,2224,3239,3900,4113,213
Truck351139,3331,3122,3935,4113,178
Truck351241,3238,2437,3965,4113,148
Truck350141,3121,1338,3660,4114,454
Truck350381,2224,3238,3725,4114,389
Truck350488,1339,2224,3755,4114,359
Truck351012,3239,2224,3900,4114,214
Truck351456,3122,2437,4025,4114,89
Truck351590,2656,2822,4060,4114,54
Truck351642,3239,2225,4075,4114,39
Truck350684,2225,2224,3810,4115,305
Truck350775,2436,2999,3835,4115,280
Truck351148,2999,1339,3940,4115,175
Truck351322,2822,2437,3985,4115,130
Truck351592,2822,2656,4060,4115,55
Truck350938,1339,2822,3880,4116,236
Truck351275,3121,2437,3975,4116,141
Truck351629,2998,2821,4070,4116,46
Truck349549,3238,1338,3495,4118,623
Truck351032,2656,3238,3905,4118,213
Truck349705,1338,2998,3540,4119,579
Truck351660,3239,2999,4080,4119,39
Truck350915,3121,2821,3875,4120,245
Truck351462,3239,2821,4025,4120,95
Truck351553,3331,2225,4050,4120,70
Truck350903,2224,2655,3870,4121,251
Truck351416,2437,3331,4015,4121,106
Truck349768,1339,1338,3555,4122,567
Truck350109,2436,2998,3650,4122,472
Truck350235,2436,3239,3685,4122,437
Truck350962,2822,1339,3885,4122,237
Truck351589,3331,2821,4060,4122,62
Truck350910,0,2822,3875,4123,248
Truck350413,3238,2224,3735,4124,389
Truck350720,2225,3331,3820,4124,304
Truck351678,3239,2655,4085,4124,39
Truck350211,2655,2436,3680,4125,445
Truck350845,3238,2821,3855,4125,270
Truck350776,1339,2225,3835,4126,291
Truck351558,0,3238,4055,4126,71
Truck350268,3122,2436,3695,4127,432
Truck350717,3121,2436,3820,4127,307
Truck350952,3122,2821,3885,4127,242
Truck351434,2437,3331,4020,4127,107
Truck351600,3122,3238,4065,4127,62
Truck351068,2656,3238,3915,4128,213
Truck351157,3331,0,3940,4128,188
Truck351300,3239,3122,3980,4128,148
Truck350017,3238,2436,3625,4129,504
Truck351510,3122,2437,4040,4129,89
Truck351696,3239,3121,4090,4129,39
Truck350711,2998,3238,3815,4130,315
Truck350812,1339,2998,3845,4130,285
Truck350951,3121,2822,3885,4130,245
Truck351186,3122,3331,3950,4130,180
Truck351376,2822,2436,4000,4130,130
Truck349741,1338,2821,3550,4131,581
Truck350939,2224,2999,3880,4131,251
Truck351162,0,2999,3945,4131,186
Truck351824,2656,3331,4125,4131,6
Truck350606,2437,2436,3790,4132,342
Truck350810,2225,3122,3845,4132,287
Truck351375,2821,2437,4000,4132,132
Truck351617,3121,2999,4070,4132,62
Truck351802,1339,0,4120,4132,12
Truck351086,2656,3238,3920,4133,213
Truck351097,3238,3331,3925,4133,208
Truck351215,2998,3121,3955,4133,178
Truck351206,2225,3121,3955,4134,179
Truck351544,2999,2437,4050,4134,84
Truck351714,3239,2655,4095,4134,39
Truck350561,2224,3122,3775,4135,360
Truck350997,2821,3122,3895,4135,240
Truck351470,2437,2822,4030,4135,105
Truck350756,2225,2998,3830,4136,306
Truck351334,1339,3239,3990,4136,146
Truck350774,2225,0,3835,4137,302
Truck351381,2655,2821,4005,4137,132
Truck351393,2821,1338,4005,4137,132
Truck351471,2655,3122,4030,4139,109
Truck351546,3122,2437,4050,4139,89
Truck351605,2224,2998,4065,4139,74
Truck351732,3239,1338,4100,4139,39
Truck351856,1339,3122,4135,4139,4
Truck349777,1338,2224,3560,4140,580
Truck351184,2999,2821,3950,4140,190
Truck351412,2822,2999,4010,4140,130
Truck350830,1339,2225,3850,4141,291
Truck351354,3239,1339,3995,4141,146
Truck351488,2437,2821,4035,4141,106
Truck351608,2656,2999,4065,4141,76
Truck351810,0,3122,4125,4141,16
Truck350987,3121,3239,3895,4142,247
Truck351680,2656,2821,4085,4142,57
Truck351133,3238,3331,3935,4143,208
Truck351518,2656,2998,4040,4143,103
Truck351560,2437,3122,4055,4143,88
Truck350792,2225,2822,3840,4144,304
Truck351202,2999,2822,3955,4144,189
Truck349795,1338,2998,3565,4145,580
Truck350181,2436,2998,3670,4145,475
Truck351028,1339,2821,3905,4145,240
Truck351005,3121,2224,3900,4146,246
Truck351274,2999,3122,3975,4146,171
Truck351506,2437,2821,4040,4146,106
Truck351507,2655,2437,4040,4146,106
Truck351626,2656,2225,4070,4146,76
Truck351647,2998,2822,4075,4146,71
Truck350289,2436,2656,3700,4147,447
Truck350464,2999,1338,3750,4147,397
Truck350862,3122,2998,3860,4147,287
Truck351064,1339,3121,3915,4147,232
Truck351429,2821,2655,4015,4147,132
Truck349867,1338,3122,3585,4148,563
Truck350325,2436,1339,3710,4148,438
Truck350863,3238,3121,3860,4148,288
Truck351269,2998,1338,3970,4148,178
Truck351517,3331,2998,4040,4148,108
Truck351435,2655,2822,4020,4149,129
Truck351023,3121,2224,3905,4150,245
Truck351079,3238,2999,3920,4150,230
Truck351182,2437,2225,3950,4150,200
Truck351198,0,2656,3955,4150,195
Truck351220,2999,2655,3960,4150,190
Truck351448,2822,2436,4020,4150,130
Truck351479,2224,2821,4030,4150,120
Truck351524,2437,2656,4045,4150,105
Truck351570,3239,2821,4055,4150,95
Truck351661,3331,2999,4080,4150,70
Truck351281,2224,2656,3975,4151,176
Truck351644,2656,2225,4075,4151,76
Truck351753,2821,2998,4105,4151,46
Truck350666,2225,3238,3805,4152,347
Truck351447,2821,2999,4020,4152,132
Truck351699,2821,3331,4090,4152,62
Truck349675,3238,1338,3530,4153,623
Truck350290,1339,2436,3700,4153,453
Truck351287,2998,3121,3975,4153,178
Truck351342,0,3239,3995,4153,158
Truck350597,2224,0,3785,4154,369
Truck351659,2224,2998,4080,4154,74
Truck351712,1339,3238,4095,4154,59
Truck351786,3239,2225,4115,4154,39
Truck351910,1339,3122,4150,4154,4
Truck349831,1338,2224,3575,4155,580
Truck350828,2225,3239,3850,4155,305
Truck351466,2822,2436,4025,4155,130
Truck351528,3122,2655,4045,4155,110
Truck351679,3331,2437,4085,4155,70
Truck349885,1338,1339,3590,4156,566
Truck350343,2436,1338,3715,4156,441
Truck350873,2998,0,3860,4156,296
Truck351039,2655,3121,3910,4156,246
Truck351082,1339,2822,3920,4156,236
Truck351419,3121,2437,4015,4156,141
Truck351662,2656,2999,4080,4156,76
Truck351870,3122,0,4140,4156,16
Truck351465,2821,2655,4025,4157,132
Truck351542,2437,2656,4050,4157,107
Truck351610,2822,3239,4065,4157,92
Truck351298,1339,3331,3980,4158,178
Truck350415,2436,1339,3735,4159,424
Truck351256,2999,2224,3970,4159,189
Truck351752,2656,2822,4105,4159,54
Truck350651,2224,3122,3800,4160,360
Truck350927,2998,1339,3875,4160,285
Truck351484,2822,2437,4030,4160,130
Truck351697,3331,3121,4090,4160,70
Truck349849,1338,3331,3580,4161,581
Truck350307,2436,2998,3705,4161,456
Truck351047,2224,2437,3910,4161,251
Truck351059,3121,2821,3915,4161,246
Truck351313,3238,3239,3985,4161,176
Truck351736,2822,3331,4100,4161,61
Truck351205,3238,3331,3955,4163,208
Truck351323,2998,2437,3985,4163,178
Truck351525,2655,0,4045,4164,119
Truck350379,2436,2655,3725,4165,440
Truck350827,3238,2998,3850,4165,315
Truck350864,2225,2998,3860,4165,305
Truck351715,3331,3121,4095,4165,70
Truck350965,1338,2225,3890,4166,276
Truck351065,2224,2436,3915,4166,251
Truck351698,2656,3121,4090,4166,76
Truck351501,2821,2436,4035,4167,132
Truck351526,2999,2225,4045,4167,122
Truck350735,3121,2436,3825,4168,343
Truck350934,3122,2225,3880,4168,288
Truck351341,2998,2436,3990,4168,178
Truck351586,1339,2655,4060,4168,108
Truck349944,3122,1338,3605,4169,564
Truck350882,2225,2998,3865,4169,304
Truck351512,2225,2436,4040,4169,129
Truck351713,2224,2998,4095,4169,74
Truck351840,3239,3121,4130,4169,39
Truck351596,2437,3239,4065,4170,105
Truck351083,2224,3121,3920,4171,251
Truck351364,2999,3122,4000,4171,171
Truck351968,2656,3331,4165,4171,6
Truck350271,2436,2655,3695,4172,477
Truck351519,2821,2655,4040,4172,132
Truck351769,3331,2821,4110,4172,62
Truck350892,0,2225,3870,4173,303
Truck351355,3331,3122,3995,4173,178
Truck351142,2822,3122,3935,4174,239
Truck351310,2999,2656,3985,4174,189
Truck351561,2655,0,4055,4174,119
Truck351858,3239,2655,4135,4174,39
Truck350469,2436,1339,3750,4175,425
Truck350705,2224,3122,3815,4175,360
Truck351330,3122,2656,3990,4175,185
Truck351538,2822,2436,4045,4175,130
Truck350282,2437,1338,3700,4176,476
Truck351101,2224,3121,3925,4176,251
Truck351614,2437,3239,4070,4176,106
Truck351790,2822,3331,4115,4176,61
Truck349966,1339,1338,3610,4177,567
Truck350451,2436,2998,3745,4177,432
Truck351372,3239,3238,4000,4177,177
Truck351537,2821,2999,4045,4177,132
Truck349759,1338,3238,3555,4178,623
Truck350433,2436,2655,3740,4178,438
Truck351259,3238,3331,3970,4178,208
Truck351876,3239,2656,4140,4178,38
Truck349921,1338,2656,3600,4179,579
Truck349980,3122,1338,3615,4179,564
Truck350611,3238,2224,3790,4179,389
Truck350913,2655,2225,3875,4179,304
Truck351246,3239,2224,3965,4179,214
Truck351328,2999,3331,3990,4179,189
Truck351690,3122,2437,4090,4179,89
Truck351159,2821,3122,3940,4180,240
Truck351826,2822,2656,4125,4180,55
Truck351108,0,2821,3930,4181,251
Truck351119,2224,3121,3930,4181,251
Truck351172,1339,2822,3945,4181,236
Truck351954,0,3122,4165,4181,16
Truck349984,1339,1338,3615,4182,567
Truck350412,3122,2436,3735,4182,447
Truck350990,2225,3122,3895,4182,287
Truck351391,3331,1339,4005,4182,177
Truck351555,2821,2999,4050,4182,132
Truck351027,2436,2999,3905,4183,278
Truck351266,2656,3238,3970,4183,213
Truck351395,2998,1338,4005,4183,178
Truck350936,2225,3331,3880,4184,304
Truck351842,2656,2822,4130,4184,54
Truck351894,3239,2225,4145,4184,39
Truck352018,1339,3122,4180,4184,4
Truck349939,1338,2998,3605,4185,580
Truck350197,3238,2436,3675,4185,510
Truck350317,1338,2437,3710,4185,475
Truck351787,3331,3121,4115,4185,70
Truck351126,0,2821,3935,4186,251
Truck351149,3121,2656,3940,4186,246
Truck351650,2437,2656,4080,4186,106
Truck351972,0,3122,4170,4186,16
Truck351573,2821,2436,4055,4187,132
Truck350759,2224,1339,3830,4188,358
Truck351373,3331,0,4000,4188,188
Truck350954,2225,2821,3885,4189,304
Truck351196,2822,3122,3950,4189,239
Truck351356,2656,0,3995,4189,194
Truck351912,3239,2436,4150,4189,39
Truck351668,2437,2224,4085,4190,105
Truck351669,2655,2437,4085,4190,105
Truck351805,3331,3121,4120,4190,70
Truck351010,1339,2225,3900,4191,291
Truck351421,3238,3239,4015,4191,176
Truck351788,2656,2655,4115,4191,76
Truck350361,2436,2656,3720,4193,473
Truck351178,2822,0,3945,4193,248
Truck351302,2656,3238,3980,4193,213
Truck351180,0,3121,3950,4194,244
Truck351930,3239,2437,4155,4194,39
Truck349975,1338,2224,3615,4195,580
Truck351080,2225,1338,3920,4197,277
Truck351609,2821,2436,4065,4197,132
Truck351686,2437,2655,4090,4197,107
Truck351851,3121,2999,4135,4197,62
Truck350795,2224,1339,3840,4198,358
Truck351400,2999,2998,4010,4198,188
Truck351449,2998,2436,4020,4198,178
Truck351258,3122,3121,3970,4199,229
Truck351392,2656,0,4005,4199,194
Truck351437,3121,2225,4020,4199,179
Truck351440,2225,3121,4020,4199,179
Truck351827,2998,2224,4125,4199,74
Truck351896,2656,2822,4145,4199,54
Truck351948,3239,2437,4160,4199,39
Truck351115,3238,2821,3930,4200,270
Truck351231,2821,3122,3960,4200,240
Truck351704,2437,2822,4095,4200,105
Truck351835,3238,0,4130,4200,70
Truck351191,2224,2655,3950,4201,251
Truck351578,2437,3121,4060,4201,141
Truck351627,2821,2436,4070,4202,132
Truck351768,3239,2822,4110,4202,92
Truck351844,2822,2998,4130,4202,72
Truck351061,3238,3121,3915,4203,288
Truck351722,2437,0,4100,4203,103
Truck350505,2436,3122,3760,4204,444
Truck350777,2224,0,3835,4204,369
Truck351216,0,3121,3960,4204,244
Truck351410,2656,0,4010,4204,194
Truck351380,2437,2225,4005,4205,200
Truck351831,2655,2656,4130,4205,75
Truck351859,3331,2225,4135,4205,70
Truck351008,2225,2224,3900,4206,306
Truck351201,2655,2224,3955,4206,251
Truck351209,2224,1338,3955,4206,251
Truck351262,1339,2822,3970,4206,236
Truck351436,2999,0,4020,4206,186
Truck351606,3239,2998,4065,4206,141
Truck351723,2655,2437,4100,4206,106
Truck351863,2998,2822,4135,4206,71
Truck351240,3122,2821,3965,4207,242
Truck351645,2821,2436,4075,4207,132
Truck351862,2822,2998,4135,4207,72
Truck351914,2656,2821,4150,4207,57
Truck351485,2998,3121,4030,4208,178
Truck351026,2225,2655,3905,4209,304
Truck351932,2656,2822,4155,4209,54
Truck351239,3121,2655,3965,4210,245
Truck351867,2655,3331,4140,4210,70
Truck351071,2998,0,3915,4211,296
Truck351860,2656,3121,4135,4211,76
Truck351864,0,3238,4140,4211,71
Truck350542,1339,2436,3770,4213,443
Truck351496,1339,3331,4035,4213,178
Truck351741,2655,1339,4105,4213,108
Truck352020,3239,3331,4180,4213,33
Truck351454,2999,2998,4025,4214,189
Truck351494,2225,3121,4035,4214,179
Truck351875,2224,2998,4140,4214,74
Truck351280,1339,2821,3975,4215,240
Truck351682,2822,2436,4085,4215,130
Truck351717,2821,2224,4095,4215,120
Truck351758,2437,2224,4110,4215,105
Truck351804,3239,2821,4120,4215,95
Truck351895,3331,1338,4145,4215,70
Truck351100,1339,2225,3925,4216,291
Truck351245,2224,3121,3965,4216,251
Truck351255,2655,3121,3970,4216,246
Truck351632,2437,3121,4075,4216,141
Truck352130,2656,3331,4210,4216,6
Truck350065,1338,0,3640,4217,577
Truck351062,2225,0,3915,4217,302
Truck351257,3121,2822,3970,4217,247
Truck350559,2436,2656,3775,4218,443
Truck351651,2655,3238,4080,4218,138
Truck351655,3238,2655,4080,4218,138
Truck352038,3239,3331,4185,4218,33
Truck350866,1339,2224,3860,4219,359
Truck351270,0,3121,3975,4219,244
Truck351303,2821,1339,3980,4219,239
Truck351035,2998,3238,3905,4220,315
Truck351472,2999,3239,4030,4220,190
Truck351700,2822,2999,4090,4220,130
Truck351720,0,2655,4100,4220,120
Truck351822,3239,2821,4125,4220,95
Truck351907,3238,0,4150,4220,70
Truck351913,3331,1338,4150,4220,70
Truck351970,2822,2656,4165,4220,55
Truck351316,1339,2822,3985,4221,236
Truck351776,2437,2822,4115,4221,106
Truck351900,0,3238,4150,4221,71
Truck352005,2821,2998,4175,4221,46
Truck351535,3331,1339,4045,4222,177
Truck351951,2821,3331,4160,4222,62
Truck351539,2998,2225,4045,4223,178
Truck351621,2436,2225,4070,4223,153
Truck351791,2998,3331,4115,4223,108
Truck350523,2436,2998,3765,4225,460
Truck350885,2224,3122,3865,4225,360
Truck351161,2998,1339,3940,4225,285
Truck351285,2821,0,3975,4225,250
Truck351321,2821,3122,3985,4225,240
Truck351452,2437,2225,4025,4225,200
Truck351780,3122,2655,4115,4225,110
Truck351903,2655,2656,4150,4225,75
Truck351931,3331,2436,4155,4225,70
Truck350083,1338,2998,3645,4226,581
Truck351293,3121,3331,3980,4226,246
Truck350749,1338,2999,3830,4227,397
Truck351150,3122,2998,3940,4227,287
Truck351508,2999,3239,4040,4228,188
Truck351557,2998,3121,4050,4228,178
Truck350101,1338,2656,3650,4229,579
Truck350551,1338,3121,3775,4229,454
Truck351098,2225,2656,3925,4229,304
Truck351935,2998,2224,4155,4229,74
Truck351767,2224,2821,4110,4230,120
Truck351771,2821,2224,4110,4230,120
Truck351179,2998,3122,3945,4231,286
Truck351261,2436,2999,3970,4231,261
Truck351299,2224,1338,3980,4231,251
Truck351311,3121,2224,3985,4231,246
Truck351565,3238,3239,4055,4231,176
Truck351571,3331,1339,4055,4232,177
Truck351582,3122,2999,4060,4232,172
Truck351987,2821,3331,4170,4232,62
Truck352093,3331,3239,4200,4232,32
Truck351329,3121,0,3990,4233,243
Truck351709,3238,2655,4095,4233,138
Truck352065,2655,3239,4195,4233,38
Truck351444,3239,2224,4020,4234,214
Truck351879,2821,3239,4140,4234,94
Truck352074,3239,2436,4195,4234,39
Truck350119,1338,2656,3655,4235,580
Truck351116,2225,2655,3930,4235,305
Truck351754,2822,2225,4105,4235,130
Truck350894,2437,2436,3870,4236,366
Truck351317,2224,1338,3985,4236,251
Truck351950,2656,2225,4160,4236,76
Truck352201,3331,2656,4230,4236,6
Truck351134,2225,0,3935,4237,302
Truck352170,0,1339,4225,4237,12
Truck352180,1339,0,4225,4237,12
Truck350966,2437,2436,3890,4238,348
Truck351340,2822,0,3990,4238,248
Truck351568,1339,2656,4055,4238,183
Truck351593,2998,2437,4060,4238,178
Truck351691,3238,2437,4090,4238,148
Truck351897,2821,3239,4145,4239,94
Truck350137,1338,3331,3660,4240,580
Truck350541,2436,2656,3770,4240,470
Truck351370,1339,2821,4000,4240,240
Truck351347,3121,2655,3995,4241,246
Truck351848,2437,3239,4135,4241,106
Truck351849,2655,2437,4135,4241,106
Truck351277,3238,2822,3975,4242,267
Truck351366,3122,2821,4000,4242,242
Truck351203,3121,3238,3955,4243,288
Truck351562,2999,3331,4055,4243,188
Truck351607,3331,3122,4065,4243,178
Truck351611,2998,1338,4065,4243,178
Truck350577,2436,2655,3780,4244,464
Truck351152,2225,2656,3940,4244,304
Truck350155,1338,3331,3665,4245,580
Truck351233,2998,1339,3960,4245,285
Truck351365,3121,2998,4000,4245,245
Truck350485,3238,2436,3755,4246,491
Truck351197,2998,0,3950,4246,296
Truck351418,2999,3238,4015,4246,231
Truck351866,2437,2998,4140,4246,106
Truck351986,2656,3121,4170,4246,76
Truck351789,2821,2999,4115,4247,132
Truck351493,3238,2656,4035,4248,213
Truck351604,1339,2656,4065,4248,183
Truck351622,1339,3331,4070,4248,178
Truck351763,3238,2655,4110,4248,138
Truck351899,2998,2656,4145,4248,103
Truck350631,2436,2822,3795,4249,454
Truck351170,2225,3331,3945,4249,304
Truck351411,2821,1339,4010,4249,239
Truck351498,3239,2224,4035,4249,214
Truck352128,3239,2437,4210,4249,39
Truck350173,1338,2822,3670,4250,580
Truck350449,3238,2436,3745,4250,505
Truck350685,2436,3122,3810,4250,440
Truck351295,3238,2821,3980,4250,270
Truck351383,3121,2821,4005,4250,245
Truck351580,2999,2821,4060,4250,190
Truck351884,2437,2821,4145,4250,105
Truck352004,2656,3121,4175,4251,76
Truck351807,2821,1338,4120,4252,132
Truck350029,1338,3238,3630,4253,623
Truck351515,2224,3239,4040,4253,213
Truck351750,3239,3122,4105,4253,148
Truck352148,2656,3239,4215,4253,38
Truck351396,0,3121,4010,4254,244
Truck351516,3239,2224,4040,4254,214
Truck352146,3239,2436,4215,4254,39
Truck350191,1338,2656,3675,4255,580
Truck351188,2225,2998,3950,4255,305
Truck351424,1339,2821,4015,4255,240
Truck350570,2437,1338,3780,4256,476
Truck351242,2225,1339,3965,4256,291
Truck351401,3121,2822,4010,4256,246
Truck351616,2999,0,4070,4256,186
Truck351902,2437,2998,4150,4256,106
Truck351420,3122,2821,4015,4257,242
Truck351825,2821,1338,4125,4257,132
Truck351966,3239,2822,4165,4257,92
Truck352042,2822,2224,4185,4257,72
Truck352252,1339,0,4245,4257,12
Truck351547,3238,3331,4050,4258,208
Truck351625,3331,0,4070,4258,188
Truck351658,1339,3331,4080,4258,178
Truck351665,2998,2225,4080,4258,178
Truck351346,2999,2436,3995,4259,264
Truck351676,1339,2999,4085,4259,174
Truck352164,3239,2436,4220,4259,39
Truck350209,1338,3239,3680,4260,580
Truck350595,2436,3331,3785,4260,475
Truck351636,3122,2656,4075,4260,185
Truck351920,2437,2224,4155,4260,105
Truck351407,2224,3121,4010,4261,251
Truck351784,1339,3239,4115,4261,146
Truck351794,2437,3121,4120,4261,141
Truck352040,2656,3121,4185,4261,76
Truck351224,2225,0,3960,4262,302
Truck351843,2821,2225,4130,4262,132
Truck351207,2436,3121,3955,4263,308
Truck351634,2999,2998,4075,4263,188
Truck351683,2998,1338,4085,4263,178
Truck351992,2437,3122,4175,4263,88
Truck351492,3122,3121,4035,4264,229
Truck351633,2655,2999,4075,4264,189
Truck350227,1338,3331,3685,4265,580
Truck350982,0,2224,3895,4265,370
Truck351460,1339,2821,4025,4265,240
Truck352075,3331,1338,4195,4265,70
Truck351278,2225,1339,3975,4266,291
Truck351414,0,2821,4015,4266,251
Truck351425,2224,2225,4015,4266,251
Truck351490,2999,3238,4035,4266,231
Truck351938,2437,2224,4160,4266,106
Truck352058,2656,1338,4190,4266,76
Truck352079,2998,2822,4195,4266,71
Truck350245,1338,0,3690,4267,577
Truck351332,2225,1338,3990,4267,277
Truck352078,2822,2224,4195,4267,72
Truck350757,2436,2655,3830,4268,438
Truck351279,2436,2999,3975,4268,293
Truck351701,2998,3121,4090,4268,178
Truck352218,3239,3331,4235,4268,33
Truck351692,2225,3121,4090,4269,179
Truck352030,2999,2437,4185,4269,84
Truck352200,3239,1338,4230,4269,39
Truck351880,2822,2437,4140,4270,130
Truck350667,2436,2224,3805,4271,466
Truck351042,3122,2224,3910,4271,361
Truck351432,0,2821,4020,4271,251
Truck351830,2437,3121,4130,4271,141
Truck351956,2437,2822,4165,4271,106
Truck352076,2656,2655,4195,4271,76
Truck351350,2225,1338,3995,4272,277
Truck351455,3121,3239,4025,4272,247
Truck351527,3121,3122,4045,4273,228
Truck351587,2224,3239,4060,4273,213
Truck351601,3238,3331,4065,4273,208
Truck351670,2999,3331,4085,4274,189
Truck351730,1339,2999,4100,4274,174
Truck352091,2224,2822,4200,4274,74
Truck350641,1338,2437,3800,4275,475
Truck351260,2225,2656,3970,4275,305
Truck351898,2822,2436,4145,4275,130
Truck352111,3331,2655,4205,4275,70
Truck351461,2224,2437,4025,4276,251
Truck351473,3121,3331,4030,4276,246
Truck351742,2999,3122,4105,4276,171
Truck352346,2656,3331,4270,4276,6
Truck351288,0,2998,3980,4277,297
Truck351368,2225,1338,4000,4277,277
Truck351733,3331,1339,4100,4277,177
Truck351974,2437,2998,4170,4277,107
Truck350125,3238,1338,3655,4278,623
Truck351331,3238,3121,3990,4278,288
Truck350281,1338,2822,3700,4279,579
Truck351687,2655,2999,4090,4279,189
Truck352236,3239,2999,4240,4279,39
Truck351387,2436,2999,4005,4280,275
Truck351656,2225,2437,4080,4280,200
Truck351881,2998,3239,4140,4280,140
Truck351916,2822,2999,4150,4280,130
Truck351947,2224,2821,4160,4280,120
Truck352129,3331,3121,4210,4280,70
Truck351491,3121,3331,4035,4281,246
Truck350811,2436,2998,3845,4282,437
Truck351348,3122,2998,3995,4282,287
Truck351915,2821,1338,4150,4282,132
Truck352158,3122,3238,4220,4282,62
Truck352167,2821,3331,4220,4282,62
Truck350829,2436,1338,3850,4283,433
Truck351167,3121,2436,3945,4283,338
Truck351643,3331,3238,4075,4283,208
Truck352000,1339,2655,4175,4283,108
Truck352022,2656,2998,4180,4283,103
Truck351706,2999,2998,4095,4284,189
Truck350299,1338,2822,3705,4285,580
Truck351296,2225,2656,3980,4285,305
Truck351377,2998,1339,4000,4285,285
Truck351509,3121,3331,4040,4285,245
Truck351674,2225,2437,4085,4285,200
Truck351872,2225,2436,4140,4285,145
Truck351969,2821,2224,4165,4285,120
Truck352147,3331,2999,4215,4285,70
Truck350679,2655,2436,3810,4286,476
Truck351724,2999,0,4100,4286,186
Truck351770,2656,2224,4110,4286,176
Truck352010,2437,2998,4180,4286,106
Truck352134,0,3238,4215,4286,71
Truck351782,2225,2436,4115,4287,172
Truck352202,2656,2821,4230,4287,57
Truck351766,1339,3331,4110,4288,178
Truck352021,3331,2998,4180,4288,108
Truck351314,2225,2655,3985,4289,304
Truck351761,3121,2225,4110,4289,179
Truck350319,2655,1338,3710,4290,580
Truck351388,1339,2998,4005,4290,285
Truck351952,2822,2437,4160,4290,130
Truck352137,2655,2656,4215,4290,75
Truck352155,2655,3331,4220,4290,70
Truck352159,3238,0,4220,4290,70
Truck351504,0,2821,4040,4291,251
Truck352028,2437,3331,4185,4291,106
Truck352259,2998,2821,4245,4291,46
Truck351137,2224,1339,3935,4293,358
Truck351818,2225,2436,4125,4293,168
Truck351944,2225,2436,4160,4293,133
Truck351540,0,3121,4050,4294,244
Truck350793,2436,2655,3840,4295,455
Truck351796,2999,1339,4120,4295,175
Truck352032,3122,2655,4185,4295,110
Truck350714,2437,1338,3820,4296,476
Truck351545,3121,2998,4050,4296,246
Truck351760,2999,0,4110,4296,186
Truck352046,2437,2655,4190,4296,106
Truck350877,2655,2436,3865,4297,432
Truck351001,1338,2999,3900,4297,397
Truck352114,2822,3239,4205,4297,92
Truck351809,2998,3121,4120,4298,178
Truck352326,3239,3331,4265,4298,33
Truck351171,2436,2437,3945,4299,354
Truck352181,2224,2822,4225,4299,74
Truck352308,3239,2436,4260,4299,39
Truck351155,2224,3122,3940,4300,360
Truck351814,2999,1339,4125,4300,175
Truck350732,2437,1338,3825,4301,476
Truck351551,2224,2437,4050,4301,251
Truck351928,1339,3239,4155,4301,146
Truck352064,2437,3239,4195,4301,106
Truck351777,2655,2999,4115,4302,187
Truck351834,3122,2999,4130,4302,172
Truck352204,2822,2998,4230,4302,72
Truck352229,3121,2999,4240,4302,62
Truck352256,2656,2821,4245,4302,57
Truck351581,3121,0,4060,4303,243
Truck351778,2999,2655,4115,4303,188
Truck351813,2655,2998,4125,4303,178
Truck350937,2436,3122,3880,4304,424
Truck351838,1339,2999,4130,4304,174
Truck352274,2656,2822,4250,4304,54
Truck350371,1338,2998,3725,4305,580
Truck352006,2822,2225,4175,4305,130
Truck352213,3238,0,4235,4305,70
Truck351579,2655,3121,4060,4306,246
Truck351946,1339,3239,4160,4306,146
Truck352082,2437,3331,4200,4306,106
Truck352206,0,3238,4235,4306,71
Truck352311,2821,2998,4260,4306,46
Truck352454,2656,3331,4300,4306,6
Truck351221,3121,2436,3960,4307,347
Truck351640,1339,3121,4075,4307,232
Truck351852,3122,2999,4135,4307,172
Truck352257,2821,3331,4245,4307,62
Truck350388,0,1338,3730,4308,578
Truck351841,3331,3122,4130,4308,178
Truck350883,2436,3122,3865,4309,444
Truck352083,2655,3122,4200,4309,109
Truck351359,2998,3238,3995,4310,315
Truck351386,2225,3331,4005,4310,305
Truck352024,2822,2437,4180,4310,130
Truck350389,1338,2821,3730,4311,581
Truck351431,2998,0,4015,4311,296
Truck352101,2655,2437,4205,4311,106
Truck352220,2656,2225,4235,4311,76
Truck351646,2822,1339,4075,4312,237
Truck352011,2655,2821,4180,4312,132
Truck352100,2437,2656,4205,4312,107
Truck352293,2821,2656,4255,4312,57
Truck352450,1339,0,4300,4312,12
Truck350461,1338,3122,3750,4313,563
Truck351457,3238,3121,4025,4313,288
Truck351751,3331,3238,4105,4313,208
Truck352118,2437,0,4210,4313,103
Truck351173,2224,0,3945,4314,369
Truck351854,2225,3121,4135,4314,179
Truck352362,3239,1338,4275,4314,39
Truck350407,1338,3331,3735,4315,580
Truck352245,2655,3331,4245,4315,70
Truck352255,3331,2436,4245,4315,70
Truck351404,2225,3331,4010,4316,306
Truck351984,3239,1339,4170,4316,146
Truck352238,2656,2999,4240,4316,76
Truck351888,3122,2999,4145,4317,172
Truck352041,2821,2655,4185,4317,132
Truck350269,3238,1338,3695,4318,623
Truck351474,3122,2225,4030,4318,288
Truck351689,3121,3122,4090,4318,228
Truck351936,0,3239,4160,4318,158
Truck352380,3239,2656,4280,4318,38
Truck350802,0,2436,3845,4319,474
Truck351832,2999,2821,4130,4319,189
Truck351892,1339,2999,4145,4319,174
Truck352303,3238,1339,4260,4319,59
Truck350425,1338,2224,3740,4320,580
Truck352095,2821,2224,4200,4320,120
Truck352136,2437,2998,4215,4320,105
Truck350804,2437,1338,3845,4321,476
Truck351351,2436,3121,3995,4321,326
Truck351623,2224,2437,4070,4321,251
Truck350865,2436,3331,3860,4322,462
Truck350901,2436,3331,3870,4322,452
Truck351635,3121,3331,4075,4322,247
Truck351654,3122,2821,4080,4322,242
Truck351877,3331,2224,4140,4322,182
Truck352309,3331,2821,4260,4322,62
Truck351315,2436,2437,3985,4323,338
Truck351574,2822,3238,4055,4323,268
Truck351707,3121,3122,4095,4323,228
Truck352154,2437,0,4220,4323,103
Truck352398,3239,2656,4285,4323,38
Truck350443,1338,3239,3745,4324,579
Truck350973,2436,3331,3890,4324,434
Truck351403,3238,2998,4010,4325,315
Truck351681,2821,3122,4085,4325,240
Truck351904,2999,1339,4150,4325,175
Truck352043,2998,3239,4185,4325,140
Truck352291,3331,2225,4255,4325,70
Truck351641,2224,1338,4075,4326,251
Truck351112,2999,1338,3930,4327,397
Truck351468,0,2998,4030,4327,297
Truck351653,3121,2822,4080,4327,247
Truck352208,2437,1339,4235,4327,92
Truck352294,2822,2998,4255,4327,72
Truck351664,2822,0,4080,4328,248
Truck351917,2998,2436,4150,4328,178
Truck350919,2436,3122,3875,4329,454
Truck351868,2999,2998,4140,4329,189
Truck350719,3238,2436,3820,4330,510
Truck351453,2655,2225,4025,4330,305
Truck351458,2225,2821,4025,4330,305
Truck351591,2821,3238,4060,4330,270
Truck351922,2999,1339,4155,4330,175
Truck352096,2822,1338,4200,4330,130
Truck352339,3238,3122,4270,4330,60
Truck350847,2436,3238,3855,4331,476
Truck351503,2998,0,4035,4331,296
Truck352172,2437,2656,4225,4331,106
Truck352401,2821,2998,4285,4331,46
Truck352494,0,3122,4315,4331,16
Truck350955,2436,2821,3885,4332,447
Truck351671,3121,3331,4085,4332,247
Truck352124,2225,2999,4210,4332,122
Truck352312,2822,2224,4260,4332,72
Truck351806,2656,3238,4120,4333,213
Truck351817,3238,3331,4125,4333,208
Truck351823,3331,3238,4125,4333,208
Truck352069,3238,2655,4195,4333,138
Truck352336,2999,3121,4270,4333,63
Truck351055,1338,2436,3915,4334,419
Truck351109,1338,2436,3930,4334,404
Truck351708,3122,2822,4095,4334,239
Truck351718,2822,3122,4095,4334,239
Truck351878,2656,0,4140,4334,194
Truck351886,2999,2821,4145,4334,189
Truck352173,2655,3122,4225,4334,109
Truck352307,2224,2822,4260,4334,74
Truck352434,3239,2999,4295,4334,39
Truck352145,2224,2821,4215,4335,120
Truck352149,2821,2224,4215,4335,120
Truck352327,3331,2437,4265,4335,70
Truck350479,1338,2821,3755,4336,581
Truck351666,0,2821,4085,4336,251
Truck352067,3121,2437,4195,4336,141
Truck352518,3122,0,4320,4336,16
Truck350481,2655,1338,3755,4337,582
Truck351960,3122,2999,4165,4337,172
Truck351953,2998,2655,4160,4338,178
Truck351726,3122,2822,4100,4339,239
Truck352325,2224,2998,4265,4339,74
Truck352331,2998,2224,4265,4339,74
Truck352378,1339,3238,4280,4339,59
Truck351467,2998,3238,4025,4340,315
Truck352089,2436,2225,4200,4340,140
Truck351548,2225,1339,4050,4341,291
Truck351550,1339,2225,4050,4341,291
Truck351705,2655,3121,4095,4341,246
Truck351965,2224,2656,4165,4341,176
Truck352439,2998,2821,4295,4341,46
Truck352536,3122,0,4325,4341,16
Truck351349,3238,2225,3995,4342,347
Truck351566,2225,3122,4055,4342,287
Truck351949,3331,2224,4160,4342,182
Truck352119,2655,2821,4210,4342,132
Truck352381,3331,2821,4280,4342,62
Truck352558,1339,0,4330,4342,12
Truck351563,3121,3238,4055,4343,288
Truck351567,2436,2999,4055,4343,288
Truck351839,2224,3239,4130,4343,213
Truck351967,3331,3122,4165,4343,178
Truck351971,2998,1338,4165,4343,178
Truck352226,2437,0,4240,4343,103
Truck352372,2999,3121,4280,4343,63
Truck352492,2822,2821,4310,4343,33
Truck351918,0,3331,4155,4344,189
Truck351982,1339,2999,4170,4344,174
Truck352349,2998,2224,4270,4344,74
Truck352418,2656,2822,4290,4344,54
Truck352470,3239,2655,4305,4344,39
Truck352150,2822,2655,4215,4345,130
Truck352363,3331,1338,4275,4345,70
Truck351006,3122,2436,3900,4346,446
Truck351725,3121,2822,4100,4346,246
Truck352110,3239,2998,4205,4346,141
Truck352598,2656,3331,4340,4346,6
Truck350578,1339,1338,3780,4347,567
Truck351367,3238,2225,4000,4347,347
Truck351530,2225,0,4045,4347,302
Truck351584,2225,3122,4060,4347,287
Truck351985,3331,1339,4170,4347,177
Truck352280,2437,1339,4255,4347,92
Truck352290,3239,2822,4255,4347,92
Truck351871,3238,3331,4140,4348,208
Truck351989,2998,2436,4170,4348,178
Truck352087,3238,2437,4200,4348,148
Truck352123,3238,2655,4210,4348,138
Truck352241,2998,3331,4240,4348,108
Truck351798,3122,3121,4120,4349,229
Truck351940,2999,2998,4160,4349,189
Truck352436,2656,2822,4295,4349,54
Truck352488,3239,2225,4310,4349,39
Truck351735,2821,0,4100,4350,250
Truck352168,2822,2436,4220,4350,130
Truck352188,0,2655,4230,4350,120
Truck352244,2437,2656,4245,4350,105
Truck350991,2436,0,3895,4351,456
Truck351731,2224,2655,4100,4351,251
Truck351743,3121,2822,4105,4351,246
Truck352608,3122,1339,4345,4351,6
Truck352616,2656,3331,4345,4351,6
Truck351199,1338,2999,3955,4352,397
Truck352298,2437,1339,4260,4352,92
Truck350605,1338,3122,3790,4353,563
Truck352003,3331,3122,4175,4353,178
Truck352007,2998,2655,4175,4353,178
Truck352062,0,3239,4195,4353,158
Truck352277,2998,2656,4250,4353,103
Truck352408,2999,3121,4290,4353,63
Truck351756,0,3121,4110,4354,244
Truck351995,3121,2225,4175,4354,179
Truck352432,1339,3238,4295,4354,59
Truck351759,2655,3121,4110,4355,245
Truck351958,2999,3239,4165,4355,190
Truck352186,2822,2999,4225,4355,130
Truck352221,2821,2224,4235,4355,120
Truck352248,3122,2655,4245,4355,110
Truck352262,2437,2822,4250,4355,105
Truck351749,2224,2999,4105,4356,251
Truck352019,2224,2656,4180,4356,176
Truck352139,3121,2437,4215,4356,141
Truck352382,2656,2225,4280,4356,76
Truck351009,2436,3239,3900,4357,457
Truck351808,2822,1339,4120,4357,237
Truck351820,1339,3121,4125,4357,232
Truck352092,3239,0,4200,4357,157
Truck352185,2821,2225,4225,4357,132
Truck351779,3121,0,4115,4358,243
Truck351976,2999,2656,4170,4358,188
Truck352025,2998,2999,4180,4358,178
Truck351263,2224,3238,3970,4359,389
Truck352403,2998,2224,4285,4359,74
Truck350569,1338,2656,3780,4360,580
Truck351371,2224,3122,4000,4360,360
Truck351529,3238,2998,4045,4360,315
Truck352417,3331,2225,4290,4360,70
Truck351688,2999,2436,4090,4361,271
Truck352400,2656,2655,4285,4361,76
Truck351422,2225,3238,4015,4362,347
Truck351833,3121,1339,4130,4362,232
Truck352203,2821,2225,4230,4362,132
Truck352232,2225,2999,4240,4362,122
Truck352342,1339,2437,4270,4362,92
Truck352472,2656,2821,4305,4362,57
Truck351637,3238,3121,4075,4363,288
Truck352039,3331,3122,4185,4363,178
Truck352177,3238,2655,4225,4363,138
Truck350646,3122,1338,3800,4364,564
Truck351353,2224,0,3995,4364,369
Truck352031,3121,2225,4185,4364,179
Truck352542,3239,2437,4325,4364,39
Truck351853,3238,2999,4135,4365,230
Truck351994,2999,2821,4175,4365,190
Truck352014,3122,2656,4180,4365,185
Truck352222,2822,2655,4235,4365,130
Truck352242,0,2655,4245,4365,120
Truck352253,2224,2821,4245,4365,120
Truck351797,3121,2998,4120,4366,246
Truck352051,3238,3239,4190,4366,176
Truck352055,2224,2656,4190,4366,176
Truck352182,3239,2998,4225,4366,141
Truck352662,3122,1339,4360,4366,6
Truck352669,3331,2656,4360,4366,6
Truck351727,3238,2822,4100,4367,267
Truck352056,3239,3238,4190,4367,177
Truck352464,3122,3238,4305,4367,62
Truck352581,2821,2822,4335,4367,32
Truck351943,3238,3331,4160,4368,208
Truck352061,2998,2999,4190,4368,178
Truck352306,1339,2655,4260,4368,108
Truck352314,0,2437,4265,4368,103
Truck351765,2436,2999,4110,4369,259
Truck352508,2656,2822,4315,4369,54
Truck351575,2998,3238,4055,4370,315
Truck351602,2225,2655,4065,4370,305
Truck352316,2437,2655,4265,4370,105
Truck352453,3331,3121,4300,4370,70
Truck351703,1338,2225,4095,4371,276
Truck351803,2224,2225,4120,4371,251
Truck352545,2821,2998,4325,4371,46
Truck350623,1338,0,3795,4372,577
Truck351745,3238,2822,4105,4372,267
Truck352239,2821,1338,4240,4372,132
Truck352456,2822,2224,4300,4372,72
Truck351090,0,2436,3925,4373,448
Truck351168,3122,2436,3945,4373,428
Truck351181,1338,2436,3950,4373,423
Truck352209,2655,3238,4235,4373,138
Truck352480,2999,3121,4310,4373,63
Truck352578,3239,2656,4335,4373,38
Truck351077,3121,1338,3920,4374,454
Truck351243,2436,1338,3965,4374,409
Truck351389,2224,0,4005,4374,369
Truck351620,2225,3239,4070,4374,304
Truck352383,2821,3239,4280,4374,94
Truck351861,2821,3122,4135,4375,240
Truck352471,3331,1338,4305,4375,70
Truck352528,2822,2656,4320,4375,55
Truck351874,1339,2822,4140,4376,236
Truck351476,2225,3238,4030,4377,347
Truck352334,2437,3239,4270,4377,107
Truck351135,2436,3239,3935,4378,443
Truck351772,2822,3238,4110,4378,268
Truck351905,3121,3122,4150,4378,228
Truck351979,3238,3331,4170,4378,208
Truck352057,3331,0,4190,4378,188
Truck352090,1339,3331,4200,4378,178
Truck352194,3122,3239,4230,4378,148
Truck350700,3122,1338,3815,4379,564
Truck351078,3122,2436,3920,4380,460
Truck351638,2225,3239,4075,4380,305
Truck352048,2999,2655,4190,4380,190
Truck352276,2822,3121,4250,4380,130
Truck352352,2437,2998,4275,4380,105
Truck350643,2655,1338,3800,4381,581
Truck351828,0,2821,4130,4381,251
Truck352674,0,3122,4365,4381,16
Truck351648,0,2225,4080,4383,303
Truck352353,2655,1339,4275,4383,108
Truck350718,3122,1338,3820,4384,564
Truck351235,1338,2436,3965,4384,419
Truck352066,2999,2998,4195,4384,189
Truck352543,3331,2822,4325,4384,59
Truck350659,1338,3239,3805,4385,580
Truck350661,2655,1338,3805,4385,580
Truck351153,2436,3122,3940,4385,445
Truck351619,3238,2998,4070,4385,315
Truck352416,3239,2821,4290,4385,95
Truck351189,2436,1338,3950,4386,436
Truck351846,0,2821,4135,4386,251
Truck351869,3121,3239,4140,4386,246
Truck352138,2999,3122,4215,4386,171
Truck351325,1338,2999,3990,4387,397
Truck351684,0,2998,4090,4387,297
Truck350515,1338,3238,3765,4388,623
Truck350731,1338,3122,3825,4388,563
Truck351887,3121,0,4145,4388,243
Truck352015,3238,3331,4180,4388,208
Truck352084,2999,2998,4200,4388,188
Truck352126,1339,3331,4210,4388,178
Truck352133,2998,1338,4210,4388,178
Truck351942,3122,3121,4160,4389,229
Truck352002,3239,2224,4175,4389,214
Truck352112,2656,3122,4205,4389,184
Truck352144,1339,2999,4215,4389,174
Truck352437,2821,3239,4295,4389,94
Truck350677,1338,3239,3810,4390,580
Truck351748,1339,2998,4105,4390,285
Truck352332,0,2655,4270,4390,120
Truck352388,2437,2998,4285,4390,105
Truck352497,2655,2656,4315,4390,75
Truck351117,2436,2655,3930,4391,461
Truck351719,2998,0,4095,4391,296
Truck352098,0,2999,4205,4391,186
Truck352272,3239,2998,4250,4391,141
Truck351837,2436,2999,4130,4392,262
Truck351941,3121,1339,4160,4392,232
Truck352738,1339,0,4380,4392,12
Truck350533,1338,3238,3770,4393,623
Truck351099,2436,2821,3925,4393,468
Truck351495,2436,2437,4035,4393,358
Truck352254,3239,3122,4245,4393,148
Truck352404,0,2437,4290,4393,103
Truck351934,2822,3122,4155,4394,239
Truck352094,2656,0,4200,4394,194
Truck350695,1338,2822,3815,4395,580
Truck352102,2999,2822,4205,4395,190
Truck352330,2822,2436,4265,4395,130
Truck352452,3239,2821,4300,4395,95
Truck352600,2822,2656,4340,4395,55
Truck352526,2656,2655,4320,4396,76
Truck351762,3122,2998,4110,4397,287
Truck351924,3122,2821,4155,4397,242
Truck352406,2437,3331,4290,4397,107
Truck352572,3122,3238,4335,4397,62
Truck352756,1339,0,4385,4397,12
Truck352169,2998,2999,4220,4398,178
Truck352407,2655,1339,4290,4398,108
Truck352414,1339,2655,4290,4398,108
Truck352421,2998,3331,4290,4398,108
Truck350772,3122,1338,3835,4399,564
Truck351063,2436,3238,3915,4399,484
Truck351154,1339,2436,3940,4399,459
Truck351163,1338,3121,3945,4399,454
Truck351978,3122,3121,4170,4399,229
Truck350713,1338,3239,3820,4400,580
Truck351477,2436,2437,4030,4400,370
Truck351710,2225,3239,4095,4400,305
Truck352348,2822,3121,4270,4400,130
Truck351755,2998,0,4105,4401,296
Truck351911,2224,2437,4150,4401,251
Truck351923,3121,3331,4155,4401,246
Truck352796,2656,3331,4395,4401,6
Truck351379,1338,2999,4005,4402,397
Truck352163,2224,3331,4220,4402,182
Truck352165,3331,2224,4220,4402,182
Truck352347,2821,2225,4270,4402,132
Truck351781,3238,3121,4115,4403,288
Truck351996,3122,3121,4175,4404,229
Truck352322,2225,2436,4265,4404,139
Truck352491,2821,3239,4310,4404,94
Truck351728,2225,2655,4100,4405,305
Truck351933,2821,0,4155,4405,250
Truck352366,2822,2436,4275,4405,130
Truck352579,3331,2655,4335,4405,70
Truck351773,2998,0,4110,4406,296
Truck351929,2224,1338,4155,4406,251
Truck352442,2437,2224,4300,4406,106
Truck350794,1339,1338,3840,4407,567
Truck352183,3331,2224,4225,4407,182
Truck350587,1338,3238,3785,4408,623
Truck352205,2998,2999,4230,4408,178
Truck352443,2655,1339,4300,4408,108
Truck352458,0,2437,4305,4408,103
Truck352475,2998,2656,4305,4408,103
Truck352722,3239,3331,4375,4408,33
Truck351439,3238,2224,4020,4409,389
Truck351443,2224,3238,4020,4409,389
Truck352156,2999,2998,4220,4409,189
Truck352184,2656,3122,4225,4409,184
Truck352216,1339,2999,4235,4409,174
Truck351746,2225,2655,4105,4410,305
Truck352384,2822,2655,4280,4410,130
Truck352419,2821,2224,4290,4410,120
Truck352569,2655,2656,4335,4410,75
Truck352597,3331,2225,4340,4410,70
Truck351252,0,2436,3970,4411,441
Truck351939,2655,2224,4160,4411,251
Truck351959,3121,2656,4165,4411,246
Truck352012,2999,3238,4180,4411,231
Truck352344,3239,2998,4270,4411,141
Truck352460,2437,2821,4305,4411,106
Truck352580,2656,2437,4335,4411,76
Truck352810,1339,0,4400,4412,12
Truck352198,1339,2656,4230,4413,183
Truck352321,3238,2437,4265,4413,148
Truck351533,2224,0,4045,4414,369
Truck352166,2656,0,4220,4414,194
Truck352174,2999,2998,4225,4414,189
Truck350767,1338,3239,3835,4415,580
Truck351522,0,2224,4045,4415,370
Truck351737,2998,3238,4100,4415,315
Truck351764,2225,2224,4110,4415,305
Truck351975,2655,3121,4170,4415,245
Truck351977,3121,2655,4170,4415,245
Truck352033,3238,2999,4185,4415,230
Truck352402,2822,2437,4285,4415,130
Truck352615,3331,1338,4345,4415,70
Truck351845,2998,3122,4130,4416,286
Truck351792,0,2998,4120,4417,297
Truck352761,2821,2822,4385,4417,32
Truck351774,0,2225,4115,4418,303
Truck351990,0,3121,4175,4419,244
Truck352023,2821,1339,4180,4419,239
Truck352613,2224,2822,4345,4419,74
Truck350785,1338,2224,3840,4420,580
Truck352192,2999,3331,4230,4420,190
Truck352212,3122,2656,4235,4420,185
Truck351164,2437,1338,3945,4421,476
Truck351244,1339,2436,3965,4421,456
Truck352496,2437,2224,4315,4421,106
Truck352868,2656,3331,4415,4421,6
Truck350848,1339,1338,3855,4422,567
Truck351693,2436,2437,4090,4422,332
Truck352210,2999,3239,4235,4423,188
Truck352234,1339,2656,4240,4423,183
Truck352507,3331,2998,4315,4423,108
Truck352749,2655,3239,4385,4423,38
Truck352631,2224,2998,4350,4424,74
Truck350803,1338,2655,3845,4425,580
Truck351800,2225,2656,4120,4425,305
Truck352013,3121,2998,4180,4425,245
Truck352036,1339,2821,4185,4425,240
Truck352438,2822,2436,4295,4425,130
Truck352651,3331,2999,4355,4425,70
Truck351045,2436,3238,3910,4426,516
Truck351795,2655,2225,4120,4426,306
Truck352001,2224,2655,4175,4426,251
Truck352634,2656,2437,4350,4426,76
Truck350821,1338,0,3850,4427,577
Truck351657,2436,3121,4080,4427,347
Truck352466,2225,2999,4305,4427,122
Truck352582,2822,3239,4335,4427,92
Truck351225,2436,0,3960,4428,468
Truck352273,3331,3122,4250,4428,178
Truck352370,2437,3238,4280,4428,148
Truck352411,3238,2655,4290,4428,138
Truck352522,1339,2655,4320,4428,108
Truck352778,2656,3239,4390,4428,38
Truck351511,3238,2224,4040,4429,389
Truck352059,2821,1339,4190,4429,239
Truck352228,2999,3331,4240,4429,189
Truck352776,3239,2437,4390,4429,39
Truck351081,2436,3238,3920,4430,510
Truck352054,1339,2821,4190,4430,240
Truck352699,3238,3122,4370,4430,60
Truck351200,2437,1338,3955,4431,476
Truck350884,1339,1338,3865,4432,567
Truck351890,2225,3122,4145,4432,287
Truck352455,2821,1338,4300,4432,132
Truck352596,3239,2822,4340,4432,92
Truck352725,2821,2656,4375,4432,57
Truck351423,2436,3122,4015,4433,418
Truck352562,2656,2998,4330,4433,103
Truck352604,2437,3122,4345,4433,88
Truck350839,1338,2655,3855,4434,579
Truck351747,2436,3121,4105,4434,329
Truck352044,0,3121,4190,4434,244
Truck352068,3122,2822,4195,4434,239
Truck352246,2999,3239,4245,4434,189
Truck352794,3239,2437,4395,4434,39
Truck351333,2436,0,3990,4435,445
Truck352474,2822,3121,4305,4435,130
Truck352509,2821,2224,4315,4435,120
Truck352550,2437,2655,4330,4435,105
Truck352687,3331,2437,4365,4435,70
Truck352026,0,2821,4185,4436,251
Truck352029,2655,2224,4185,4436,251
Truck352049,3121,2224,4190,4436,246
Truck352424,2437,3121,4295,4436,141
Truck352914,3122,1339,4430,4436,6
Truck350857,1338,0,3860,4437,577
Truck352723,3331,2821,4375,4437,62
Truck350701,3238,1338,3815,4438,623
Truck351988,2822,3238,4170,4438,268
Truck352060,2822,0,4190,4438,248
Truck352263,2655,2999,4250,4438,188
Truck352640,2437,2999,4355,4438,83
Truck351307,1338,3121,3985,4439,454
Truck352260,0,3331,4250,4439,189
Truck352264,2999,2656,4250,4439,189
Truck352479,2655,2822,4310,4439,129
Truck351815,3121,2436,4125,4440,315
Truck352614,3239,2821,4345,4440,95
Truck352695,2655,3331,4370,4440,70
Truck352705,3331,2999,4370,4440,70
Truck352568,2437,2656,4335,4441,106
Truck352688,2656,1338,4365,4441,76
Truck351882,0,2998,4145,4442,297
Truck352630,1339,2437,4350,4442,92
Truck351925,3238,3121,4155,4443,288
Truck352219,3331,3238,4235,4443,208
Truck352310,2656,1339,4260,4443,183
Truck352576,1339,2655,4335,4443,108
Truck351569,2224,3238,4055,4444,389
Truck352660,2999,2437,4360,4444,84
Truck352830,3239,2999,4405,4444,39
Truck352077,2821,0,4195,4445,250
Truck352510,2822,2999,4315,4445,130
Truck352530,0,2655,4325,4445,120
Truck352717,3238,0,4375,4445,70
Truck352753,3238,3122,4385,4445,60
Truck350875,1338,3331,3865,4446,581
Truck351672,3122,2224,4085,4446,361
Truck352073,2224,2437,4195,4446,251
Truck352085,3121,2224,4200,4446,246
Truck352752,3122,3238,4385,4447,62
Truck351405,2436,3122,4010,4448,438
Truck352237,3331,3238,4240,4448,208
Truck352300,2999,3331,4260,4448,188
Truck352594,1339,2655,4340,4448,108
Truck352619,2998,2656,4345,4448,103
Truck352839,2655,3239,4410,4448,38
Truck350893,1338,2821,3870,4449,579
Truck351885,2655,2225,4145,4449,304
Truck352132,2822,3122,4210,4449,239
Truck352292,2656,0,4255,4449,194
Truck352328,2656,3122,4265,4449,184
Truck351695,2224,3122,4090,4450,360
Truck352320,3122,2656,4265,4450,185
Truck352731,2655,3331,4380,4450,70
Truck352741,3331,2437,4380,4450,70
Truck350947,1338,1339,3885,4451,566
Truck352103,3121,2655,4205,4451,246
Truck352364,2656,2224,4275,4451,176
Truck352724,2656,1338,4375,4451,76
Truck350956,1339,1338,3885,4452,567
Truck352317,2655,2999,4265,4452,187
Truck352345,3331,2224,4270,4452,182
Truck352374,3122,2999,4280,4452,172
Truck352527,2821,2999,4320,4452,132
Truck352744,2822,2224,4380,4452,72
Truck352367,2998,3121,4275,4453,178
Truck352431,2436,2225,4295,4453,158
Truck352612,1339,2655,4345,4453,108
Truck351740,2437,2436,4105,4454,349
Truck352318,2999,3331,4265,4454,189
Truck352533,2655,2822,4325,4454,129
Truck352792,1339,3238,4395,4454,59
Truck352866,3239,2225,4415,4454,39
Truck352990,1339,3122,4450,4454,4
Truck351908,2225,2656,4150,4455,305
Truck352113,2821,0,4205,4455,250
Truck352546,2822,2655,4325,4455,130
Truck352622,2437,2655,4350,4455,105
Truck352759,3331,1338,4385,4455,70
Truck351962,2225,1339,4165,4456,291
Truck351964,1339,2225,4165,4456,291
Truck352121,3121,2822,4210,4456,246
Truck352506,3239,2998,4315,4456,141
Truck352993,3331,2656,4450,4456,6
Truck351441,2436,2822,4020,4457,437
Truck352392,3122,2999,4285,4457,172
Truck352371,2655,2998,4280,4458,178
Truck352385,2998,2999,4280,4458,178
Truck352633,3331,2998,4350,4458,108
Truck352712,2437,2999,4375,4458,83
Truck352884,3239,2656,4420,4458,38
Truck350988,3122,1338,3895,4459,564
Truck351360,0,2436,4000,4459,459
Truck351369,2436,1339,4000,4459,459
Truck351514,1339,2436,4040,4459,419
Truck351926,2225,2655,4155,4459,304
Truck352131,2821,0,4210,4460,250
Truck352777,3331,2999,4390,4460,70
Truck350929,1338,2224,3880,4461,581
Truck351980,2225,1339,4170,4461,291
Truck352127,2224,2655,4210,4461,251
Truck352350,0,2999,4275,4461,186
Truck351598,2999,1338,4065,4462,397
Truck352399,3331,1339,4285,4462,177
Truck352563,2821,3121,4330,4462,132
Truck352211,3121,3122,4235,4463,228
Truck352354,2999,2224,4275,4463,188
Truck352389,2655,2998,4285,4463,178
Truck352394,2225,3121,4285,4464,179
Truck352902,3239,2225,4425,4464,39
Truck352795,3331,2225,4395,4465,70
Truck351297,2436,3238,3980,4466,486
Truck351326,2437,1338,3990,4466,476
Truck352157,3121,3239,4220,4466,246
Truck352658,2437,2656,4360,4466,106
Truck352834,2822,3331,4405,4466,61
Truck353030,2656,3331,4460,4466,6
Truck352176,3122,2821,4225,4467,242
Truck352941,2821,2822,4435,4467,32
Truck352514,2437,3238,4320,4468,148
Truck352565,2998,3239,4330,4470,140
Truck351344,2437,1338,3995,4471,476
Truck351957,2655,2225,4165,4471,306
Truck352175,3121,2656,4225,4471,246
Truck353047,3331,2656,4465,4471,6
Truck352105,3238,2822,4205,4472,267
Truck352599,2821,2655,4340,4472,132
Truck352740,3239,2822,4380,4472,92
Truck352842,3122,3238,4410,4472,62
Truck352851,2821,3331,4410,4472,62
Truck351037,1338,3122,3910,4473,563
Truck351677,2224,3238,4085,4474,389
Truck351812,2437,2436,4125,4474,349
Truck350983,1338,3331,3895,4475,580
Truck351549,2436,3122,4050,4475,425
Truck351785,2224,3122,4115,4475,360
Truck352390,2999,2224,4285,4475,190
Truck352831,3331,3121,4405,4475,70
Truck351399,2655,2436,4010,4476,466
Truck352034,2225,1339,4185,4476,291
Truck352835,2998,2822,4405,4476,71
Truck351652,2999,1338,4080,4477,397
Truck351836,2225,3238,4130,4477,347
Truck351595,1338,2436,4065,4478,413
Truck352512,0,3239,4320,4478,158
Truck352727,2998,2656,4375,4478,103
Truck352858,2999,3121,4415,4478,63
Truck352958,2656,3239,4440,4478,38
Truck351998,2225,3331,4175,4479,304
Truck352240,2822,3122,4240,4479,239
Truck352428,3122,2656,4295,4480,185
Truck352636,2822,2999,4350,4480,130
Truck352191,2655,2224,4230,4481,251
Truck352199,2224,3121,4230,4481,251
Truck352888,2822,3331,4420,4481,61
Truck352141,3238,2822,4215,4482,267
Truck352258,2822,1339,4245,4482,237
Truck352435,3331,0,4295,4483,188
Truck352574,2225,2436,4335,4483,148
Truck352605,2655,3238,4345,4483,138
Truck352742,2656,2998,4380,4483,103
Truck352284,3122,3121,4255,4484,229
Truck352426,2999,2224,4295,4484,189
Truck351019,1338,2998,3905,4485,580
Truck351397,1338,2437,4010,4485,475
Truck352097,2998,1339,4200,4485,285
Truck352654,2822,2436,4355,4485,130
Truck352867,3331,2225,4415,4485,70
Truck352016,2225,3331,4180,4486,306
Truck352217,2224,2436,4235,4486,251
Truck352270,1339,2822,4250,4486,236
Truck352444,2999,0,4300,4486,186
Truck352490,2656,2224,4310,4486,176
Truck352850,2656,3121,4410,4486,76
Truck353052,0,3122,4470,4486,16
Truck352086,3122,2998,4200,4487,287
Truck352489,3331,1339,4310,4487,177
Truck352560,3239,0,4330,4487,157
Truck352653,2821,2999,4355,4487,132
Truck352301,3121,3122,4260,4488,228
Truck352357,3238,2656,4275,4488,213
Truck352548,0,3239,4330,4488,158
Truck352586,2437,3238,4340,4488,148
Truck352983,2655,3239,4450,4488,38
Truck352806,3122,2437,4400,4489,89
Truck352992,3239,3121,4450,4489,39
Truck352115,2998,1339,4205,4490,285
Truck352734,3122,2655,4380,4490,110
Truck352885,3331,1338,4420,4490,70
Truck351459,2436,2998,4025,4491,466
Truck352235,2224,2999,4240,4491,251
Truck352247,3121,2656,4245,4491,246
Truck352288,1339,2822,4255,4491,236
Truck351564,3122,2436,4055,4492,437
Truck351889,3238,2225,4145,4492,347
Truck352671,2821,2436,4360,4492,132
Truck352802,2437,1339,4400,4492,92
Truck351857,2224,1339,4135,4493,358
Truck352462,2999,2821,4305,4493,188
Truck351114,3122,1338,3930,4494,564
Truck352933,3238,1339,4435,4494,59
Truck352875,2655,2656,4420,4495,75
Truck352903,3331,2225,4425,4495,70
Truck352108,1339,2225,4205,4496,291
Truck352120,2999,2436,4210,4496,286
Truck352476,0,2999,4310,4496,186
Truck352519,3238,3239,4320,4496,176
Truck352766,2437,2821,4390,4496,106
Truck353094,3122,0,4480,4496,16
Truck351118,1339,1338,3930,4497,567
Truck352080,0,2998,4200,4497,297
Truck352524,3239,3238,4320,4497,177
Truck352906,2822,2224,4425,4497,72
Truck350911,1338,3238,3875,4498,623
Truck351486,0,2436,4035,4498,463
Truck352504,1339,2656,4315,4498,183
Truck352774,1339,2655,4390,4498,108
Truck351603,2436,2655,4065,4499,434
Truck352070,2225,2224,4195,4499,304
Truck353028,3239,2999,4460,4499,39
Truck353152,1339,3122,4495,4499,4
Truck351073,1338,2998,3920,4500,580
Truck352275,2821,0,4250,4500,250
Truck352708,2822,2437,4370,4500,130
Truck352151,2998,3122,4215,4501,286
Truck352271,2224,1338,4250,4501,251
Truck352283,3121,3331,4255,4501,246
Truck352324,1339,2822,4265,4501,236
Truck352904,2656,2999,4425,4501,76
Truck353155,3331,2656,4495,4501,6
Truck351612,0,2436,4070,4502,432
Truck352784,2437,2224,4395,4502,107
Truck351893,2224,1339,4145,4503,358
Truck352140,3122,2225,4215,4503,288
Truck352498,2999,2224,4315,4503,188
Truck352540,1339,3331,4325,4503,178
Truck352547,2998,2225,4325,4503,178
Truck352296,0,3121,4260,4504,244
Truck352329,2821,3122,4265,4505,240
Truck352726,2822,2655,4375,4505,130
Truck352939,3331,2436,4435,4505,70
Truck351091,1338,3239,3925,4506,581
Truck351531,2436,3239,4045,4506,461
Truck352088,2225,2655,4200,4506,306
Truck352281,2655,2224,4255,4506,251
Truck352289,2224,2999,4255,4506,251
Truck352555,3238,3239,4330,4506,176
Truck352116,0,2998,4210,4507,297
Truck352282,2999,2436,4255,4507,252
Truck352319,3121,0,4265,4508,243
Truck352663,3238,2437,4360,4508,148
Truck351799,3238,2224,4120,4509,389
Truck352106,2225,2822,4205,4509,304
Truck352878,3122,2437,4420,4509,89
Truck352231,3238,2821,4240,4510,270
Truck352478,2437,2225,4310,4510,200
Truck352516,2999,2822,4320,4510,190
Truck352764,0,2655,4390,4510,120
Truck352947,2655,3331,4440,4510,70
Truck352162,1339,2225,4220,4511,291
Truck352207,1338,2225,4235,4511,276
Truck353142,0,3122,4495,4511,16
Truck352373,3121,1339,4280,4512,232
Truck352561,3331,2224,4330,4512,182
Truck352743,2821,2655,4380,4512,132
Truck352583,2998,2436,4335,4513,178
Truck352828,1339,2655,4405,4513,108
Truck351821,2224,3238,4125,4514,389
Truck352365,2821,1339,4275,4514,239
Truck352534,2999,2998,4325,4514,189
Truck352912,2999,2437,4430,4514,84
Truck353008,1339,3238,4455,4514,59
Truck351127,1338,2655,3935,4515,580
Truck352337,3121,2655,4270,4515,245
Truck352360,1339,2821,4275,4515,240
Truck352782,0,2655,4395,4515,120
Truck352969,3238,0,4445,4515,70
Truck352975,3331,2437,4445,4515,70
Truck351513,2436,2822,4040,4516,476
Truck351981,2436,2437,4170,4516,346
Truck352595,2224,2656,4340,4516,176
Truck352606,2999,3122,4345,4516,171
Truck352892,2437,1339,4425,4517,92
Truck353121,2821,2822,4485,4517,32
Truck352409,3121,3122,4290,4518,228
Truck352601,2998,3121,4340,4518,178
Truck352704,3239,3122,4370,4518,148
Truck352854,0,2437,4415,4518,103
Truck353002,2999,3121,4455,4518,63
Truck351599,3121,1338,4065,4519,454
Truck352592,2225,3121,4340,4519,179
Truck353100,3239,2225,4480,4519,39
Truck351145,1338,2821,3940,4520,580
Truck352142,2225,3331,4215,4520,305
Truck352267,3238,2821,4250,4520,270
Truck352780,2822,2999,4390,4520,130
Truck352987,3238,0,4450,4520,70
Truck353023,3238,3122,4460,4520,60
Truck352187,2998,0,4225,4521,296
Truck352196,2225,1339,4230,4521,291
Truck352976,2656,2437,4445,4521,76
Truck351997,3238,2225,4175,4522,347
Truck352686,3239,0,4365,4522,157
Truck353021,3121,2999,4460,4522,62
Truck353029,3331,2821,4460,4522,62
Truck352483,3238,2656,4310,4523,213
Truck352874,2437,0,4420,4523,103
Truck352928,2437,3122,4435,4523,88
Truck352821,2655,0,4405,4524,119
Truck352991,2224,2998,4450,4524,74
Truck353118,3239,2655,4485,4524,39
Truck351675,2436,1339,4085,4525,440
Truck352570,2999,2998,4335,4525,190
Truck352590,3122,2656,4340,4525,185
Truck352798,2822,2999,4395,4525,130
Truck352160,2225,2655,4220,4526,306
Truck352361,2224,3121,4275,4526,251
Truck352627,3238,3239,4350,4526,176
Truck352642,2999,3122,4355,4526,171
Truck352748,2437,3121,4385,4526,141
Truck352751,3121,2437,4385,4526,141
Truck351226,1339,1338,3960,4527,567
Truck352587,2655,2999,4340,4527,187
Truck352632,3239,3238,4350,4527,177
Truck352797,2821,2225,4395,4527,132
Truck352942,2822,3239,4435,4527,92
Truck352230,3122,2225,4240,4528,288
Truck352525,3331,3238,4320,4528,208
Truck352588,2999,3239,4340,4528,188
Truck352637,2998,2999,4350,4528,178
Truck353158,2822,2821,4495,4528,33
Truck353009,2224,2998,4455,4529,74
Truck353136,3239,3121,4490,4529,39
Truck351183,2655,1338,3950,4530,580
Truck352178,2225,2821,4225,4530,305
Truck352223,2998,0,4235,4531,296
Truck352279,1338,2225,4255,4531,276
Truck352368,0,2821,4280,4531,251
Truck352391,3121,2998,4285,4531,246
Truck352602,0,2999,4345,4531,186
Truck353264,2656,3331,4525,4531,6
Truck351850,2999,1338,4135,4532,397
Truck353173,3331,3239,4500,4532,32
Truck351585,2436,2821,4060,4533,473
Truck351630,0,2436,4075,4533,458
Truck352648,1339,3331,4355,4533,178
Truck352982,2437,2999,4450,4533,83
Truck353176,2822,2821,4500,4533,33
Truck353154,3239,2436,4495,4534,39
Truck352397,2224,2225,4285,4536,251
Truck352052,2225,3238,4190,4537,347
Truck352214,2225,0,4235,4537,302
Truck352668,3239,3238,4360,4537,177
Truck352737,2436,2225,4380,4537,157
Truck352833,2821,2436,4405,4537,132
Truck352910,2437,3331,4430,4537,107
Truck353075,3121,2999,4475,4537,62
Truck353193,2821,2822,4505,4537,32
Truck352266,3122,2225,4250,4538,288
Truck352420,2822,0,4290,4538,248
Truck352427,3121,0,4295,4538,243
Truck352544,2656,3238,4325,4538,213
Truck352624,2999,2998,4350,4538,188
Truck352673,2998,2225,4360,4538,178
Truck351983,2224,0,4170,4539,369
Truck352986,3122,2437,4450,4539,89
Truck353098,1339,3238,4480,4539,59
Truck351217,1338,3331,3960,4540,580
Truck351819,2436,1338,4125,4540,415
Truck352295,2998,1339,4255,4540,285
Truck353065,3331,2655,4470,4540,70
Truck352415,2224,2437,4290,4541,251
Truck353048,2656,3121,4465,4541,76
Truck353069,2998,2822,4470,4541,71
Truck353157,2821,2998,4495,4541,46
Truck352758,3239,0,4385,4542,157
Truck352880,2225,2999,4420,4542,122
Truck353093,3121,2999,4480,4542,62
Truck353209,3331,3239,4510,4542,32
Truck351639,2436,2224,4075,4543,468
Truck351729,2436,2998,4100,4543,443
Truck352285,3238,3121,4255,4543,288
Truck352666,1339,2656,4360,4543,183
Truck352684,1339,3331,4365,4543,178
Truck352691,2998,2436,4365,4543,178
Truck352946,2437,0,4440,4543,103
Truck353190,3239,2656,4505,4543,38
Truck352440,0,3121,4300,4544,244
Truck352473,2821,1339,4305,4544,239
Truck352670,2656,3122,4360,4544,184
Truck353138,2656,2822,4490,4544,54
Truck352620,0,2656,4350,4545,195
Truck352870,2822,3121,4415,4545,130
Truck352901,2224,2821,4425,4545,120
Truck352313,2998,3122,4260,4546,286
Truck352433,2224,2999,4295,4546,251
Truck352445,3121,3239,4300,4546,246
Truck353066,2656,2655,4470,4546,76
Truck353177,2998,2821,4500,4546,46
Truck352304,2225,3122,4260,4547,287
Truck352869,2821,2999,4415,4547,132
Truck353010,3239,2822,4455,4547,92
Truck353014,2822,3239,4455,4547,92
Truck352709,2998,1338,4370,4548,178
Truck352964,2437,0,4445,4548,103
Truck351711,2436,2655,4095,4549,454
Truck352250,2225,2656,4245,4549,304
Truck352652,2656,0,4355,4549,194
Truck352697,3121,2225,4370,4549,179
Truck353038,2999,2437,4465,4549,84
Truck351253,1338,2822,3970,4550,580
Truck352008,0,2224,4180,4550,370
Truck352680,3122,2656,4365,4550,185
Truck352853,2998,3239,4410,4550,140
Truck353101,3331,1338,4480,4550,70
Truck351744,3122,2436,4105,4551,446
Truck352965,2655,2437,4445,4551,106
Truck353084,2656,2999,4475,4551,76
Truck353335,3331,2656,4545,4551,6
Truck352161,2436,2437,4220,4552,332
Truck352393,3238,2822,4285,4552,267
Truck352916,2225,2999,4430,4552,122
Truck352481,3121,0,4310,4553,243
Truck352677,2655,2999,4365,4553,188
Truck352702,1339,2656,4370,4553,183
Truck352706,2656,1339,4370,4553,183
Truck353128,2999,3121,4490,4553,63
Truck353244,3239,3331,4520,4553,33
Truck352037,2224,0,4185,4554,369
Truck352678,2999,2656,4365,4554,189
Truck352718,2225,3121,4375,4554,179
Truck352893,2655,2822,4425,4554,129
Truck351271,1338,2655,3975,4555,580
Truck352268,2225,2822,4250,4555,305
Truck352656,0,2656,4360,4555,195
Truck352968,3122,2655,4445,4555,110
Truck353091,2655,2656,4480,4555,75
Truck353119,3331,2999,4485,4555,70
Truck351273,2655,1338,3975,4556,581
Truck352469,2224,2437,4305,4556,251
Truck352692,0,2999,4370,4556,186
Truck353102,2656,2655,4480,4556,76
Truck353304,0,3122,4540,4556,16
Truck352340,2225,3122,4270,4557,287
Truck352905,2821,2999,4425,4557,132
Truck353122,2822,2998,4485,4557,72
Truck351783,2436,2822,4115,4558,443
Truck352696,2999,2655,4370,4558,188
Truck352838,2437,3238,4410,4558,148
Truck351289,1338,3331,3980,4560,580
Truck352716,3122,2656,4375,4560,185
Truck352889,2998,3239,4420,4560,140
Truck352944,0,2655,4440,4560,120
Truck352286,2225,2821,4255,4561,306
Truck352499,3121,2822,4315,4561,246
Truck352757,2224,2656,4385,4561,176
Truck351873,2436,3122,4140,4562,422
Truck352356,3122,2998,4275,4562,287
Truck352358,2225,3122,4275,4562,287
Truck352923,2821,2225,4430,4562,132
Truck352763,2998,3121,4385,4563,178
Truck352856,2437,3238,4415,4563,148
Truck352299,2655,2225,4260,4564,304
Truck352714,2999,2656,4375,4564,189
Truck353076,3122,2437,4475,4564,89
Truck352109,2224,3122,4205,4565,360
Truck352517,3121,2821,4320,4565,245
Truck352505,2224,2225,4315,4566,251
Truck352775,2224,2656,4390,4566,176
Truck353018,2437,3239,4460,4566,106
Truck352848,3239,0,4410,4567,157
Truck353082,3239,2822,4475,4567,92
Truck353183,3121,2999,4505,4567,62
Truck353184,3122,3238,4505,4567,62
Truck353210,2656,2821,4510,4567,57
Truck351324,0,1338,3990,4568,578
Truck352589,3121,3122,4340,4568,228
Truck352732,2999,3331,4380,4568,188
Truck352760,2656,1339,4385,4568,183
Truck351855,2436,3331,4135,4569,434
Truck352650,3239,2224,4355,4569,214
Truck353159,2998,2224,4495,4569,74
Truck352694,2437,2225,4370,4570,200
Truck352523,2224,1338,4320,4571,251
Truck352793,2224,2656,4395,4571,176
Truck353156,2656,1338,4495,4571,76
Truck352535,3121,3331,4325,4572,247
Truck352959,2821,1338,4440,4572,132
Truck353036,2437,2821,4465,4572,107
Truck353090,2437,1339,4480,4572,92
Truck353104,2822,3239,4480,4572,92
Truck351187,3238,1338,3950,4573,623
Truck352667,2224,3239,4360,4573,213
Truck352896,3122,3239,4425,4573,148
Truck353037,2655,1339,4465,4573,108
Truck353051,2998,3331,4465,4573,108
Truck353108,2437,3122,4485,4573,88
Truck351343,1338,2224,3995,4574,579
Truck353298,3239,2655,4535,4574,39
Truck351738,0,2436,4105,4576,471
Truck352335,2655,2225,4270,4576,306
Truck352541,2224,3121,4325,4576,251
Truck352938,3239,2998,4435,4576,141
Truck351361,1338,0,4000,4577,577
Truck352812,3239,3238,4400,4577,177
Truck352977,2821,2436,4445,4577,132
Truck352768,2999,2656,4390,4578,188
Truck352813,3331,3122,4400,4578,178
Truck352817,2998,2655,4400,4578,178
Truck352920,3239,3122,4430,4578,148
Truck353334,3239,3331,4545,4578,33
Truck351739,1338,2437,4105,4580,475
Truck351919,1338,2436,4155,4580,425
Truck352571,3121,2224,4335,4580,245
Truck352730,2437,2225,4380,4580,200
Truck352996,2822,2225,4450,4580,130
Truck353058,3122,2655,4470,4580,110
Truck351891,2436,2822,4145,4581,436
Truck352412,2225,1339,4290,4581,291
Truck352552,2999,2436,4330,4581,251
Truck352559,2224,1338,4330,4581,251
Truck352829,2224,2656,4405,4581,176
Truck353192,2656,2437,4505,4581,76
Truck353400,3122,0,4565,4581,16
Truck352027,1338,2999,4185,4582,397
Truck352618,2822,1339,4345,4582,237
Truck353134,1339,2437,4490,4582,92
Truck353212,2822,2998,4510,4582,72
Truck353265,2821,2656,4525,4582,57
Truck352932,3122,3239,4435,4583,148
Truck351438,3122,1338,4020,4584,564
Truck352376,2225,2998,4280,4584,304
Truck352786,2999,2224,4395,4584,189
Truck352881,2436,2225,4420,4584,164
Truck353282,2656,2822,4530,4584,54
Truck352501,3238,2821,4315,4585,270
Truck352617,2821,3122,4345,4585,240
Truck353199,2655,2656,4510,4585,75
Truck353227,3331,3121,4515,4585,70
Truck351433,1338,1339,4020,4586,566
Truck352577,2224,2655,4335,4586,251
Truck352800,0,2999,4400,4586,186
Truck352974,3239,2998,4445,4586,141
Truck353214,0,3238,4515,4586,71
Truck353454,3122,1339,4580,4586,6
Truck353462,2656,3331,4580,4586,6
Truck351442,1339,1338,4020,4587,567
Truck352484,2225,1338,4310,4587,277
Truck352803,2655,2999,4400,4587,187
Truck352849,3331,1339,4410,4587,177
Truck352860,3122,2999,4415,4587,172
Truck353013,2821,1338,4455,4587,132
Truck353283,2821,2656,4530,4587,57
Truck353440,1339,0,4575,4587,12
Truck351801,2436,2656,4120,4588,468
Truck352355,3121,2436,4275,4588,313
Truck352832,2656,1339,4405,4588,183
Truck353343,2655,3239,4550,4588,38
Truck351847,1338,3121,4135,4589,454
Truck353032,2822,2655,4460,4590,130
Truck352972,1339,3239,4445,4591,146
Truck353436,3122,0,4575,4591,16
Truck352249,3238,2225,4245,4592,347
Truck353031,2821,2999,4460,4592,132
Truck353301,2821,2656,4535,4592,57
Truck352857,2655,2998,4415,4593,178
Truck352864,1339,3331,4415,4593,178
Truck352871,2998,2999,4415,4593,178
Truck353198,2437,2999,4510,4593,83
Truck351415,1338,2822,4015,4594,579
Truck352814,2656,0,4400,4594,194
Truck352859,3121,2225,4415,4594,179
Truck351417,2655,1338,4015,4595,580
Truck352486,1339,2998,4310,4595,285
Truck352537,3238,2821,4325,4595,270
Truck352625,3121,2655,4350,4595,245
Truck353050,2822,1338,4465,4595,130
Truck353263,3331,2437,4525,4595,70
Truck351927,2436,0,4155,4596,441
Truck352190,2437,2436,4230,4596,366
Truck352457,2998,0,4300,4596,296
Truck352623,2655,3121,4350,4596,246
Truck352886,2656,2224,4420,4596,176
Truck352917,2436,2225,4430,4596,166
Truck353000,2437,3121,4455,4596,141
Truck351478,1339,1338,4030,4597,567
Truck352482,3122,2998,4310,4597,287
Truck352672,2822,1339,4360,4597,237
Truck352956,3239,0,4440,4597,157
Truck353049,2821,2436,4465,4597,132
Truck351963,2436,1338,4165,4598,433
Truck352564,2822,3238,4330,4598,268
Truck353137,3331,2998,4490,4598,108
Truck353202,3122,2437,4510,4599,89
Truck352641,2655,3121,4355,4600,245
Truck352840,2999,2655,4410,4600,190
Truck353068,2822,3121,4470,4600,130
Truck353144,2437,2655,4495,4600,105
Truck353271,2655,3331,4530,4600,70
Truck352430,2225,2822,4295,4601,306
Truck352643,3121,2822,4355,4601,246
Truck352502,2225,3122,4315,4602,287
Truck353067,2821,2436,4470,4602,132
Truck352638,0,2822,4355,4603,248
Truck352771,3238,2656,4390,4603,213
Truck352907,2998,2999,4425,4603,178
Truck353234,2437,2999,4520,4603,83
Truck353424,3239,3331,4570,4603,33
Truck351451,1338,2821,4025,4605,580
Truck352448,2225,2224,4300,4605,305
Truck352573,3238,2821,4335,4605,270
Truck352836,0,2656,4410,4605,195
Truck352035,2436,1339,4185,4606,421
Truck352922,2656,2224,4430,4606,176
Truck353046,3239,2998,4465,4606,141
Truck353162,2437,2224,4500,4606,106
Truck353286,0,3238,4535,4606,71
Truck352720,1339,3121,4375,4607,232
Truck353226,3239,2822,4515,4607,92
Truck353302,2822,2998,4535,4607,72
Truck353443,3331,3239,4575,4607,32
Truck351909,2436,3239,4150,4608,458
Truck353059,3238,2655,4470,4608,138
Truck353195,2998,2656,4505,4608,103
Truck351469,1338,2821,4030,4609,579
Truck352359,2436,3121,4275,4609,334
Truck352698,3122,2822,4370,4609,239
Truck352876,2999,2224,4420,4609,189
Truck353297,2224,2998,4535,4609,74
Truck353124,0,2655,4490,4610,120
Truck353317,3331,2436,4540,4610,70
Truck352890,0,2999,4425,4611,186
Truck352940,2656,2224,4435,4611,176
Truck353300,2656,2436,4535,4611,76
Truck353409,2821,2998,4565,4611,46
Truck353103,2821,2437,4480,4612,132
Truck353463,2821,2822,4580,4612,32
Truck353530,1339,0,4600,4612,12
Truck352690,2822,0,4365,4613,248
Truck352918,1339,2656,4430,4613,183
Truck353270,2437,2999,4530,4613,83
Truck353315,2224,2998,4540,4614,74
Truck353442,3239,2655,4575,4614,39
Truck351487,1338,2656,4035,4615,580
Truck352689,2821,0,4365,4615,250
Truck352894,2999,2655,4425,4615,190
Truck353329,3238,0,4545,4615,70
Truck352529,2998,0,4320,4616,296
Truck352538,2225,1339,4325,4616,291
Truck353318,2656,2225,4540,4616,76
Truck353374,2822,3331,4555,4616,61
Truck352554,3122,2998,4330,4617,287
Truck352556,2225,3122,4330,4617,287
Truck352957,3331,1339,4440,4617,177
Truck353338,2822,2998,4545,4617,72
Truck352921,3331,0,4430,4618,188
Truck352961,2998,2999,4440,4618,178
Truck353054,2437,3238,4470,4618,148
Truck352269,2436,2437,4250,4619,369
Truck353460,3239,1338,4580,4619,39
Truck351505,1338,2656,4040,4620,580
Truck352635,2821,3238,4350,4620,270
Truck352707,2821,0,4370,4620,250
Truck353140,2822,2999,4490,4620,130
Truck353353,3331,3121,4550,4620,70
Truck352703,2224,2436,4370,4621,251
Truck352984,2999,3122,4450,4621,171
Truck353336,2656,2225,4545,4621,76
Truck352171,1338,2999,4225,4622,397
Truck352715,3121,2224,4375,4622,247
Truck352762,2822,1339,4385,4622,237
Truck353139,2821,2436,4490,4622,132
Truck352930,2999,3331,4435,4623,188
Truck352979,2998,2437,4445,4623,178
Truck353480,2656,3239,4585,4623,38
Truck351523,1338,3331,4045,4624,579
Truck351973,1338,3121,4170,4624,454
Truck353478,3239,1338,4585,4624,39
Truck352278,0,2224,4255,4625,370
Truck352493,2998,3238,4310,4625,315
Truck352520,2225,2655,4320,4625,305
Truck353371,3331,2225,4555,4625,70
Truck352733,3121,2998,4380,4626,246
Truck353111,3121,2437,4485,4626,141
Truck353354,2656,2225,4550,4626,76
Truck352189,1338,2999,4230,4627,397
Truck352787,3121,1339,4395,4627,232
Truck353249,2998,3331,4520,4628,108
Truck351541,1338,2655,4050,4629,579
Truck352948,2999,2821,4440,4629,189
Truck353369,2224,2998,4555,4629,74
Truck353496,3239,2655,4590,4629,39
Truck352511,2998,3238,4315,4630,315
Truck352779,2821,3122,4390,4630,240
Truck353252,2437,2655,4525,4630,105
Truck353419,3238,3122,4570,4630,60
Truck352463,3121,2436,4305,4631,326
Truck352739,2224,2437,4380,4631,251
Truck352804,2999,3238,4400,4631,231
Truck353126,2437,3121,4490,4631,141
Truck353372,2656,2655,4555,4631,76
Truck352610,2225,3122,4345,4632,287
Truck352770,3122,2821,4390,4632,242
Truck353163,2655,2821,4500,4632,132
Truck353175,2821,3121,4500,4632,132
Truck353200,2999,2225,4510,4632,122
Truck353427,2821,3331,4570,4632,62
Truck353602,1339,0,4620,4632,12
Truck353015,2998,1338,4455,4633,178
Truck353514,3239,2656,4595,4633,38
Truck351999,2436,3331,4175,4634,459
Truck352824,3122,3121,4405,4634,229
Truck352994,2656,3122,4450,4634,184
Truck353003,3121,2225,4455,4634,179
Truck351559,1338,2656,4055,4635,580
Truck351945,2436,2655,4160,4635,475
Truck353194,2822,2655,4505,4635,130
Truck353407,3331,1338,4565,4635,70
Truck351993,2655,2436,4175,4636,461
Truck352017,2436,0,4180,4636,456
Truck352767,2655,3121,4390,4636,246
Truck352664,2225,1338,4360,4637,277
Truck353040,3122,2999,4465,4637,172
Truck353288,2437,0,4535,4638,103
Truck353303,2998,2656,4535,4638,103
Truck351577,1338,3331,4060,4639,579
Truck352053,2436,2822,4190,4639,449
Truck352343,2224,0,4270,4639,369
Truck353012,2656,3122,4455,4639,184
Truck352815,2821,3122,4400,4640,240
Truck352952,2225,2437,4440,4640,200
Truck353022,3122,3331,4460,4640,180
Truck353041,3238,3239,4465,4641,176
Truck352429,3238,2225,4295,4642,347
Truck352682,2225,1338,4365,4642,277
Truck353628,0,1339,4630,4642,12
Truck353638,1339,0,4630,4642,12
Truck351594,0,1338,4065,4643,578
Truck352072,1339,2436,4195,4643,448
Truck352584,0,2225,4340,4643,303
Truck352919,2224,3239,4430,4643,213
Truck353011,3331,0,4455,4643,188
Truck353550,3239,2656,4605,4643,38
Truck353572,2822,2821,4610,4643,33
Truck353380,2999,2437,4560,4644,84
Truck352970,2225,2437,4445,4645,200
Truck353230,2822,2436,4515,4645,130
Truck353261,2224,2821,4525,4645,120
Truck353473,3238,3122,4585,4645,60
Truck352122,3122,2436,4210,4646,436
Truck352785,2655,2224,4395,4646,251
Truck352805,3121,3239,4400,4646,246
Truck353426,2656,2437,4570,4646,76
Truck353634,3122,0,4630,4646,16
Truck352233,2436,1338,4240,4647,407
Truck353064,3239,3238,4470,4647,177
Truck353229,2821,2655,4515,4647,132
Truck353258,2225,2999,4525,4647,122
Truck353589,2821,2822,4615,4647,32
Truck353656,1339,0,4635,4647,12
Truck353203,3238,2655,4510,4648,138
Truck351613,1338,3331,4070,4649,579
Truck352379,2224,0,4280,4649,369
Truck352852,2822,3122,4410,4649,239
Truck353382,3122,2437,4560,4649,89
Truck353516,2656,2822,4595,4649,54
Truck351615,2655,1338,4070,4650,580
Truck352823,3121,2655,4405,4650,245
Truck353020,2999,2821,4460,4650,190
Truck353248,2822,2999,4520,4650,130
Truck353461,3331,2225,4580,4650,70
Truck352811,2224,2655,4400,4651,251
Truck353188,1339,3239,4505,4651,146
Truck352125,2436,2656,4210,4652,442
Truck353235,2655,2821,4520,4652,132
Truck353247,2821,3121,4520,4652,132
Truck353324,2437,2998,4545,4652,107
Truck353378,2437,1339,4560,4652,92
Truck353464,2822,2998,4580,4652,72
Truck351475,3238,1338,4030,4653,623
Truck352071,2436,3122,4195,4653,458
Truck352818,0,2822,4405,4653,248
Truck352841,3121,0,4410,4653,243
Truck353083,3331,3122,4475,4653,178
Truck353087,2998,2225,4475,4653,178
Truck353180,2437,3238,4505,4653,148
Truck353217,2655,3238,4515,4653,138
Truck353339,2998,3331,4545,4653,108
Truck353586,3239,2656,4615,4653,38
Truck351631,1338,3239,4075,4654,579
Truck353253,2655,2822,4525,4654,129
Truck352628,2225,3239,4350,4655,305
Truck353216,2437,3121,4515,4656,141
Truck353466,0,3238,4585,4656,71
Truck351694,1339,1338,4090,4657,567
Truck352143,2436,2224,4215,4657,442
Truck352532,2437,2436,4325,4657,332
Truck353172,3239,0,4500,4657,157
Truck353290,2999,2225,4535,4657,122
Truck353342,2437,2655,4550,4657,107
Truck353406,3239,2822,4565,4657,92
Truck352451,2224,1339,4300,4658,358
Truck353056,2999,3239,4470,4658,188
Truck353105,2998,2655,4480,4658,178
Truck353414,2437,3122,4570,4658,88
Truck353606,2656,3239,4620,4658,38
Truck353477,2224,2822,4585,4659,74
Truck353483,2998,2224,4585,4659,74
Truck353604,3239,2999,4620,4659,39
Truck351649,1338,2655,4080,4660,580
Truck352915,3238,2999,4430,4660,230
Truck353491,3238,0,4590,4660,70
Truck353643,2821,2822,4630,4662,32
Truck353123,2998,2225,4485,4663,178
Truck353178,0,3239,4505,4663,158
Truck353375,2998,3331,4555,4663,108
Truck353074,2999,2998,4475,4664,189
Truck353551,3331,2822,4605,4664,59
Truck353622,3239,3121,4625,4664,39
Truck351667,1338,2822,4085,4665,580
Truck352045,1338,2437,4190,4665,475
Truck353262,3239,2998,4525,4666,141
Truck353750,2656,3331,4660,4666,6
Truck352936,1339,3121,4435,4667,232
Truck353208,3239,0,4510,4667,157
Truck353289,2655,2821,4535,4667,132
Truck353432,2437,1339,4575,4667,92
Truck353570,2656,2821,4610,4667,57
Truck353659,3331,3239,4635,4667,32
Truck352816,2822,3238,4400,4668,268
Truck353120,2656,1339,4485,4668,183
Truck353141,2998,2437,4490,4668,178
Truck352197,2436,3122,4230,4669,439
Truck353445,2821,3239,4575,4669,94
Truck353470,2999,2437,4585,4669,84
Truck352215,2436,2655,4235,4670,435
Truck352487,2224,3122,4310,4670,360
Truck352655,2998,3238,4355,4670,315
Truck352895,3121,2656,4425,4670,245
Truck352951,3238,2999,4440,4670,230
Truck353092,2999,2822,4480,4670,190
Truck353146,2999,1339,4495,4670,175
Truck353320,2822,2225,4540,4670,130
Truck353396,2437,2821,4565,4670,105
Truck353533,3331,2655,4600,4670,70
Truck353280,3239,2998,4530,4671,141
Truck351961,3238,2436,4165,4672,507
Truck352949,3121,1339,4440,4672,232
Truck353569,3331,2821,4610,4672,62
Truck353256,3122,3239,4525,4673,148
Truck353658,3239,2656,4635,4673,38
Truck352179,2436,1339,4225,4674,449
Truck352700,2225,3331,4370,4674,304
Truck353150,2225,3121,4495,4674,179
Truck353581,3238,1339,4615,4674,59
Truck353072,2437,2225,4475,4675,200
Truck353130,3122,2656,4490,4675,185
Truck352754,2225,1339,4385,4676,291
Truck352913,3121,2998,4430,4676,246
Truck352966,2999,3238,4445,4676,231
Truck353534,2656,2437,4600,4676,76
Truck353764,1339,0,4665,4677,12
Truck352152,0,2436,4220,4678,458
Truck352924,2822,0,4430,4678,248
Truck353425,3331,2998,4570,4678,108
Truck353444,2656,2998,4575,4678,103
Truck352926,0,3121,4435,4679,244
Truck353168,2225,3121,4500,4679,179
Truck353676,3239,2437,4640,4679,39
Truck351721,1338,3331,4100,4680,580
Truck352799,2998,1339,4395,4680,285
Truck353356,2822,2437,4550,4680,130
Truck352931,3121,3331,4435,4681,246
Truck352387,1338,2999,4285,4682,397
Truck352788,3122,2998,4395,4682,287
Truck352978,2822,1339,4445,4682,237
Truck351583,3238,1338,4060,4683,623
Truck351793,1338,3122,4120,4683,563
Truck352728,0,2225,4380,4683,303
Truck353174,2656,1339,4500,4683,183
Truck353191,3331,3122,4505,4683,178
Truck353450,2437,0,4580,4683,103
Truck353685,2655,3239,4645,4683,38
Truck352193,3121,1338,4230,4684,454
Truck352736,2225,2655,4380,4685,305
Truck353587,3331,2437,4615,4685,70
Truck352781,2998,0,4390,4686,296
Truck353591,2998,2822,4615,4686,71
Truck353373,2821,3121,4555,4687,132
Truck353733,2821,2822,4655,4687,32
Truck352960,2822,0,4440,4688,248
Truck353213,2998,2225,4510,4688,178
Truck351816,3122,1338,4125,4689,564
Truck352447,3238,2224,4300,4689,389
Truck353204,2225,3121,4510,4689,179
Truck351757,1338,2821,4110,4690,580
Truck352887,2821,3238,4420,4690,270
Truck352995,2821,3122,4450,4690,240
Truck353276,2225,2436,4530,4690,160
Truck353392,2822,2436,4560,4690,130
Truck352808,2225,1339,4400,4691,291
Truck352967,3121,2656,4445,4691,246
Truck353352,3239,2998,4550,4691,141
Truck353468,2437,2224,4585,4691,106
Truck353644,2822,3331,4630,4691,61
Truck352611,2436,2437,4345,4692,347
Truck353391,2821,2999,4560,4692,132
Truck352243,1338,2436,4245,4693,448
Truck353361,2655,3238,4555,4693,138
Truck353469,2655,1339,4585,4693,108
Truck353479,3331,2998,4585,4693,108
Truck353486,2437,0,4590,4693,103
Truck353498,2656,2998,4590,4693,103
Truck352107,2436,3238,4205,4694,489
Truck352665,2436,2437,4360,4694,334
Truck352772,2225,2998,4390,4694,304
Truck353182,2999,3239,4505,4694,189
Truck353397,2655,2822,4565,4694,129
Truck353730,3239,2437,4655,4694,39
Truck352745,2998,3238,4380,4695,315
Truck352846,1339,2998,4410,4695,285
Truck353160,0,2656,4500,4695,195
Truck353410,2822,2655,4565,4695,130
Truck353617,3238,0,4625,4695,70
Truck353623,3331,2437,4625,4695,70
Truck352985,3121,3331,4450,4696,246
Truck353196,0,2999,4510,4696,186
Truck353360,2437,3121,4555,4696,141
Truck353316,3239,0,4540,4697,157
Truck353438,2225,2999,4575,4697,122
Truck352323,2436,0,4265,4698,433
Truck352773,2436,3121,4390,4698,308
Truck352790,2225,2656,4395,4699,304
Truck352899,2436,2999,4425,4699,274
Truck353228,2656,3122,4515,4699,184
Truck353671,3238,1339,4640,4699,59
Truck353748,3239,2655,4660,4699,39
Truck352676,2437,2436,4365,4700,335
Truck353448,0,2655,4580,4700,120
Truck353641,3331,2999,4630,4700,70
Truck353044,1339,2822,4465,4701,236
Truck353370,3239,1339,4555,4701,146
Truck353504,2437,2655,4595,4701,106
Truck352646,2225,3238,4355,4702,347
Truck353243,2224,3331,4520,4702,182
Truck353566,1339,2437,4610,4702,92
Truck353246,2656,1339,4520,4703,183
Truck353267,2998,3121,4525,4703,178
Truck353788,2822,2821,4670,4703,33
Truck352265,3121,1338,4250,4704,454
Truck353016,0,3121,4460,4704,244
Truck353433,2655,2822,4575,4704,129
Truck353766,3239,2655,4665,4704,39
Truck351811,1338,2656,4125,4705,580
Truck353218,2999,2224,4515,4705,190
Truck353568,3239,2821,4610,4705,95
Truck352341,2436,2655,4270,4706,436
Truck353001,2655,2224,4455,4706,251
Truck353062,1339,2822,4470,4706,236
Truck353522,2437,2822,4600,4706,106
Truck353642,2656,2225,4630,4706,76
Truck353663,2998,2822,4635,4706,71
Truck351829,1338,0,4130,4707,577
Truck352396,1339,2436,4285,4707,422
Truck353281,3331,1339,4530,4707,177
Truck353662,2822,2224,4635,4707,72
Truck353714,2656,2821,4650,4707,57
Truck351673,3238,1338,4085,4708,623
Truck352251,2436,2822,4245,4708,463
Truck353260,1339,2656,4525,4708,183
Truck353285,2998,1338,4530,4708,178
Truck353383,3238,2437,4560,4708,148
Truck353537,2998,3331,4600,4708,108
Truck353540,2437,0,4605,4708,103
Truck353552,2656,2998,4605,4708,103
Truck352826,2225,2821,4405,4710,305
Truck353429,2998,3239,4570,4710,140
Truck353027,2224,2225,4460,4711,251
Truck353039,3121,3239,4465,4711,246
Truck353660,2656,2436,4635,4711,76
Truck353769,2821,2998,4665,4711,46
Truck352681,3238,2225,4365,4712,347
Truck353086,2822,1339,4475,4712,237
Truck353299,3331,1339,4535,4712,177
Truck351685,1338,3238,4090,4713,623
Truck352377,2436,2998,4280,4713,433
Truck352649,2224,1339,4355,4713,358
Truck351906,3122,1338,4150,4714,564
Truck352287,2436,2655,4255,4714,459
Truck352338,3122,2436,4270,4714,444
Truck352755,2436,2437,4385,4714,329
Truck353080,1339,2821,4475,4715,240
Truck353232,0,2656,4520,4715,195
Truck353308,2999,1339,4540,4715,175
Truck352195,3238,2436,4230,4716,486
Truck352644,3122,2224,4355,4716,361
Truck353034,0,2821,4465,4716,251
Truck353045,2224,1338,4465,4716,251
Truck353055,2655,3121,4470,4716,246
Truck353558,2437,3331,4610,4716,106
Truck353057,3121,2998,4470,4717,247
Truck353510,2225,2999,4595,4717,122
Truck353751,2821,2656,4660,4717,57
Truck353129,3121,3122,4490,4718,228
Truck353451,2655,3238,4580,4718,138
Truck353588,2656,2998,4615,4718,103
Truck353630,2437,3122,4630,4718,88
Truck353070,0,3121,4475,4719,244
Truck353309,3121,2225,4540,4719,179
Truck353693,2224,2998,4645,4719,74
Truck353746,1339,3238,4660,4719,59
Truck353820,3239,2225,4680,4719,39
Truck352862,2225,2821,4415,4720,305
Truck353292,3122,2656,4535,4720,185
Truck353500,2822,2999,4590,4720,130
Truck353576,2437,2821,4615,4720,105
Truck353713,3331,3121,4650,4720,70
Truck352943,2998,3122,4435,4721,286
Truck352963,1338,2225,4445,4721,276
Truck353063,2224,2999,4470,4721,251
Truck353116,1339,2822,4485,4721,236
Truck353696,2656,2437,4645,4721,76
Truck351883,1338,0,4145,4722,577
Truck353499,2821,3121,4590,4722,132
Truck351937,1338,3122,4160,4723,563
Truck352305,2436,2655,4260,4723,463
Truck352685,2224,1339,4365,4723,358
Truck353147,3121,3122,4495,4723,228
Truck353829,2655,3239,4685,4723,38
Truck353148,3122,3121,4495,4724,229
Truck353327,3121,2225,4545,4724,179
Truck353330,2225,3121,4545,4724,179
Truck353005,3238,2821,4455,4725,270
Truck353085,2821,0,4475,4725,250
Truck353518,2822,2999,4595,4725,130
Truck353538,0,2655,4605,4725,120
Truck353731,3331,2437,4655,4725,70
Truck352925,2998,0,4430,4726,296
Truck353073,2655,2224,4475,4726,251
Truck353351,2224,2656,4550,4726,176
Truck353362,2999,3122,4555,4726,171
Truck353594,2437,2656,4620,4726,106
Truck352908,0,2998,4430,4727,297
Truck353505,2655,2821,4595,4727,132
Truck353088,0,2822,4480,4728,248
Truck353245,3331,3238,4520,4728,208
Truck353357,2998,2999,4550,4728,178
Truck353487,2655,3238,4590,4728,138
Truck353856,3239,2656,4690,4728,38
Truck351901,1338,2822,4150,4729,579
Truck352591,3238,2224,4340,4729,389
Truck352898,2225,2821,4425,4730,305
Truck353612,2437,2998,4625,4730,105
Truck353749,3331,2999,4660,4730,70
Truck352395,2436,2224,4285,4731,446
Truck353164,2999,3238,4500,4731,231
Truck352567,1338,2999,4335,4732,397
Truck353535,2821,2436,4600,4732,132
Truck353560,2999,2225,4610,4732,122
Truck353752,2822,2224,4660,4732,72
Truck353787,2821,3331,4670,4732,62
Truck352721,2224,1339,4375,4733,358
Truck353106,0,2822,4485,4733,248
Truck353325,2655,2999,4545,4733,188
Truck353430,0,3239,4575,4733,158
Truck353679,2821,3239,4640,4734,94
Truck353874,3239,2437,4695,4734,39
Truck352879,3238,2998,4420,4735,315
Truck353326,2999,2998,4545,4735,190
Truck353631,2655,2437,4630,4735,105
Truck353767,3331,3121,4665,4735,70
Truck351921,2655,1338,4155,4736,581
Truck353170,1339,2822,4500,4736,236
Truck353344,2999,0,4550,4736,186
Truck352500,3122,2436,4315,4737,422
Truck353388,3239,3238,4560,4737,177
Truck353553,2821,2437,4605,4737,132
Truck353770,2822,2224,4665,4737,72
Truck353795,3121,2999,4675,4737,62
Truck353803,3331,2821,4675,4737,62
Truck351775,1338,3238,4115,4738,623
Truck353892,3239,2656,4700,4738,38
Truck353595,2655,0,4620,4739,119
Truck352934,2225,2998,4435,4740,305
Truck353322,0,2656,4545,4740,195
Truck353525,3121,2437,4600,4741,141
Truck353648,2437,2821,4635,4741,106
Truck353877,2821,2998,4695,4741,46
Truck352789,3238,2225,4395,4742,347
Truck353600,2225,2999,4620,4742,122
Truck353716,2822,3239,4650,4742,92
Truck353813,3121,2999,4680,4742,62
Truck353004,3122,2225,4455,4743,288
Truck353275,3238,2656,4530,4743,213
Truck353386,1339,2656,4560,4743,183
Truck353402,2225,3121,4565,4744,179
Truck351955,1338,3331,4165,4745,580
Truck352467,2436,1339,4305,4745,440
Truck353026,1339,2998,4460,4745,285
Truck353590,2822,3121,4615,4745,130
Truck353153,2224,2655,4495,4746,251
Truck353165,3121,3331,4500,4746,246
Truck353376,0,2999,4560,4746,186
Truck353786,2656,2436,4670,4746,76
Truck352980,0,2998,4450,4747,297
Truck353859,2821,2656,4690,4747,57
Truck353949,2821,2822,4715,4747,32
Truck352962,0,2225,4445,4748,303
Truck353379,2655,2999,4560,4749,189
Truck353408,2656,3122,4565,4749,184
Truck353928,3239,3121,4710,4749,39
Truck354052,1339,3122,4745,4749,4
Truck353475,2436,2225,4585,4750,165
Truck353608,2822,2655,4620,4750,130
Truck353171,2224,2999,4500,4751,251
Truck353181,2655,3121,4505,4751,246
Truck353457,2436,2225,4580,4751,171
Truck353804,2656,2436,4675,4751,76
Truck352825,3238,2225,4405,4752,347
Truck353423,2224,3331,4570,4752,182
Truck353607,2821,2436,4620,4752,132
Truck354024,0,1339,4740,4752,12
Truck353544,3122,3239,4605,4753,148
Truck353717,2998,2656,4650,4753,103
Truck352050,3122,1338,4190,4754,564
Truck353398,2999,2821,4565,4754,189
Truck353529,2436,2225,4600,4754,154
Truck351991,1338,2821,4175,4755,580
Truck352988,2225,2998,4450,4755,305
Truck353626,2822,2437,4625,4755,130
Truck353839,3331,2999,4685,4755,70
Truck353189,2224,2437,4505,4756,251
Truck353201,3121,3239,4510,4756,246
Truck353254,2999,3238,4525,4756,231
Truck353412,0,2999,4570,4756,186
Truck352843,3238,2225,4410,4757,347
Truck352844,2225,3238,4410,4757,347
Truck353532,3239,0,4600,4757,157
Truck353625,2821,2437,4625,4757,132
Truck353702,2437,2998,4650,4757,107
Truck352063,1338,3122,4195,4758,563
Truck353465,2998,2436,4580,4758,178
Truck353718,0,2437,4655,4758,103
Truck352413,2436,0,4290,4759,469
Truck352459,1338,3121,4305,4759,454
Truck353238,3122,2822,4520,4759,239
Truck353416,2999,2998,4570,4759,189
Truck353476,1339,2999,4585,4759,174
Truck352009,1338,2655,4180,4760,580
Truck353006,2225,2655,4455,4760,305
Truck353211,2821,0,4510,4760,250
Truck353857,3331,3121,4690,4760,70
Truck352422,0,2436,4295,4761,466
Truck353207,2224,2999,4510,4761,251
Truck353434,2999,0,4575,4761,186
Truck353720,2437,2998,4655,4761,106
Truck353840,2656,2225,4685,4761,76
Truck353490,3122,2999,4590,4762,172
Truck353774,2437,1339,4670,4762,92
Truck353860,2822,2224,4690,4762,72
Truck354060,0,1339,4750,4762,12
Truck351865,1338,3238,4140,4763,623
Truck353077,3238,3121,4475,4763,288
Truck353736,0,2437,4660,4763,103
Truck353266,2822,3122,4525,4764,239
Truck352557,2436,2224,4330,4765,435
Truck352997,2998,3238,4450,4765,315
Truck353024,2225,2821,4460,4765,305
Truck353110,2999,2436,4485,4766,281
Truck353125,1338,2225,4490,4766,276
Truck353278,1339,2822,4530,4766,236
Truck353862,0,3238,4695,4766,71
Truck353967,2821,2998,4720,4766,46
Truck352515,2655,2436,4320,4767,447
Truck353132,2225,1338,4490,4767,277
Truck353661,2821,3121,4635,4767,132
Truck353690,2225,2999,4645,4767,122
Truck354019,3331,3239,4735,4767,32
Truck353389,3331,3238,4560,4768,208
Truck353501,2998,3121,4590,4768,178
Truck353598,3122,3239,4620,4768,148
Truck352104,3122,1338,4205,4769,564
Truck352820,2437,2436,4405,4769,364
Truck353042,2225,2821,4465,4769,304
Truck353284,2822,3122,4530,4769,239
Truck353512,1339,2999,4595,4769,174
Truck353814,3122,2437,4680,4769,89
Truck353879,2998,2224,4695,4769,74
Truck354000,3239,3121,4730,4769,39
Truck352847,2224,3122,4410,4770,360
Truck352877,3121,2436,4420,4770,350
Truck353255,3121,2822,4525,4770,245
Truck353680,2822,3121,4640,4770,130
Truck353756,2437,2821,4665,4770,105
Truck352047,2655,1338,4190,4771,581
Truck352099,1338,1339,4205,4771,566
Truck353096,2225,1339,4480,4771,291
Truck353296,1339,2822,4535,4771,236
Truck353876,2656,1338,4695,4771,76
Truck352897,3238,2225,4425,4772,347
Truck353896,2822,2224,4700,4772,72
Truck354037,3331,3239,4740,4772,32
Truck352865,2224,1339,4415,4773,358
Truck353390,2656,3238,4560,4773,213
Truck354020,2656,3239,4735,4773,38
Truck352449,2436,2998,4300,4774,474
Truck353060,2225,2656,4470,4774,304
Truck353268,0,3121,4530,4774,244
Truck354018,3239,3121,4735,4774,39
Truck352551,2655,2436,4330,4775,445
Truck353033,2998,3238,4460,4775,315
Truck353698,2822,3121,4645,4775,130
Truck353901,2655,3331,4705,4775,70
Truck353531,2224,2656,4600,4776,176
Truck353654,2225,2436,4635,4776,141
Truck353273,3121,2998,4530,4777,247
Truck353838,3239,2822,4685,4777,92
Truck352883,2224,1339,4420,4778,358
Truck353785,3331,2998,4670,4778,108
Truck353792,2437,0,4675,4778,103
Truck352531,1338,3121,4325,4779,454
Truck352882,1339,2224,4420,4779,359
Truck353488,2999,2655,4590,4779,189
Truck353841,2821,3239,4685,4779,94
Truck352081,1338,2998,4200,4780,580
Truck352503,2436,2998,4315,4780,465
Truck353272,2999,2436,4530,4780,250
Truck353291,3121,2655,4535,4780,245
Truck353319,2821,3122,4540,4780,240
Truck352485,2436,2655,4310,4781,471
Truck352683,2436,1338,4365,4781,416
Truck353078,2225,2822,4475,4781,306
Truck353279,2224,2225,4530,4781,251
Truck353666,2437,3121,4640,4781,141
Truck353669,3121,2437,4640,4781,141
Truck354023,2998,2821,4735,4781,46
Truck352750,2999,1338,4385,4782,397
Truck353350,1339,3121,4550,4782,232
Truck353715,2821,2225,4650,4782,132
Truck353744,2225,2999,4660,4782,122
Truck353506,2999,3331,4595,4783,188
Truck353515,3331,0,4595,4783,188
Truck353882,2437,2999,4700,4783,83
Truck354054,3239,2656,4745,4783,38
Truck354072,3239,3331,4750,4783,33
Truck352553,3121,1338,4330,4784,454
Truck353337,2821,1339,4545,4784,239
Truck352629,2436,3122,4350,4785,435
Truck353796,3122,2655,4675,4785,110
Truck353684,2437,3121,4645,4786,141
Truck353687,3121,2437,4645,4786,141
Truck353694,3239,2998,4645,4786,141
Truck353239,3238,2822,4520,4787,267
Truck353549,2224,3331,4605,4787,182
Truck353640,3239,0,4630,4787,157
Truck353950,2822,2224,4715,4787,72
Truck353975,3121,2999,4725,4787,62
Truck353166,3122,2225,4500,4788,288
Truck353441,2224,3239,4575,4788,213
Truck353573,2998,2437,4610,4788,178
Truck352807,3238,2224,4400,4789,389
Truck353564,2225,3121,4610,4789,179
Truck353739,2655,2822,4660,4789,129
Truck353902,2999,2437,4705,4789,84
Truck353114,2225,2224,4485,4790,305
Truck353524,2999,2656,4600,4790,190
Truck353965,3331,3121,4720,4790,70
Truck352521,2436,0,4320,4791,471
Truck352747,1338,2436,4385,4791,406
Truck353542,2999,0,4605,4791,186
Truck353948,2656,2655,4715,4791,76
Truck352135,1338,0,4215,4792,577
Truck353968,2822,2998,4720,4792,72
Truck354001,3331,2821,4730,4792,62
Truck354168,0,1339,4780,4792,12
Truck353455,3238,2656,4580,4793,213
Truck352375,3238,2436,4280,4794,514
Truck352647,2436,3331,4355,4794,439
Truck353582,2225,3121,4615,4794,179
Truck353963,2224,2822,4720,4794,74
Truck354016,1339,3238,4735,4794,59
Truck354090,3239,2225,4755,4794,39
Truck353095,3238,2998,4480,4795,315
Truck353127,2655,2225,4490,4795,305
Truck353345,3121,2998,4550,4795,245
Truck353846,2437,2821,4690,4795,105
Truck353973,2655,3331,4725,4795,70
Truck353186,2225,1339,4505,4796,291
Truck353399,3121,1339,4565,4797,232
Truck353497,3331,3238,4590,4798,208
Truck353609,2998,2437,4620,4798,178
Truck353763,2436,2225,4665,4798,133
Truck352566,0,2436,4335,4799,464
Truck352607,3121,1338,4345,4799,454
Truck352954,1339,2224,4440,4799,359
Truck353145,2655,2225,4495,4799,304
Truck353938,2999,2437,4715,4799,84
Truck353981,2224,2998,4725,4799,74
Truck354031,3238,1339,4740,4799,59
Truck352153,1338,2822,4220,4800,580
Truck352639,1338,2436,4355,4800,445
Truck353580,3122,2656,4615,4800,185
Truck353819,2224,2821,4680,4800,120
Truck352539,2436,2655,4325,4801,476
Truck352950,3122,2224,4440,4801,361
Truck353231,2998,3122,4515,4801,286
Truck353363,3121,2821,4555,4801,246
Truck353404,1339,2822,4565,4801,236
Truck353864,2437,2821,4695,4801,106
Truck353984,2656,1338,4725,4801,76
Truck352822,2999,1338,4405,4802,397
Truck353603,2224,3331,4620,4802,182
Truck354039,2821,3331,4740,4802,62
Truck353219,3121,3238,4515,4803,288
Truck353358,0,2822,4555,4803,248
Truck353627,2998,2437,4625,4803,178
Truck353725,3238,2437,4655,4803,148
Truck352861,3238,2224,4415,4804,389
Truck353865,2655,3122,4695,4804,109
Truck354005,2998,2224,4730,4804,74
Truck352593,2436,2655,4340,4805,465
Truck352973,2224,3122,4445,4805,360
Truck353131,3238,2998,4490,4805,315
Truck353242,1339,2998,4520,4805,285
Truck353556,0,2656,4610,4805,195
Truck353806,2822,3121,4675,4805,130
Truck352225,1338,1339,4240,4806,566
Truck352989,2436,2437,4450,4806,356
Truck353224,1339,2225,4515,4806,291
Truck353422,1339,2822,4570,4806,236
Truck353726,2225,2436,4655,4806,151
Truck354002,2656,2436,4730,4806,76
Truck354204,0,3122,4790,4806,16
Truck352626,3122,2436,4350,4807,457
Truck353428,2822,1339,4570,4807,237
Truck353621,2224,3331,4625,4807,182
Truck353762,2225,2436,4665,4807,142
Truck353645,2998,2437,4630,4808,178
Truck353738,2437,3238,4660,4808,148
Truck353915,2998,2656,4705,4808,103
Truck352955,2224,0,4440,4809,369
Truck353418,3122,2822,4570,4809,239
Truck353596,2999,2998,4620,4809,189
Truck353624,2656,3122,4625,4809,184
Truck353847,2655,0,4690,4809,119
Truck353883,2655,3122,4700,4809,109
Truck354017,2224,2998,4735,4809,74
Truck353824,2822,2655,4680,4810,130
Truck353387,2224,2655,4560,4811,251
Truck353452,2999,3238,4580,4811,231
Truck353668,2999,3122,4640,4811,171
Truck354131,2998,2821,4765,4811,46
Truck353745,2436,2225,4660,4812,152
Truck353823,2821,2225,4680,4812,132
Truck353900,2437,2998,4705,4812,107
Truck354075,2821,3331,4750,4812,62
Truck353613,2655,2999,4625,4813,188
Truck352465,3238,2436,4305,4814,509
Truck352661,3121,1338,4360,4814,454
Truck353816,2225,2436,4680,4814,134
Truck354162,3239,2655,4775,4814,39
Truck353807,2998,3239,4675,4815,140
Truck353904,3122,2655,4705,4815,110
Truck354049,3238,0,4745,4815,70
Truck354038,2656,2437,4740,4816,76
Truck354289,3331,2656,4810,4816,6
Truck353980,1339,2437,4725,4817,92
Truck352224,0,1338,4240,4818,578
Truck353274,3122,2225,4530,4818,288
Truck353667,2655,2998,4640,4818,178
Truck353677,3331,3122,4640,4818,178
Truck353681,2998,2999,4640,4818,178
Truck352679,3121,1338,4365,4819,454
Truck353781,2436,2225,4670,4819,149
Truck353994,3122,2437,4730,4819,89
Truck354180,3239,2655,4780,4819,39
Truck353222,2225,2821,4515,4820,305
Truck353355,2821,3238,4550,4820,270
Truck353458,1339,2821,4580,4820,240
Truck353632,2999,2822,4630,4820,190
Truck354045,2655,2656,4745,4820,75
Truck354063,2655,3331,4750,4820,70
Truck354103,3238,3122,4760,4820,60
Truck352863,2436,1338,4415,4821,406
Truck353810,2437,3121,4680,4821,141
Truck354056,2656,2999,4745,4821,76
Truck354307,3331,2656,4815,4821,6
Truck352227,2655,1338,4240,4822,582
Truck353695,3331,1339,4645,4822,177
Truck354109,3331,2821,4760,4822,62
Truck352701,2436,3122,4370,4823,453
Truck353293,3238,3121,4535,4823,288
Truck352302,3122,1338,4260,4824,564
Truck352937,2224,3238,4435,4824,389
Truck353650,2999,2655,4635,4824,189
Truck352998,0,2224,4455,4825,370
Truck354121,3238,3122,4765,4825,60
Truck352659,2655,2436,4360,4826,466
Truck353240,2225,3239,4520,4826,306
Truck353294,2225,1339,4535,4826,291
Truck353453,3121,3331,4580,4826,246
Truck353954,2437,2224,4720,4826,106
Truck354095,2998,2822,4755,4826,71
Truck354325,3331,2656,4820,4826,6
Truck353712,3239,3238,4650,4827,177
Truck354129,2821,3331,4765,4827,62
Truck354146,2656,2821,4770,4827,57
Truck353310,3122,2225,4540,4828,288
Truck353605,3331,3238,4620,4828,208
Truck352261,1338,2998,4250,4829,579
Truck352609,3238,2436,4345,4829,484
Truck352711,1338,3121,4375,4829,454
Truck353526,3122,3121,4600,4829,229
Truck353955,2655,3122,4720,4829,109
Truck353221,3238,2998,4515,4830,315
Truck353636,2225,2437,4630,4830,200
Truck354081,2655,2656,4755,4830,75
Truck353471,3121,2821,4585,4831,246
Truck354343,3331,2656,4825,4831,6
Truck353711,2224,3331,4650,4832,182
Truck354165,2821,2656,4775,4832,57
Truck352117,1338,3238,4210,4833,623
Truck353482,2822,0,4585,4833,248
Truck353735,2998,2225,4655,4833,178
Truck352719,2436,2224,4375,4834,459
Truck353686,2999,3239,4645,4834,189
Truck353937,2655,0,4715,4834,119
Truck354182,2656,2822,4780,4834,54
Truck353517,2821,3122,4595,4835,240
Truck353990,2437,3331,4730,4835,105
Truck354127,3331,3121,4765,4835,70
Truck352575,2436,3238,4335,4836,501
Truck353377,1338,2225,4560,4836,276
Truck353704,2999,0,4650,4836,186
Truck354110,2656,2437,4760,4836,76
Truck353489,3121,2998,4590,4837,247
Truck353548,1339,3121,4605,4837,232
Truck354058,2822,3239,4745,4837,92
Truck353099,2224,1339,4480,4838,358
Truck353753,2998,2999,4660,4838,178
Truck354252,3239,2656,4800,4838,38
Truck353536,2822,3122,4600,4839,239
Truck353700,0,3331,4650,4839,189
Truck353257,3238,2998,4525,4840,315
Truck353507,3121,2998,4595,4840,245
Truck353932,2822,1338,4710,4840,130
Truck354145,3331,2655,4770,4840,70
Truck352297,1338,2224,4260,4841,581
Truck354008,2437,2656,4735,4841,106
Truck354128,2656,2436,4765,4841,76
Truck354330,0,3122,4825,4841,16
Truck354379,3331,2656,4835,4841,6
Truck353366,2225,3122,4555,4842,287
Truck353931,2821,2655,4710,4842,132
Truck354181,3331,2821,4780,4842,62
Truck353364,3122,2225,4555,4843,288
Truck353446,2822,3238,4575,4843,268
Truck353722,2999,2224,4655,4843,188
Truck353771,2998,2225,4665,4843,178
Truck352769,3121,1338,4390,4844,454
Truck352809,2436,2224,4400,4844,444
Truck353081,2224,0,4475,4844,369
Truck354143,2224,2998,4770,4844,74
Truck352315,1338,2655,4265,4845,580
Truck353312,2225,3331,4540,4845,305
Truck354163,3331,1338,4775,4845,70
Truck353368,1339,2225,4555,4846,291
Truck354026,2437,2655,4740,4846,106
Truck353784,3239,3238,4670,4847,177
Truck354166,2822,2998,4775,4847,72
Truck353520,0,2822,4600,4848,248
Truck353740,2999,2224,4660,4848,188
Truck353768,2656,1339,4665,4848,183
Truck353775,2655,2998,4670,4848,178
Truck353789,2998,2436,4670,4848,178
Truck353888,2225,2436,4700,4848,148
Truck353732,2656,0,4655,4849,194
Truck354412,1339,3122,4845,4849,4
Truck352333,1338,2656,4270,4850,580
Truck352645,3238,2436,4355,4850,495
Truck353571,2821,3122,4610,4850,240
Truck353910,3239,1339,4705,4851,146
Truck353918,2437,3121,4710,4851,141
Truck354164,2656,2655,4775,4851,76
Truck354372,3122,0,4835,4851,16
Truck353185,3238,2225,4505,4852,347
Truck353543,3121,2656,4605,4852,247
Truck354236,2656,2821,4795,4852,57
Truck353554,2822,0,4605,4853,248
Truck353678,2656,3238,4640,4853,213
Truck352410,3122,1338,4290,4854,564
Truck354430,1339,3122,4850,4854,4
Truck352351,1338,2821,4275,4855,580
Truck353321,2998,3238,4540,4855,315
Truck353348,2225,2656,4550,4855,305
Truck353481,2821,3238,4585,4855,270
Truck353758,2999,2822,4665,4855,190
Truck353812,2999,1339,4680,4855,175
Truck354199,3331,3121,4785,4855,70
Truck353259,2436,3121,4525,4856,331
Truck353393,2998,0,4560,4856,296
Truck353946,3239,2998,4715,4856,141
Truck354203,2998,2822,4785,4856,71
Truck354384,0,3122,4840,4856,16
Truck354390,3122,0,4840,4856,16
Truck353561,3121,2224,4610,4857,247
Truck353615,3121,1339,4625,4857,232
Truck353985,2821,2437,4725,4857,132
Truck352423,1338,3122,4295,4858,563
Truck353417,3121,3238,4570,4858,288
Truck353707,3238,3331,4650,4858,208
Truck353821,3331,3122,4680,4858,178
Truck354092,2656,2998,4755,4858,103
Truck353135,2224,0,4490,4859,369
Truck353776,2999,2656,4670,4859,189
Truck353836,1339,2999,4685,4859,174
Truck353996,2225,2436,4730,4859,129
Truck354324,3239,2437,4820,4859,39
Truck352369,1338,2998,4280,4860,580
Truck353579,3121,2224,4615,4860,245
Truck353754,0,2656,4665,4860,195
Truck354004,2822,2225,4730,4860,130
Truck353411,2998,0,4565,4861,296
Truck353447,2998,3122,4575,4861,286
Truck353567,2224,2436,4610,4861,251
Truck353957,3121,2437,4720,4861,141
Truck353633,3121,1339,4630,4862,232
Truck354003,2821,2999,4730,4862,132
Truck354253,3331,2821,4800,4862,62
Truck354255,2821,3331,4800,4862,62
Truck352386,0,1338,4285,4863,578
Truck353574,0,2822,4615,4863,248
Truck353794,2999,3239,4675,4863,188
Truck353818,1339,2656,4680,4863,183
Truck353822,2656,1339,4680,4863,183
Truck354333,2655,3239,4825,4863,38
Truck352446,3122,1338,4300,4864,564
Truck354271,3331,2822,4805,4864,59
Truck354342,3239,1338,4825,4864,39
Truck353653,3238,2999,4635,4865,230
Truck354022,2822,2999,4735,4865,130
Truck354235,3331,3121,4795,4865,70
Truck352441,1338,1339,4300,4866,566
Truck352791,2436,2998,4395,4866,471
Truck353384,2225,2656,4560,4866,306
Truck353577,2655,2224,4615,4866,251
Truck353585,2224,1338,4615,4866,251
Truck353855,2224,2656,4690,4866,176
Truck353858,2656,2224,4690,4866,176
Truck353964,3239,1339,4720,4866,146
Truck353597,3121,3239,4620,4867,247
Truck354238,2822,2998,4795,4867,72
Truck354273,2821,3331,4805,4867,62
Truck353811,2655,2999,4680,4868,188
Truck353861,2998,3121,4690,4868,178
Truck354116,2437,0,4765,4868,103
Truck352735,3238,2436,4380,4870,490
Truck352405,1338,2656,4290,4871,581
Truck352827,2436,2656,4405,4871,466
Truck352845,2436,3331,4410,4871,461
Truck352981,1338,2436,4450,4871,421
Truck352468,1339,1338,4305,4872,567
Truck353674,1339,3121,4640,4872,232
Truck354027,2655,2821,4740,4872,132
Truck354309,2821,2656,4815,4872,57
Truck353225,2224,1339,4515,4873,358
Truck353610,0,2822,4625,4873,248
Truck354009,2655,3238,4735,4873,138
Truck354280,2999,3121,4810,4873,63
Truck353117,2224,3238,4485,4874,389
Truck353830,2999,2998,4685,4874,189
Truck354378,3239,2436,4835,4874,39
Truck352425,2655,1338,4295,4875,580
Truck353277,2436,2437,4530,4875,345
Truck353415,2655,2225,4570,4875,305
Truck353420,2225,3331,4570,4875,305
Truck354078,0,2655,4755,4875,120
Truck353844,0,2999,4690,4876,186
Truck354254,2656,2225,4800,4876,76
Truck353875,3331,2224,4695,4877,182
Truck354057,2821,2437,4745,4877,132
Truck354082,2999,2225,4755,4877,122
Truck354086,2225,2999,4755,4877,122
Truck354134,2437,2998,4770,4877,107
Truck354196,1339,2437,4785,4877,92
Truck353848,2999,2224,4690,4878,188
Truck353897,2998,3121,4700,4878,178
Truck354396,3239,1338,4840,4879,39
Truck353651,3121,2224,4635,4880,245
Truck354041,2998,3239,4740,4880,140
Truck353494,1339,2225,4590,4881,291
Truck353639,2224,2437,4630,4881,251
Truck354152,2437,2998,4775,4881,106
Truck353893,3331,2224,4700,4882,182
Truck353508,3122,2225,4595,4883,288
Truck353908,1339,3331,4705,4883,178
Truck354170,2437,0,4780,4883,103
Truck354185,2998,2656,4780,4883,103
Truck353149,3238,2224,4495,4884,389
Truck353697,2821,1339,4645,4884,239
Truck353724,3122,3121,4655,4884,229
Truck354414,3239,3121,4845,4884,39
Truck353456,2225,2821,4580,4885,305
Truck353828,2437,2225,4685,4885,200
Truck353866,2999,2656,4695,4885,190
Truck354094,2822,2999,4755,4885,130
Truck352461,2655,1338,4305,4886,581
Truck352900,1339,2436,4425,4886,461
Truck354044,2437,3121,4745,4886,141
Truck354047,3121,2437,4745,4886,141
Truck353484,0,2998,4590,4887,297
Truck353909,2224,3331,4705,4887,182
Truck354093,2821,1338,4755,4887,132
Truck352872,0,2436,4420,4888,468
Truck352971,2436,2656,4445,4888,443
Truck354432,3239,2656,4850,4888,38
Truck353682,0,3121,4645,4889,244
Truck353706,3122,2822,4650,4889,239
Truck353742,3122,3121,4660,4889,229
Truck353802,3239,2224,4675,4889,214
Truck354135,2655,0,4770,4889,119
Truck354355,3238,1339,4830,4889,59
Truck353474,2225,2655,4585,4890,305
Truck353710,1339,2821,4650,4890,240
Truck353884,2999,2655,4700,4890,190
Truck354147,2821,2224,4770,4890,120
Truck354188,2437,2656,4785,4890,105
Truck352477,1338,2224,4310,4891,581
Truck353528,2225,1339,4600,4891,291
Truck353675,2224,2436,4640,4891,251
Truck353941,3238,3239,4715,4891,176
Truck354062,2437,3121,4750,4891,141
Truck354308,2656,3121,4815,4891,76
Truck353025,2436,0,4460,4892,432
Truck353502,0,2998,4595,4892,297
Truck353734,2822,1339,4655,4892,237
Truck354111,2821,2225,4760,4892,132
Truck353759,3121,3122,4665,4893,228
Truck353911,3331,0,4705,4893,188
Truck353951,2998,2655,4715,4893,178
Truck354221,2998,2656,4790,4893,103
Truck354450,3239,2655,4855,4894,39
Truck352495,1338,3331,4315,4895,580
Truck353007,2436,1339,4455,4895,440
Truck353250,0,2224,4525,4895,370
Truck353492,2225,2224,4590,4895,305
Truck353728,1339,2821,4655,4895,240
Truck354130,2822,2655,4765,4895,130
Truck353966,2656,2224,4720,4896,176
Truck354206,2437,3239,4790,4896,106
Truck352953,2436,2822,4440,4897,457
Truck354270,3239,2822,4805,4897,92
Truck354399,2821,2656,4840,4897,57
Truck353079,2436,1338,4475,4898,423
Truck353837,2224,3239,4685,4898,213
Truck353929,3331,0,4710,4898,188
Truck354347,2998,2224,4825,4899,74
Truck353779,3238,2999,4670,4900,230
Truck353920,2999,2821,4710,4900,190
Truck354361,3331,2999,4830,4900,70
Truck353723,3121,2224,4655,4901,246
Truck354098,2437,3121,4760,4901,141
Truck354108,3239,2998,4760,4901,141
Truck354224,2437,2821,4795,4901,106
Truck353983,3331,1339,4725,4902,177
Truck354104,2225,2436,4760,4902,142
Truck354278,2437,1339,4810,4902,92
Truck354397,3331,2821,4840,4902,62
Truck354416,2656,2821,4845,4902,57
Truck354505,3331,3239,4870,4902,32
Truck353851,3238,2656,4690,4903,213
Truck353947,3331,0,4715,4903,188
Truck353930,2656,0,4710,4904,194
Truck353333,2224,3122,4545,4905,360
Truck353741,3121,2655,4660,4905,245
Truck352585,1338,1339,4340,4906,566
Truck353061,2436,2821,4470,4906,436
Truck353584,1339,2225,4615,4906,291
Truck353721,2655,2224,4655,4906,251
Truck354242,2437,2224,4800,4906,106
Truck354613,3331,2656,4900,4906,6
Truck353306,2437,2436,4540,4907,367
Truck354408,3122,3238,4845,4907,62
Truck354250,1339,2655,4800,4908,108
Truck353541,2655,2225,4605,4909,304
Truck353546,2225,2656,4605,4909,304
Truck353956,2999,3331,4720,4909,189
Truck353993,3121,2225,4730,4909,179
Truck354171,2655,2822,4780,4909,129
Truck354334,2999,2437,4825,4909,84
Truck354504,3239,1338,4870,4909,39
Truck353519,2998,3238,4595,4910,315
Truck354184,2822,2655,4780,4910,130
Truck352549,1338,2998,4330,4911,581
Truck353747,2224,1338,4660,4911,251
Truck354126,3239,1339,4765,4911,146
Truck354144,3239,2998,4770,4911,141
Truck354380,2656,2655,4835,4911,76
Truck354582,0,3122,4895,4911,16
Truck354030,3122,2999,4740,4912,172
Truck354183,2821,1338,4780,4912,132
Truck353894,2656,3238,4700,4913,213
Truck353974,2999,2656,4725,4913,188
Truck354153,2655,3238,4775,4913,138
Truck354268,1339,2655,4805,4913,108
Truck354540,3239,3331,4880,4913,33
Truck354189,2655,2822,4785,4914,129
Truck354522,3239,2999,4875,4914,39
Truck353777,3121,2822,4670,4915,245
Truck354028,2999,1339,4740,4915,175
Truck354167,2998,3239,4775,4915,140
Truck354202,2822,2225,4785,4915,130
Truck354415,3331,2655,4845,4915,70
Truck353620,1339,2225,4625,4916,291
Truck354642,3122,1339,4910,4916,6
Truck353236,2999,1338,4520,4917,397
Truck354201,2821,2655,4785,4917,132
Truck354332,2437,1339,4825,4917,92
Truck354471,2821,2656,4860,4917,57
Truck353912,2656,3238,4705,4918,213
Truck353923,3238,3331,4710,4918,208
Truck354034,1339,3331,4740,4918,178
Truck353988,0,3331,4730,4919,189
Truck354354,3122,2437,4830,4919,89
Truck354466,1339,3238,4860,4919,59
Truck354664,1339,3122,4915,4919,4
Truck353340,0,2224,4550,4920,370
Truck353555,2998,3238,4605,4920,315
Truck353970,0,2656,4725,4920,195
Truck353772,0,2821,4670,4921,251
Truck354296,2437,2224,4815,4921,106
Truck353437,3238,2225,4575,4922,347
Truck353652,3122,2998,4635,4922,287
Truck354244,2999,2225,4800,4922,122
Truck354489,2821,2656,4865,4922,57
Truck353097,2436,2822,4480,4923,443
Truck353405,2224,1339,4565,4923,358
Truck353927,2224,3239,4710,4923,213
Truck354326,2656,2998,4820,4923,103
Truck354431,2224,2822,4850,4924,74
Truck354682,1339,3122,4920,4924,4
Truck352603,1338,2656,4345,4925,580
Truck353043,2436,2224,4465,4925,460
Truck353972,2437,2225,4725,4925,200
Truck354314,2437,3239,4820,4925,105
Truck354360,3239,2821,4830,4925,95
Truck354451,3331,2655,4855,4925,70
Truck353801,2224,2437,4675,4926,251
Truck354198,3239,2998,4785,4926,141
Truck354434,2656,2436,4850,4926,76
Truck353151,2436,2998,4495,4927,432
Truck353867,3121,1339,4695,4927,232
Truck354237,2821,2655,4795,4927,132
Truck353670,3122,2225,4640,4928,288
Truck354070,1339,3331,4750,4928,178
Truck354073,3331,3122,4750,4928,178
Truck354077,2998,2655,4750,4928,178
Truck354175,3238,2437,4780,4928,148
Truck352621,1338,2656,4350,4929,579
Truck354065,3121,2225,4750,4929,179
Truck354088,1339,2999,4755,4929,174
Truck353421,2436,2437,4570,4930,360
Truck353618,2225,3331,4625,4930,305
Truck353699,2998,1339,4645,4930,285
Truck353854,1339,2821,4690,4930,240
Truck354256,2822,2436,4800,4930,130
Truck354441,2655,2656,4855,4930,75
Truck354469,3331,1338,4860,4930,70
Truck353808,0,2821,4680,4931,251
Truck354452,2656,2999,4855,4931,76
Truck353688,3122,2998,4645,4932,287
Truck354091,3331,1339,4755,4932,177
Truck354400,2822,3239,4840,4932,92
Truck354524,2656,2821,4875,4932,57
Truck354362,2656,2998,4830,4933,103
Truck354365,2998,2656,4830,4933,103
Truck353878,2822,3122,4695,4934,239
Truck354046,2999,3239,4745,4934,189
Truck354424,2999,2437,4850,4934,84
Truck354594,3239,2437,4895,4934,39
Truck353206,1339,2436,4510,4935,425
Truck354274,2822,2655,4805,4935,130
Truck354336,3122,2655,4825,4935,110
Truck354477,2655,3331,4865,4935,70
Truck354350,2437,2656,4830,4936,106
Truck353664,0,2998,4640,4937,297
Truck354261,2655,2821,4805,4937,132
Truck354490,2822,2998,4865,4937,72
Truck354515,3121,2999,4875,4937,62
Truck354543,2821,2656,4880,4937,57
Truck354631,3331,3239,4905,4937,32
Truck353705,3121,3238,4650,4938,288
Truck354113,2998,2437,4760,4938,178
Truck354247,3238,2655,4800,4938,138
Truck354422,2437,3122,4850,4938,88
Truck352657,1338,3331,4360,4939,579
Truck353982,3239,2224,4725,4939,214
Truck353035,1338,2437,4465,4940,475
Truck353649,2655,2225,4635,4940,305
Truck353890,1339,2821,4700,4940,240
Truck353895,2821,3122,4700,4940,240
Truck354084,3122,2656,4755,4940,185
Truck354292,2822,3121,4810,4940,130
Truck354562,2822,2656,4885,4940,55
Truck354488,2656,2225,4865,4941,76
Truck353323,1338,2999,4545,4942,397
Truck353797,3238,2822,4675,4942,267
Truck354560,2656,2821,4885,4942,57
Truck352513,1338,3238,4320,4943,623
Truck354117,2655,2998,4765,4943,178
Truck354386,2437,0,4840,4943,103
Truck354632,2656,3239,4905,4943,38
Truck352675,1338,3239,4365,4944,579
Truck353112,3122,2436,4485,4944,459
Truck353365,3238,2224,4555,4944,389
Truck354074,2656,0,4750,4944,194
Truck354503,2224,2822,4870,4944,74
Truck353672,2225,2821,4640,4945,305
Truck353805,2821,3238,4675,4945,270
Truck354310,2822,2436,4815,4945,130
Truck353873,2224,2437,4695,4946,251
Truck353527,3238,2225,4600,4947,347
Truck353780,2225,1338,4670,4947,277
Truck353815,3238,2822,4680,4947,267
Truck353944,1339,3121,4715,4947,232
Truck354216,3239,0,4790,4947,157
Truck354454,2822,3239,4855,4947,92
Truck353495,2224,1339,4590,4948,358
Truck353880,0,2822,4700,4948,248
Truck354124,1339,2656,4765,4948,183
Truck354279,2655,3238,4810,4948,138
Truck354387,2655,1339,4840,4948,108
Truck354648,3239,2656,4910,4948,38
Truck353459,2224,0,4580,4949,369
Truck354140,2225,3121,4770,4949,179
Truck354521,2224,2998,4875,4949,74
Truck352693,1338,2224,4370,4950,580
Truck354100,2999,2822,4760,4950,190
Truck354328,2822,2655,4820,4950,130
Truck354404,2437,2224,4845,4950,105
Truck354513,2655,2656,4875,4950,75
Truck353241,2436,0,4520,4951,431
Truck353891,2224,2437,4700,4951,251
Truck353903,3121,2822,4705,4951,246
Truck354281,3121,2437,4810,4951,141
Truck354528,0,3238,4880,4951,71
Truck354775,3331,2656,4945,4951,6
Truck352935,2436,3238,4435,4952,517
Truck353545,3238,2225,4605,4952,347
Truck353833,3238,2822,4685,4952,267
Truck353962,1339,3121,4720,4952,232
Truck354468,3239,2822,4860,4952,92
Truck354596,2656,2821,4895,4952,57
Truck354597,2821,2656,4895,4952,57
Truck352710,0,1338,4375,4953,578
Truck353760,3122,2225,4665,4953,288
Truck353761,3238,3121,4665,4953,288
Truck353842,2822,3238,4685,4953,268
Truck353889,2436,2999,4700,4953,253
Truck353914,2822,0,4705,4953,248
Truck354035,2224,3239,4740,4953,213
Truck354055,3331,3238,4745,4953,208
Truck354036,3239,2224,4740,4954,214
Truck354158,2225,3121,4775,4954,179
Truck354589,3238,1339,4895,4954,59
Truck354666,3239,2655,4915,4954,39
Truck353169,2436,2655,4500,4955,455
Truck353913,2821,0,4705,4955,250
Truck353921,3121,2224,4710,4955,245
Truck354080,2437,2225,4755,4955,200
Truck354096,0,2656,4760,4955,195
Truck354138,3122,2656,4770,4955,185
Truck354346,2822,2999,4825,4955,130
Truck354559,3331,3121,4885,4955,70
Truck352713,2655,1338,4375,4956,581
Truck353115,2436,2822,4485,4956,471
Truck353708,2225,2655,4650,4956,306
Truck354288,3239,1339,4810,4956,146
Truck354542,2656,3121,4880,4956,76
Truck354750,3122,0,4940,4956,16
Truck354345,2821,3121,4825,4957,132
Truck354370,2999,2225,4835,4957,122
Truck354614,2656,2821,4900,4957,57
Truck354705,2821,2822,4925,4957,32
Truck354315,2655,3238,4820,4958,138
Truck354319,3238,2655,4820,4958,138
Truck353179,1338,3121,4505,4959,454
Truck354684,3239,2655,4920,4959,39
Truck352729,1338,2224,4380,4960,580
Truck353800,1339,2998,4675,4960,285
Truck354329,2998,3239,4820,4960,140
Truck354364,2822,2225,4830,4960,130
Truck353986,2822,1339,4725,4962,237
Truck354363,2821,3121,4830,4962,132
Truck352746,0,1338,4385,4963,578
Truck354178,1339,2656,4780,4963,183
Truck354306,3239,3122,4815,4963,148
Truck354704,2656,3239,4925,4963,38
Truck353513,2224,0,4595,4964,369
Truck354012,3122,3121,4735,4964,229
Truck354154,2999,2998,4775,4964,189
Truck354191,3121,2225,4785,4964,179
Truck354532,2999,2437,4880,4964,84
Truck354581,2998,2224,4890,4964,74
Truck354625,3238,1339,4905,4964,59
Truck354382,2822,1338,4835,4965,130
Truck354595,3331,3121,4895,4965,70
Truck354458,2437,2656,4860,4966,106
Truck354578,2656,1338,4890,4966,76
Truck354689,2998,2821,4920,4966,46
Truck353599,3238,2225,4620,4967,347
Truck353852,2225,1338,4690,4967,277
Truck354228,3122,2999,4795,4967,172
Truck354381,2821,2225,4835,4967,132
Truck354633,2821,3331,4905,4967,62
Truck354741,2821,2822,4935,4967,32
Truck354276,0,3239,4810,4968,158
Truck354622,2999,3121,4905,4968,63
Truck354200,2656,3122,4785,4969,184
Truck354646,1339,3238,4910,4969,59
Truck354720,3239,2655,4930,4969,39
Truck352765,1338,2656,4390,4970,580
Truck353757,2655,2225,4665,4970,305
Truck353220,3122,2436,4515,4971,456
Truck354847,3331,2656,4965,4971,6
Truck353133,2436,3238,4490,4972,482
Truck353832,3122,2998,4685,4972,287
Truck354476,2437,3239,4865,4972,107
Truck354239,2998,2225,4795,4973,178
Truck354740,2656,3239,4935,4973,38
Truck353237,3121,1338,4520,4974,454
Truck354190,2999,3331,4785,4974,189
Truck352783,1338,2821,4395,4975,580
Truck353305,1338,2436,4540,4975,435
Truck354418,2822,2436,4845,4975,130
Truck354449,2224,2821,4855,4975,120
Truck354603,2655,2656,4900,4975,75
Truck354621,2655,3331,4905,4975,70
Truck354688,2822,2656,4920,4975,55
Truck352837,1338,1339,4410,4976,566
Truck354208,2999,0,4790,4976,186
Truck354494,2437,2998,4870,4976,106
Truck353635,3238,2225,4630,4977,347
Truck354405,2655,2821,4845,4977,132
Truck354417,2821,2437,4845,4977,132
Truck354442,2999,2225,4855,4977,122
Truck354844,1339,0,4965,4977,12
Truck353790,0,2225,4675,4978,303
Truck353850,3122,2225,4690,4978,288
Truck354257,2998,2437,4800,4978,178
Truck354312,0,3239,4820,4978,158
Truck353798,2225,2224,4675,4979,304
Truck352801,1338,2822,4400,4980,580
Truck354246,3122,3331,4800,4980,180
Truck354558,3239,2821,4885,4980,95
Truck354649,3331,1338,4910,4980,70
Truck353843,2998,0,4685,4981,296
Truck353999,2224,2436,4730,4981,251
Truck354064,2999,3238,4750,4981,231
Truck354512,2437,2998,4875,4981,106
Truck353307,2655,2436,4540,4982,442
Truck353467,1338,2999,4585,4982,397
Truck354685,3331,2821,4920,4982,62
Truck353205,2436,3239,4510,4983,473
Truck353295,2436,3122,4535,4983,448
Truck353868,3122,2225,4695,4983,288
Truck354226,2999,2821,4795,4983,188
Truck354275,2998,2225,4805,4983,178
Truck354368,2437,3238,4835,4983,148
Truck354765,2655,3239,4945,4983,38
Truck353799,2436,3121,4675,4984,309
Truck354218,2656,0,4790,4984,194
Truck354266,2225,3121,4805,4984,179
Truck352819,1338,3239,4405,4985,580
Truck354021,2821,0,4735,4985,250
Truck354530,2437,3331,4880,4985,105
Truck354667,3331,2437,4915,4985,70
Truck354006,0,2821,4735,4986,251
Truck354761,2998,2821,4940,4986,46
Truck354858,3122,0,4970,4986,16
Truck354076,2822,1339,4750,4987,237
Truck354453,2821,2225,4855,4987,132
Truck354670,2822,2998,4915,4987,72
Truck354293,2998,2655,4810,4988,178
Truck353834,2225,2655,4685,4989,304
Truck354792,3239,2999,4950,4989,39
Truck354472,2822,2437,4860,4990,130
Truck354507,2821,2224,4870,4990,120
Truck352891,1338,1339,4425,4991,566
Truck354316,2999,3122,4820,4991,171
Truck354548,2437,3239,4885,4991,106
Truck354668,2656,2999,4915,4991,76
Truck353689,3238,2225,4645,4992,347
Truck354287,2224,3331,4810,4992,182
Truck353313,2436,3122,4540,4993,453
Truck353831,3121,2436,4685,4993,308
Truck354119,3121,3122,4765,4993,228
Truck354193,3238,3331,4785,4993,208
Truck354262,2999,2821,4805,4993,188
Truck354311,2998,2437,4815,4993,178
Truck354934,1339,3122,4990,4994,4
Truck352855,1338,2224,4415,4995,580
Truck353233,1338,2437,4520,4995,475
Truck353657,2224,3122,4635,4995,360
Truck353825,2998,3238,4680,4995,315
Truck353933,2998,1339,4710,4995,285
Truck353977,3238,2821,4725,4995,270
Truck354230,2225,2437,4795,4995,200
Truck354240,0,2656,4800,4995,195
Truck354300,3122,3331,4815,4995,180
Truck354697,3238,0,4925,4995,70
Truck354703,3331,3121,4925,4995,70
Truck354053,2224,3121,4745,4996,251
Truck354888,0,3122,4980,4996,16
Truck353922,3122,2998,4710,4997,287
Truck354305,2224,3331,4815,4997,182
Truck354739,3331,2821,4935,4997,62
Truck354217,3331,3238,4790,4998,208
Truck354757,3331,2822,4940,4999,59
Truck353870,2225,3331,4695,5000,305
Truck354083,3121,3239,4755,5000,245
Truck354139,3238,2999,4770,5000,230
Truck354248,2225,2437,4800,5000,200
Truck354258,0,2656,4805,5000,195
Truck354508,2822,2655,4870,5000,130
Truck354071,2224,2436,4750,5001,251
Truck354136,2999,3238,4770,5001,231
Truck354344,2656,2224,4825,5001,176
Truck354584,2437,2998,4895,5001,106
Truck353331,2436,3122,4545,5002,457
Truck353940,3122,2998,4715,5002,287
Truck354010,2999,2436,4735,5002,267
Truck354013,3238,2822,4735,5002,267
Truck354229,3238,3331,4795,5003,208
Truck354298,2999,2655,4815,5003,188
Truck353692,1339,2224,4645,5004,359
Truck354660,3122,2437,4915,5004,89
Truck354101,3121,3331,4760,5005,245
Truck354526,2822,1338,4875,5005,130
Truck354726,0,3238,4935,5006,71
Truck353403,2436,0,4565,5007,442
Truck353916,0,2998,4710,5007,297
Truck354525,2821,2655,4875,5007,132
Truck354656,2437,1339,4915,5007,92
Truck354777,2821,3331,4945,5007,62
Truck354040,2822,3238,4740,5008,268
Truck354112,2822,0,4760,5008,248
Truck354635,2998,2656,4905,5008,103
Truck354855,2655,3239,4970,5008,38
Truck353359,1338,3121,4555,5009,454
Truck354148,2822,3122,4770,5009,239
Truck354234,3239,2224,4795,5009,214
Truck354356,2225,3121,4830,5009,179
Truck354678,3122,2437,4920,5009,89
Truck354743,2998,2224,4935,5009,74
Truck352911,2655,1338,4430,5010,580
Truck353906,2225,3239,4705,5010,305
Truck354544,2822,2999,4880,5010,130
Truck354606,3122,2655,4900,5010,110
Truck352909,1338,2655,4430,5011,581
Truck353187,2436,3238,4505,5011,506
Truck353987,2998,3122,4725,5011,286
Truck354107,2224,3121,4760,5011,251
Truck354620,2437,2655,4905,5011,106
Truck352927,1338,0,4435,5012,577
Truck353578,2999,1338,4615,5012,397
Truck353976,3122,2998,4725,5012,287
Truck354785,3121,2999,4950,5012,62
Truck354786,3122,3238,4950,5012,62
Truck354265,3238,3331,4805,5013,208
Truck354636,0,2437,4910,5013,103
Truck353381,3121,1338,4560,5014,454
Truck354371,3121,2225,4835,5014,179
Truck354830,2656,2822,4960,5014,54
Truck352929,2655,1338,4435,5015,580
Truck353729,2224,3122,4655,5015,360
Truck353998,1339,2998,4730,5015,285
Truck354137,3121,2998,4770,5015,245
Truck354638,2437,2998,4910,5015,105
Truck353924,2225,2821,4710,5016,306
Truck353969,2998,0,4720,5016,296
Truck354114,0,2821,4765,5016,251
Truck354125,2224,2655,4765,5016,251
Truck354758,2656,1338,4940,5016,76
Truck354762,0,3238,4945,5016,71
Truck354814,2822,3331,4955,5016,61
Truck354156,3122,2821,4775,5017,242
Truck354549,2655,2821,4885,5017,132
Truck354561,2821,1338,4885,5017,132
Truck354813,2821,3331,4955,5017,62
Truck353995,3238,3121,4730,5018,288
Truck354209,3121,3122,4790,5018,228
Truck354272,2656,3238,4805,5018,213
Truck354401,2998,2225,4840,5018,178
Truck354918,3239,3331,4985,5018,33
Truck352945,1338,3331,4440,5019,579
Truck354352,2999,3239,4830,5019,189
Truck354392,2225,3121,4840,5019,179
Truck353942,2225,2656,4715,5020,305
Truck354580,2822,2999,4890,5020,130
Truck354615,2821,2224,4900,5020,120
Truck353472,3122,2436,4585,5021,436
Truck354132,0,2821,4770,5021,251
Truck354885,2821,2998,4975,5021,46
Truck354984,3122,0,5005,5021,16
Truck353614,2999,1338,4625,5022,397
Truck354214,1339,3121,4790,5022,232
Truck354486,3239,0,4865,5022,157
Truck353349,2436,2224,4550,5023,473
Truck353367,2436,2655,4555,5023,468
Truck354290,2656,3238,4810,5023,213
Truck354419,2998,2655,4845,5023,178
Truck354398,2656,3122,4840,5024,184
Truck354791,2224,2822,4950,5024,74
Truck355042,1339,3122,5020,5024,4
Truck354085,3238,2821,4755,5025,270
Truck354348,0,2656,4830,5025,195
Truck354563,2998,3239,4885,5025,140
Truck354783,2655,2656,4950,5025,75
Truck354811,3331,2437,4955,5025,70
Truck353960,2225,2655,4720,5026,306
Truck354161,2224,2437,4775,5026,251
Truck354996,0,3122,5010,5026,16
Truck354220,2822,1339,4790,5027,237
Truck354738,3239,2822,4935,5027,92
Truck354840,3122,3238,4965,5027,62
Truck353347,3238,2436,4550,5028,478
Truck354571,3238,2655,4890,5028,138
Truck353435,3121,1338,4575,5029,454
Truck354388,2999,2821,4840,5029,189
Truck354425,3121,2225,4850,5029,179
Truck354859,3238,1339,4970,5029,59
Truck354936,3239,2999,4990,5029,39
Truck353978,2225,2822,4725,5030,305
Truck354118,2999,2436,4765,5030,265
Truck354616,2822,2436,4900,5030,130
Truck354692,2437,3331,4925,5030,105
Truck354829,3331,2437,4960,5030,70
Truck353493,2436,2821,4590,5031,441
Truck354179,2224,2999,4780,5031,251
Truck354445,3238,3239,4855,5031,176
Truck354556,1339,3239,4885,5031,146
Truck354812,2656,2655,4955,5031,76
Truck354433,3331,2224,4850,5032,182
Truck354867,2821,3331,4970,5032,62
Truck354973,3331,3239,5000,5032,32
Truck353223,2436,3238,4515,5033,518
Truck354263,3121,3122,4805,5033,228
Truck354455,2998,2999,4855,5033,178
Truck354708,0,2437,4930,5033,103
Truck353385,2436,2822,4560,5034,474
Truck354833,2998,2224,4960,5034,74
Truck354954,3239,2437,4995,5034,39
Truck354634,2822,2999,4905,5035,130
Truck354851,2998,2822,4965,5036,71
Truck355038,3122,0,5020,5036,16
Truck354066,3122,2225,4750,5038,288
Truck354566,2437,3238,4890,5038,148
Truck353017,1338,2822,4460,5039,579
Truck353783,2224,0,4670,5039,369
Truck354014,2225,2224,4735,5039,304
Truck354711,2655,3122,4930,5039,109
Truck354972,3239,2225,5000,5039,39
Truck354227,3121,3331,4795,5040,245
Truck354652,2822,3121,4910,5040,130
Truck354728,2437,2998,4935,5040,105
Truck354895,3238,3122,4980,5040,60
Truck353019,2655,1338,4460,5041,581
Truck353511,2436,3239,4595,5041,446
Truck354068,2225,1339,4750,5041,291
Truck354207,2655,2224,4790,5041,251
Truck354215,2224,2437,4790,5041,251
Truck354481,3238,3239,4865,5041,176
Truck354612,3239,2998,4900,5041,141
Truck354848,2656,2225,4965,5041,76
Truck355050,0,3122,5025,5041,16
Truck354172,2999,2436,4780,5042,262
Truck354487,3331,1339,4865,5042,177
Truck354651,2821,2437,4910,5042,132
Truck352873,1338,3238,4420,5043,623
Truck354491,2998,1338,4865,5043,178
Truck354729,2655,1339,4935,5043,108
Truck354800,2437,3122,4955,5043,88
Truck353559,2655,2436,4610,5044,434
Truck354470,2656,3122,4860,5044,184
Truck354795,2821,3239,4950,5044,94
Truck354913,3238,1339,4985,5044,59
Truck354690,0,2655,4925,5045,120
Truck354701,2224,2821,4925,5045,120
Truck354032,2225,2224,4740,5046,306
Truck354225,2655,2224,4795,5046,251
Truck354233,2224,3121,4795,5046,251
Truck354245,3121,2655,4800,5046,246
Truck354746,2437,2998,4940,5046,106
Truck354977,2998,2821,5000,5046,46
Truck353311,3238,2436,4540,5047,507
Truck354391,3238,3331,4840,5048,208
Truck354460,2999,2655,4860,5048,188
Truck355010,2656,3239,5010,5048,38
Truck353743,3238,2224,4660,5049,389
Truck355008,3239,3121,5010,5049,39
Truck353053,1338,2998,4470,5050,580
Truck353939,3121,2436,4715,5050,335
Truck354291,2821,3122,4810,5050,240
Truck354653,2998,3239,4910,5050,140
Truck354662,2225,2436,4915,5050,135
Truck354050,2225,2821,4745,5051,306
Truck354243,2655,2224,4800,5051,251
Truck354251,2224,2999,4800,5051,251
Truck353905,3238,2225,4705,5052,347
Truck354322,1339,3121,4820,5052,232
Truck354687,2821,2225,4920,5052,132
Truck354712,2999,2225,4930,5052,122
Truck354929,3121,2999,4990,5052,62
Truck354506,2656,1339,4870,5053,183
Truck354523,3331,3122,4875,5053,178
Truck354590,2225,2436,4895,5053,158
Truck354854,2437,2999,4970,5053,83
Truck353765,2224,3238,4665,5054,389
Truck354478,2999,2821,4865,5054,189
Truck355026,3239,2655,5015,5054,39
Truck353071,1338,2224,4475,5055,580
Truck353826,0,2224,4685,5055,370
Truck354149,2998,1339,4770,5055,285
Truck354440,2437,2225,4855,5055,200
Truck354706,2822,3121,4925,5055,130
Truck354919,3331,2225,4985,5055,70
Truck354269,2224,1338,4805,5056,251
Truck354902,2656,2655,4980,5056,76
Truck353143,1338,3122,4495,5058,563
Truck353616,3122,2436,4625,5058,433
Truck354409,3238,2656,4845,5058,213
Truck354545,2998,3121,4880,5058,178
Truck354793,3331,2998,4950,5058,108
Truck354496,2999,3331,4870,5059,189
Truck355044,3239,3121,5020,5059,39
Truck353089,1338,2655,4480,5060,580
Truck354059,2998,3238,4745,5060,315
Truck354219,2821,3238,4790,5060,270
Truck354299,3121,3239,4815,5060,245
Truck354327,2821,3122,4820,5060,240
Truck354724,2822,2655,4930,5060,130
Truck354759,2821,2224,4940,5060,120
Truck354674,2437,3121,4920,5061,141
Truck354920,2656,1338,4985,5061,76
Truck354976,2822,3331,5000,5061,61
Truck354318,3122,2821,4820,5062,242
Truck354862,1339,2437,4970,5062,92
Truck354975,2821,3331,5000,5062,62
Truck353161,1338,3122,4500,5063,563
Truck353562,3122,2436,4610,5063,453
Truck354157,3238,3121,4775,5063,288
Truck354294,0,2822,4815,5063,248
Truck354514,2999,3239,4875,5063,188
Truck354964,2999,3121,5000,5063,63
Truck354029,3121,2436,4740,5064,324
Truck354876,3122,2437,4975,5064,89
Truck354892,2999,2437,4980,5064,84
Truck355062,3239,1338,5025,5064,39
Truck353109,2655,1338,4485,5065,580
Truck354099,2655,2225,4760,5065,305
Truck354742,2822,2655,4935,5065,130
Truck354818,2437,2655,4960,5065,105
Truck354864,3239,2821,4970,5065,95
Truck354985,3238,3122,5005,5065,60
Truck354938,2656,3121,4990,5066,76
Truck353959,3238,2225,4720,5067,347
Truck355011,2821,2656,5010,5067,57
Truck354173,3121,3238,4780,5068,288
Truck353926,1339,2224,4710,5069,359
Truck353936,2437,2436,4715,5069,354
Truck355009,3331,2822,5010,5069,59
Truck354122,2225,2821,4765,5070,305
Truck354335,3121,2224,4825,5070,245
Truck354760,2822,2999,4940,5070,130
Truck354945,2655,2656,4995,5070,75
Truck353583,2436,1339,4615,5071,456
Truck354223,1338,2225,4795,5071,276
Truck354323,2224,3121,4820,5071,251
Truck354700,1339,3239,4925,5071,146
Truck354710,2437,3121,4930,5071,141
Truck354836,2437,2821,4965,5071,106
Truck354956,2656,2655,4995,5071,76
Truck355200,3122,1339,5065,5071,6
Truck354192,3122,2998,4785,5072,287
Truck355119,2821,2822,5040,5072,32
Truck353945,2224,1339,4715,5073,358
Truck354574,1339,2656,4890,5073,183
Truck354550,2999,2655,4885,5074,189
Truck355046,2656,2822,5020,5074,54
Truck355098,3239,2999,5035,5074,39
Truck353647,1338,2436,4635,5075,440
Truck354570,3122,2656,4890,5075,185
Truck354991,3331,2999,5005,5075,70
Truck354339,2436,2999,4825,5076,251
Truck354568,2999,0,4890,5076,186
Truck355083,2821,2998,5030,5076,46
Truck353401,3238,2436,4565,5077,512
Truck353809,1338,2999,4680,5077,397
Truck354283,3238,2822,4810,5077,267
Truck352999,1338,3238,4455,5078,623
Truck353601,2436,2822,4620,5078,458
Truck354617,2998,3121,4900,5078,178
Truck354819,2655,0,4960,5079,119
Truck354946,2999,2437,4995,5079,84
Truck354995,2998,2224,5005,5079,74
Truck354789,2436,2225,4950,5080,130
Truck354796,2822,2436,4950,5080,130
Truck355066,2822,2656,5025,5080,55
Truck353439,2436,3238,4575,5081,506
Truck354212,2225,1339,4790,5081,291
Truck354351,2655,2224,4830,5081,251
Truck354872,2437,2656,4975,5081,106
Truck354992,2656,2437,5005,5081,76
Truck354176,2225,0,4780,5082,302
Truck355012,2822,2998,5010,5082,72
Truck354517,3238,3331,4875,5083,208
Truck354585,2655,2999,4895,5083,188
Truck354628,1339,3331,4905,5083,178
Truck354883,3331,2998,4975,5083,108
Truck355082,2656,2822,5030,5084,54
Truck353637,2436,2821,4630,5085,455
Truck353673,2436,2821,4640,5085,445
Truck355027,3331,2436,5015,5085,70
Truck354232,1339,2225,4795,5086,291
Truck354377,2224,2436,4835,5086,251
Truck354389,3121,2656,4840,5086,246
Truck354890,2437,2655,4980,5086,106
Truck353565,2436,3239,4610,5087,477
Truck354436,2822,1339,4850,5087,237
Truck353619,2436,0,4625,5088,463
Truck354541,3331,3238,4880,5088,208
Truck354756,3239,3122,4940,5088,148
Truck354908,2437,0,4985,5088,103
Truck353197,1338,3239,4510,5089,579
Truck353547,2436,3238,4605,5089,484
Truck354462,3122,3121,4860,5089,229
Truck355152,3239,2655,5050,5089,39
Truck354852,0,2655,4970,5090,120
Truck354863,2224,2821,4970,5090,120
Truck355045,3331,2225,5020,5090,70
Truck353563,3238,2436,4610,5091,481
Truck354194,2225,3239,4785,5091,306
Truck354395,2224,2225,4840,5091,251
Truck354665,2224,2656,4915,5091,176
Truck354782,2437,3121,4950,5091,141
Truck355028,2656,1338,5015,5091,76
Truck355032,0,3238,5020,5091,71
Truck354222,0,2998,4795,5092,297
Truck354264,3122,2998,4805,5092,287
Truck354407,3121,2821,4845,5092,247
Truck354647,2224,3331,4910,5092,182
Truck354970,1339,2437,5000,5092,92
Truck353691,2436,3122,4645,5093,448
Truck354671,2998,2655,4915,5093,178
Truck354805,3238,2655,4955,5093,138
Truck355192,2822,2821,5060,5093,33
Truck355170,3239,3121,5055,5094,39
Truck353215,1338,2656,4515,5095,580
Truck353269,1338,1339,4530,5096,566
Truck353655,2436,2821,4635,5096,461
Truck354803,3121,2437,4955,5096,141
Truck355297,3331,2656,5090,5096,6
Truck353703,2655,2436,4650,5097,447
Truck353727,2436,2998,4655,5097,442
Truck354282,3122,2998,4810,5097,287
Truck354320,2225,1338,4820,5097,277
Truck354926,2437,3331,4990,5097,107
Truck354988,1339,2437,5005,5097,92
Truck355118,2656,2821,5040,5097,57
Truck353287,1338,3122,4535,5098,563
Truck354443,3121,0,4855,5098,243
Truck354497,3121,3122,4870,5098,228
Truck354577,3331,3238,4890,5098,208
Truck355190,2656,3239,5060,5098,38
Truck354498,3122,3121,4870,5099,229
Truck354640,2999,2998,4910,5099,189
Truck354993,2821,3239,5005,5099,94
Truck355018,2999,2437,5015,5099,84
Truck355188,3239,1338,5060,5099,39
Truck354608,2225,2437,4900,5100,200
Truck354990,3239,2821,5005,5100,95
Truck354286,1339,2225,4810,5101,291
Truck354484,1339,2822,4865,5101,236
Truck354810,3239,1339,4955,5101,146
Truck354944,2437,2224,4995,5101,106
Truck355068,0,3238,5030,5101,71
Truck355175,2998,2821,5055,5101,46
Truck355308,3122,1339,5095,5101,6
Truck354702,3239,3238,4925,5102,177
Truck355284,0,1339,5090,5102,12
Truck354658,2999,3239,4915,5103,188
Truck353251,1338,2655,4525,5104,579
Truck354576,3239,2224,4890,5104,214
Truck354373,3238,2821,4835,5105,270
Truck354626,2225,2437,4905,5105,200
Truck354349,1338,2225,4830,5106,276
Truck354461,3121,2998,4860,5106,246
Truck354962,2437,2656,5000,5106,106
Truck353314,1339,1338,4540,5107,567
Truck354910,2999,2225,4985,5107,122
Truck355016,2437,1339,5015,5107,92
Truck353107,1338,3238,4485,5108,623
Truck353113,3238,1338,4485,5108,623
Truck354479,3121,0,4865,5108,243
Truck354533,3121,3122,4880,5108,228
Truck354721,3331,3122,4930,5108,178
Truck354725,2998,2225,4930,5108,178
Truck355242,3239,3331,5075,5108,33
Truck353328,3122,1338,4545,5109,564
Truck353709,2436,2656,4650,5109,459
Truck354676,2999,2822,4920,5109,189
Truck354736,1339,2999,4935,5109,174
Truck355153,3331,2822,5050,5109,59
Truck355117,3331,3121,5040,5110,70
Truck354467,2224,3121,4860,5111,251
Truck354520,1339,2822,4875,5111,236
Truck354980,2437,3239,5005,5111,106
Truck355121,2998,2822,5040,5111,71
Truck355302,0,3122,5095,5111,16
Truck353332,1339,1338,4545,5112,567
Truck355120,2822,2998,5040,5112,72
Truck354718,1339,2656,4930,5113,183
Truck353346,3122,1338,4550,5114,564
Truck354686,2656,0,4920,5114,194
Truck354722,2656,3122,4930,5114,184
Truck354734,2225,3121,4935,5114,179
Truck355165,3238,1339,5055,5114,59
Truck354089,2224,3122,4755,5115,360
Truck354284,2225,3239,4810,5115,305
Truck354672,0,2656,4920,5115,195
Truck354694,2999,2998,4925,5115,190
Truck354922,2822,1338,4985,5115,130
Truck354538,1339,2822,4880,5116,236
Truck354875,3121,2437,4975,5116,141
Truck355139,2998,2822,5045,5116,71
Truck353853,2436,1339,4690,5117,427
Truck354427,3238,2822,4850,5117,267
Truck354495,2655,3121,4870,5117,247
Truck354921,2821,2436,4985,5117,132
Truck353835,2436,0,4685,5119,434
Truck354106,1339,2224,4760,5119,359
Truck354630,3239,2224,4905,5119,214
Truck353683,1338,2437,4645,5120,475
Truck354302,2225,2822,4815,5120,305
Truck354376,1339,2998,4835,5120,285
Truck354383,2998,1339,4835,5120,285
Truck354435,2821,3238,4850,5120,270
Truck354940,2822,3121,4990,5120,130
Truck354960,0,2655,5000,5120,120
Truck354141,2436,2437,4770,5121,351
Truck354882,3239,1339,4975,5121,146
Truck353971,1338,2999,4725,5122,397
Truck354155,3121,2436,4775,5122,347
Truck354755,2224,3331,4940,5122,182
Truck354774,3239,3238,4945,5122,177
Truck354939,2821,2655,4990,5122,132
Truck355366,1339,0,5110,5122,12
Truck353167,3238,1338,4500,5123,623
Truck354650,2656,3238,4910,5123,213
Truck355017,2655,1339,5015,5123,108
Truck355106,2437,2999,5040,5123,83
Truck354552,3122,2822,4885,5124,239
Truck354730,2999,3331,4935,5124,189
Truck355278,3239,1338,5085,5124,39
Truck354531,2655,3121,4880,5125,245
Truck354958,2822,1338,4995,5125,130
Truck355171,3331,2437,5055,5125,70
Truck355201,3238,3122,5065,5125,60
Truck354586,2999,3238,4895,5126,231
Truck354748,2999,0,4940,5126,186
Truck353992,2999,1338,4730,5127,397
Truck354957,2821,2655,4995,5127,132
Truck354982,2999,2225,5005,5127,122
Truck355207,3331,2821,5065,5127,62
Truck355315,3331,3239,5095,5127,32
Truck354900,3239,3122,4980,5128,148
Truck355287,2655,3239,5090,5128,38
Truck354776,2656,3122,4945,5129,184
Truck355296,3239,2437,5090,5129,39
Truck354338,2225,3239,4825,5130,305
Truck354607,3238,2999,4900,5130,230
Truck354768,3122,2656,4945,5130,185
Truck354394,1339,2225,4840,5131,291
Truck354539,2224,1338,4880,5131,251
Truck354604,2999,3238,4900,5131,231
Truck354809,2224,2656,4955,5131,176
Truck355052,2437,2655,5025,5131,106
Truck354598,2822,1339,4895,5132,237
Truck354605,3121,1339,4900,5132,232
Truck355227,2821,3331,5070,5132,62
Truck354159,2436,2437,4775,5133,358
Truck354766,2999,2224,4945,5133,188
Truck354808,1339,3331,4955,5133,178
Truck354815,2998,1338,4955,5133,178
Truck354912,3122,3239,4985,5133,148
Truck354160,1339,2224,4775,5134,359
Truck353886,3122,2436,4700,5135,435
Truck354569,3121,3331,4890,5135,245
Truck354994,2822,2225,5005,5135,130
Truck355197,2655,3331,5065,5135,70
Truck353817,2436,2655,4680,5136,456
Truck354557,2224,2655,4885,5136,251
Truck355299,2821,2998,5090,5136,46
Truck353793,2655,2436,4675,5137,462
Truck354374,2225,0,4835,5137,302
Truck354828,3239,3238,4960,5137,177
Truck354981,2655,2821,5005,5137,132
Truck355353,2821,2822,5105,5137,32
Truck355420,1339,0,5125,5137,12
Truck354406,2999,2436,4845,5138,293
Truck354564,0,2822,4890,5138,248
Truck354784,2999,3239,4950,5138,188
Truck354826,1339,3331,4960,5138,178
Truck355088,2437,0,5035,5138,103
Truck355100,2656,2998,5035,5138,103
Truck355332,3239,2656,5100,5138,38
Truck353898,0,2436,4705,5139,434
Truck354932,2225,2436,4990,5139,149
Truck354969,2436,2225,5000,5139,139
Truck354337,3238,2998,4825,5140,315
Truck354448,1339,2998,4855,5140,285
Truck354579,2821,0,4890,5140,250
Truck354587,3121,2998,4895,5140,245
Truck354878,2225,2436,4975,5140,165
Truck354174,3122,2224,4780,5141,361
Truck354428,2225,1339,4850,5141,291
Truck354567,2655,2224,4890,5141,251
Truck354575,2224,2436,4890,5141,251
Truck354841,3238,3239,4965,5141,176
Truck355410,0,3122,5125,5141,16
Truck353871,2436,2656,4695,5142,447
Truck353907,2436,1338,4705,5142,437
Truck354846,3239,3238,4965,5142,177
Truck355040,2225,2999,5020,5142,122
Truck353394,0,1338,4565,5143,578
Truck354197,2224,1339,4785,5143,358
Truck353849,3121,1338,4690,5144,454
Truck354033,2436,1338,4740,5144,404
Truck354802,2999,2224,4955,5144,189
Truck355089,2655,3122,5035,5144,109
Truck353958,3122,2436,4720,5145,425
Truck354150,0,2224,4775,5145,370
Truck354661,3238,2999,4915,5145,230
Truck354764,2437,2225,4945,5145,200
Truck355030,2822,3121,5015,5145,130
Truck355243,3331,2999,5075,5145,70
Truck353449,1338,1339,4580,5146,566
Truck354866,2656,2224,4970,5146,176
Truck355226,2656,2655,5070,5146,76
Truck355230,0,3238,5075,5146,71
Truck354464,2225,3122,4860,5147,287
Truck355029,2821,1338,5015,5147,132
Truck355054,2999,2225,5025,5147,122
Truck355298,2656,2821,5090,5147,57
Truck354402,0,2225,4845,5148,303
Truck354463,3238,3121,4860,5148,288
Truck354600,0,2822,4900,5148,248
Truck354820,2999,2821,4960,5148,188
Truck354869,2998,2436,4970,5148,178
Truck355198,2999,2437,5065,5149,84
Truck355368,3239,2437,5110,5149,39
Truck353413,1338,2998,4570,5150,580
Truck355048,2822,2436,5020,5150,130
Truck355261,3331,2655,5080,5150,70
Truck355318,2822,2656,5095,5150,55
Truck354210,3122,2224,4790,5151,361
Truck354410,2225,3239,4845,5151,306
Truck354611,2224,1338,4900,5151,251
Truck355244,2656,2225,5075,5151,76
Truck354837,2655,2999,4965,5152,187
Truck354420,0,2225,4850,5153,303
Truck354838,2999,3239,4965,5153,188
Truck354887,2998,2225,4975,5153,178
Truck353872,1339,2436,4695,5154,459
Truck353885,3121,1338,4700,5154,454
Truck355386,3239,3121,5115,5154,39
Truck353431,1338,3239,4575,5155,580
Truck354423,2655,2225,4850,5155,305
Truck354473,2998,0,4860,5156,296
Truck354629,2224,1338,4905,5156,251
Truck354641,3121,3331,4910,5156,246
Truck355283,2998,2822,5085,5156,71
Truck355204,1339,2437,5065,5157,92
Truck353961,2436,3122,4720,5158,438
Truck354438,0,2225,4855,5158,303
Truck354865,3331,0,4970,5158,188
Truck354905,2998,2999,4980,5158,178
Truck354446,2225,3239,4855,5159,304
Truck354856,2999,2656,4970,5159,189
Truck354884,2656,3122,4975,5159,184
Truck355333,3331,2822,5100,5159,59
Truck355404,3239,1338,5120,5159,39
Truck354894,3122,3331,4980,5160,180
Truck355084,2822,2436,5030,5160,130
Truck355206,3239,2821,5065,5160,95
Truck355327,3238,3122,5100,5160,60
Truck354659,3121,2998,4915,5161,246
Truck355034,2437,3121,5020,5161,141
Truck355160,2437,3239,5055,5161,106
Truck355161,2655,2437,5055,5161,106
Truck355301,2998,2822,5090,5161,71
Truck353997,2436,1338,4730,5162,432
Truck354260,2437,2436,4805,5162,357
Truck354554,2225,1338,4885,5162,277
Truck354873,2655,2999,4975,5162,187
Truck355441,3331,3239,5130,5162,32
Truck354456,0,2225,4860,5163,303
Truck354654,0,2822,4915,5163,248
Truck354794,2656,3238,4950,5163,213
Truck355053,2655,3238,5025,5163,138
Truck355232,2437,3122,5075,5163,88
Truck354874,2999,2822,4975,5164,189
Truck355125,2655,0,5045,5164,119
Truck355295,2224,2998,5090,5164,74
Truck354437,2998,3238,4850,5165,315
Truck354733,3238,2999,4935,5165,230
Truck353991,2655,2436,4730,5166,436
Truck354509,2998,0,4870,5166,296
Truck354675,2655,3121,4920,5167,247
Truck354696,3122,2821,4925,5167,242
Truck355101,2821,3121,5035,5167,132
Truck355371,2821,2656,5110,5167,57
Truck353539,1338,3122,4605,5168,563
Truck354534,3122,2225,4880,5168,288
Truck354941,2998,2225,4990,5168,178
Truck355431,2655,3239,5130,5168,38
Truck355143,2655,0,5050,5169,119
Truck353485,1338,2656,4590,5170,580
Truck354482,2225,2821,4865,5170,305
Truck354447,2436,3121,4855,5171,316
Truck354949,3238,3239,4995,5171,176
Truck355070,2437,3121,5030,5171,141
Truck355316,2656,1338,5095,5171,76
Truck354937,3331,2224,4990,5172,182
Truck354966,3122,2999,5000,5172,172
Truck355148,2225,2999,5050,5172,122
Truck353341,1338,3238,4550,5173,623
Truck354823,3238,2656,4960,5173,213
Truck355214,2437,0,5070,5173,103
Truck353503,1338,2655,4595,5174,579
Truck354909,2655,2999,4985,5174,189
Truck355458,3239,2437,5135,5174,39
Truck354500,2225,2655,4870,5175,305
Truck354713,3121,3239,4930,5176,246
Truck354974,2656,2224,5000,5176,176
Truck354169,1338,2999,4780,5177,397
Truck355282,2822,3239,5085,5177,92
Truck354061,1338,2436,4750,5178,428
Truck354483,2436,3121,4865,5178,313
Truck355229,2998,3331,5070,5178,108
Truck354042,0,2436,4745,5179,434
Truck354928,2999,2822,4990,5179,189
Truck355290,3122,2437,5090,5179,89
Truck355476,3239,3121,5140,5179,39
Truck353521,1338,3331,4600,5180,580
Truck354723,2821,0,4930,5180,250
Truck354731,3121,2821,4935,5180,245
Truck355156,2822,2437,5050,5180,130
Truck355191,2821,2224,5060,5180,120
Truck355369,3331,2999,5110,5180,70
Truck353523,2655,1338,4600,5181,581
Truck353934,0,2436,4715,5181,466
Truck354102,3122,2436,4760,5181,421
Truck354518,2225,2655,4875,5181,306
Truck354599,2998,3122,4895,5181,286
Truck354772,1339,2822,4945,5181,236
Truck355352,2656,2655,5105,5181,76
Truck354546,0,2998,4885,5182,297
Truck354778,2822,1339,4945,5182,237
Truck355397,3121,2999,5120,5182,62
Truck353925,2436,2821,4710,5183,473
Truck354007,1338,2436,4735,5183,448
Truck354341,2224,1339,4825,5183,358
Truck354955,3331,0,4995,5183,188
Truck355248,0,2437,5080,5183,103
Truck354536,2225,2998,4880,5185,305
Truck354669,2821,3238,4915,5185,270
Truck355174,2822,2436,5055,5185,130
Truck354737,2224,3121,4935,5186,251
Truck354747,2655,3121,4940,5186,246
Truck354790,1339,2822,4950,5186,236
Truck355022,2225,2436,5015,5186,171
Truck354963,2655,2999,5000,5187,187
Truck355173,2821,2225,5055,5187,132
Truck355531,3331,3239,5155,5187,32
Truck353395,1338,3238,4565,5188,623
Truck353979,2436,2998,4725,5188,463
Truck354901,3331,3238,4980,5188,208
Truck355013,2998,2655,5010,5188,178
Truck355110,3122,3239,5040,5188,148
Truck355116,3239,3122,5040,5188,148
Truck355266,0,2437,5085,5188,103
Truck354011,3121,1338,4735,5189,454
Truck355512,3239,2225,5150,5189,39
Truck353557,1338,2822,4610,5190,580
Truck354087,2436,3122,4755,5190,435
Truck354527,2998,3238,4875,5190,315
Truck353943,2436,3331,4715,5191,476
Truck354767,3121,2822,4945,5191,246
Truck355388,2656,3121,5115,5191,76
Truck355007,2224,3331,5010,5192,182
Truck354015,2436,2821,4735,5193,458
Truck354623,3121,3238,4905,5193,288
Truck354624,3122,2225,4905,5193,288
Truck355006,1339,2656,5010,5193,183
Truck355031,2998,2225,5015,5193,178
Truck355134,3239,3122,5045,5193,148
Truck354572,2225,2224,4890,5194,304
Truck355456,1339,3238,5135,5194,59
Truck355654,1339,3122,5190,5194,4
Truck355020,3122,3331,5015,5195,180
Truck355210,2822,2999,5065,5195,130
Truck355241,2224,2821,5075,5195,120
Truck355423,3331,2999,5125,5195,70
Truck354773,2224,1338,4945,5196,251
Truck355406,2656,2225,5120,5196,76
Truck355608,0,3122,5180,5196,16
Truck353593,1338,0,4620,5197,577
Truck354375,2436,2437,4835,5197,362
Truck355209,2821,2225,5065,5197,132
Truck355238,2225,2999,5075,5197,122
Truck353592,0,1338,4620,5198,578
Truck354917,2224,3239,4985,5198,213
Truck355000,2999,2822,5010,5198,188
Truck355049,2998,2437,5020,5198,178
Truck355294,1339,2655,5090,5198,108
Truck354798,0,3121,4955,5199,244
Truck355421,2224,2822,5125,5199,74
Truck355471,3238,1339,5140,5199,59
Truck355496,2656,2822,5145,5199,54
Truck355548,3239,2999,5160,5199,39
Truck354553,3238,2998,4885,5200,315
Truck354715,3238,2821,4930,5200,270
Truck354831,2821,3122,4960,5200,240
Truck355350,3239,2821,5105,5200,95
Truck355064,2656,2224,5025,5201,176
Truck355168,1339,3239,5055,5201,146
Truck355178,2437,3121,5060,5201,141
Truck355424,2656,2437,5125,5201,76
Truck355675,3331,2656,5195,5201,6
Truck354105,2436,2656,4760,5202,442
Truck354850,2822,1339,4965,5202,237
Truck355063,3331,1339,5025,5202,177
Truck354931,3238,2656,4990,5203,213
Truck355067,2998,1338,5025,5203,178
Truck355164,3122,3239,5055,5203,148
Truck354069,2436,2655,4750,5204,454
Truck354849,2821,1339,4965,5204,239
Truck355078,1339,2999,5030,5204,174
Truck355566,3239,2437,5165,5204,39
Truck353611,1338,2655,4625,5205,580
Truck355281,2821,2224,5085,5205,120
Truck355220,2225,2436,5070,5206,136
Truck355322,2437,2224,5100,5206,106
Truck354868,2822,1339,4970,5207,237
Truck355035,2655,2999,5020,5207,187
Truck355245,2821,2655,5075,5207,132
Truck354832,2822,0,4960,5208,248
Truck354839,3121,0,4965,5208,243
Truck355036,2999,2656,5020,5208,188
Truck355513,3331,2822,5150,5209,59
Truck355584,3239,2225,5170,5209,39
Truck353629,1338,2655,4630,5210,580
Truck355014,0,2656,5015,5210,195
Truck355056,3122,2656,5025,5210,185
Truck355264,2822,1338,5080,5210,130
Truck355340,2437,3239,5105,5210,105
Truck355477,3331,3121,5140,5210,70
Truck354426,3122,2224,4850,5211,361
Truck354816,0,2821,4960,5211,251
Truck354769,3238,2822,4945,5212,267
Truck355079,2224,3331,5030,5212,182
Truck355081,3331,2224,5030,5212,182
Truck355515,2821,3331,5150,5212,62
Truck355533,2821,2656,5155,5212,57
Truck353646,0,1338,4635,5213,578
Truck354177,2436,1338,4780,5213,433
Truck354834,0,2822,4965,5213,248
Truck354911,3121,3122,4985,5213,228
Truck354967,3238,2656,5000,5213,213
Truck355351,3331,2998,5105,5213,108
Truck354413,2224,0,4845,5214,369
Truck354609,2436,3121,4900,5214,314
Truck355495,3331,3121,5145,5215,70
Truck354186,0,2436,4785,5216,431
Truck355072,2999,0,5030,5216,186
Truck355115,2224,2656,5040,5216,176
Truck355729,3331,2656,5210,5216,6
Truck354499,3238,2225,4870,5217,347
Truck354857,3121,2821,4970,5217,247
Truck353509,3238,1338,4595,5218,623
Truck354051,2436,0,4745,5218,473
Truck354551,3121,2436,4885,5218,333
Truck355374,0,2437,5115,5218,103
Truck354359,2224,3238,4830,5219,389
Truck354657,2655,2225,4915,5219,304
Truck355620,3239,2437,5180,5219,39
Truck353665,1338,2655,4640,5220,580
Truck354043,1338,2437,4745,5220,475
Truck355300,2822,1338,5090,5220,130
Truck355320,0,2655,5100,5220,120
Truck355485,2655,2656,5145,5220,75
Truck354120,3122,2436,4765,5221,456
Truck354123,2436,2822,4765,5221,456
Truck354707,2998,0,4925,5221,296
Truck355607,2998,2821,5175,5221,46
Truck355747,3331,2656,5215,5221,6
Truck355430,2437,1339,5130,5222,92
Truck355551,2821,3331,5160,5222,62
Truck354732,3122,2225,4935,5223,288
Truck355099,3331,0,5035,5223,188
Truck355135,3331,3122,5045,5223,178
Truck355273,3238,2655,5085,5223,138
Truck355540,2999,3121,5160,5223,63
Truck354948,3122,3121,4995,5224,229
Truck355090,2999,2821,5035,5224,189
Truck354485,2224,3122,4865,5225,360
Truck354680,2225,2656,4920,5225,305
Truck354754,1339,2998,4940,5225,285
Truck355588,2822,2656,5170,5225,55
Truck354480,3122,2224,4865,5226,361
Truck354881,2224,2999,4975,5226,251
Truck354893,3121,2822,4980,5226,246
Truck355268,2437,3121,5085,5226,141
Truck355514,2656,2437,5150,5226,76
Truck355766,2656,3331,5220,5226,6
Truck355587,2821,2656,5170,5227,57
Truck354904,2822,0,4980,5228,248
Truck355136,2656,1339,5045,5228,183
Truck355157,2998,2437,5050,5228,178
Truck355260,3239,3122,5080,5228,148
Truck355658,2656,3239,5190,5228,38
Truck354698,2225,2655,4925,5229,304
Truck354906,0,3121,4985,5229,244
Truck355108,2999,2822,5040,5229,189
Truck355359,2655,0,5110,5229,119
Truck355656,3239,2999,5190,5229,39
Truck354195,2436,2822,4785,5230,445
Truck354779,2998,1339,4945,5230,285
Truck355336,2822,2999,5100,5230,130
Truck354693,2655,2225,4925,5231,306
Truck354899,2224,2225,4980,5231,251
Truck355126,2999,0,5045,5231,186
Truck355169,2224,2656,5055,5231,176
Truck355184,2225,2436,5060,5231,171
Truck355289,3121,2437,5090,5231,141
Truck355532,2656,2999,5155,5231,76
Truck355335,2821,2225,5100,5232,132
Truck355693,3331,3239,5200,5232,32
Truck355154,2656,1339,5050,5233,183
Truck355305,2655,3238,5095,5233,138
Truck355309,3238,2655,5095,5233,138
Truck353719,1338,3331,4655,5234,579
Truck353778,3122,1338,4670,5234,564
Truck354602,2437,2436,4900,5234,334
Truck355674,3239,2655,5195,5234,39
Truck355354,2822,2999,5105,5235,130
Truck355567,3331,2655,5165,5235,70
Truck354516,3122,2224,4875,5236,361
Truck353782,1339,1338,4670,5237,567
Truck355341,2655,2821,5105,5237,132
Truck355596,3122,3238,5175,5237,62
Truck355603,3331,2821,5175,5237,62
Truck355622,2656,2821,5180,5237,57
Truck355713,2821,2822,5205,5237,32
Truck353575,1338,3238,4615,5238,623
Truck354787,3238,3121,4950,5238,288
Truck354924,0,2822,4990,5238,248
Truck355144,2999,2655,5050,5238,188
Truck355193,2998,2437,5060,5238,178
Truck354249,2436,2656,4800,5239,439
Truck355140,0,3331,5050,5239,189
Truck355565,2224,2822,5165,5239,74
Truck355640,2656,2822,5185,5239,54
Truck355816,1339,3122,5235,5239,4
Truck353737,1338,3331,4660,5240,580
Truck354492,0,2224,4870,5240,370
Truck355112,2225,2437,5040,5240,200
Truck355448,2437,2655,5135,5240,105
Truck355585,3331,2436,5170,5240,70
Truck354935,2224,1338,4990,5241,251
Truck355314,3239,1339,5095,5241,146
Truck355325,3121,2437,5100,5241,141
Truck354804,3122,2225,4955,5243,288
Truck354886,2822,3238,4975,5243,268
Truck355211,2998,2225,5065,5243,178
Truck354752,2225,2998,4940,5244,304
Truck355080,3239,2224,5030,5244,214
Truck353755,1338,2821,4665,5245,580
Truck354510,0,2224,4875,5245,370
Truck354965,3121,2822,5000,5245,245
Truck355390,2822,2655,5115,5245,130
Truck355452,3122,2655,5135,5245,110
Truck354213,2436,1339,4790,5246,456
Truck354953,2224,2655,4995,5246,251
Truck355330,1339,3239,5100,5246,146
Truck355697,2998,2821,5200,5246,46
Truck354770,2225,0,4945,5247,302
Truck355224,3239,3238,5070,5247,177
Truck355225,3331,1339,5070,5247,177
Truck355520,2437,1339,5155,5247,92
Truck354822,3122,2225,4960,5248,288
Truck355189,3331,0,5060,5248,188
Truck355208,2656,1339,5065,5248,183
Truck355172,2656,0,5055,5249,194
Truck355558,2999,2437,5165,5249,84
Truck355728,3239,2436,5210,5249,39
Truck353773,1338,3239,4670,5250,580
Truck354903,2821,3238,4980,5250,270
Truck354983,3121,2821,5005,5250,245
Truck355373,2998,3239,5110,5250,140
Truck355408,2822,2437,5120,5250,130
Truck355470,3122,2655,5140,5250,110
Truck354971,2224,2436,5000,5251,251
Truck355484,2437,2998,5145,5251,106
Truck355812,3122,0,5235,5251,16
Truck355546,1339,2437,5160,5252,92
Truck354780,0,2225,4950,5253,303
Truck355240,1339,3331,5075,5253,178
Truck355247,2998,2999,5075,5253,178
Truck355648,2999,3121,5190,5253,63
Truck354788,2225,2655,4950,5254,304
Truck355235,3121,2225,5075,5254,179
Truck354751,3238,2998,4940,5255,315
Truck355001,3121,2822,5010,5255,245
Truck355024,1339,2821,5015,5255,240
Truck355629,2655,3331,5185,5255,70
Truck355639,3331,2437,5185,5255,70
Truck354588,3122,2224,4895,5256,361
Truck355866,3122,1339,5250,5256,6
Truck354644,2225,3238,4910,5257,347
Truck355425,2821,2999,5125,5257,132
Truck355783,3331,3239,5225,5257,32
Truck354267,2436,2224,4805,5258,453
Truck355129,3238,2656,5045,5258,213
Truck355147,3238,3331,5050,5258,208
Truck355518,0,2437,5155,5258,103
Truck354321,2436,2821,4820,5259,439
Truck355216,2999,2656,5070,5259,189
Truck355467,2655,0,5140,5259,119
Truck355569,2821,3239,5165,5259,94
Truck355687,3238,1339,5200,5259,59
Truck354067,3238,2436,4750,5260,510
Truck355019,3121,2224,5015,5260,245
Truck355444,2822,2999,5130,5260,130
Truck355657,3331,2436,5190,5260,70
Truck354999,2655,2224,5010,5261,251
Truck355277,2224,2656,5085,5261,176
Truck353827,1338,0,4685,5262,577
Truck355073,3121,1339,5030,5262,232
Truck355443,2821,2999,5130,5262,132
Truck354340,1339,2436,4825,5263,438
Truck355234,2999,2822,5075,5263,188
Truck355262,2656,1339,5080,5263,183
Truck354593,2224,0,4895,5264,369
Truck355274,2225,3121,5085,5264,179
Truck355708,1339,3238,5205,5264,59
Truck354205,1338,2437,4790,5265,475
Truck354797,2998,3238,4950,5265,315
Truck354824,2225,3239,4960,5265,305
Truck355196,2437,2225,5065,5265,200
Truck355202,2225,2437,5065,5265,200
Truck355212,0,2656,5070,5265,195
Truck355462,2822,2437,5135,5265,130
Truck354677,3121,2436,4920,5266,346
Truck354681,2436,3121,4920,5266,346
Truck354880,1339,2225,4975,5266,291
Truck355412,2437,3121,5125,5266,141
Truck355538,2437,2655,5160,5266,106
Truck354358,1339,2436,4830,5267,437
Truck355600,1339,2437,5175,5267,92
Truck355602,3239,2822,5175,5267,92
Truck355549,3331,2998,5160,5268,108
Truck355553,2998,3331,5160,5268,108
Truck355571,2998,2656,5165,5268,103
Truck354231,2436,2656,4795,5269,474
Truck355252,2999,2655,5080,5269,189
Truck353845,1338,2821,4690,5270,580
Truck355047,2821,0,5020,5270,250
Truck355055,3121,2822,5025,5270,245
Truck355480,2822,2655,5140,5270,130
Truck355556,2437,3331,5165,5270,105
Truck354842,2225,3239,4965,5271,306
Truck354923,2998,3122,4985,5271,286
Truck355043,2224,2655,5020,5271,251
Truck355270,2999,0,5085,5271,186
Truck355440,3239,2998,5130,5271,141
Truck355676,2656,2999,5195,5271,76
Truck355928,2656,3331,5265,5271,6
Truck354860,2225,0,4970,5272,302
Truck354870,0,2998,4975,5272,297
Truck355102,2822,1339,5035,5272,237
Truck355479,2821,2436,5140,5272,132
Truck355696,2822,2998,5200,5272,72
Truck353701,1338,3238,4650,5273,623
Truck355279,3331,0,5085,5273,188
Truck355417,3238,2437,5125,5273,148
Truck355720,2999,3121,5210,5273,63
Truck355809,2655,3239,5235,5273,38
Truck354317,3121,1338,4820,5274,454
Truck354393,2436,2998,4840,5274,434
Truck355092,3122,2822,5035,5274,239
Truck355691,2224,2998,5200,5274,74
Truck355818,3239,2437,5235,5274,39
Truck353863,1338,2822,4695,5275,580
Truck355096,1339,2821,5035,5275,240
Truck355498,2822,3121,5145,5275,130
Truck354716,2225,3238,4930,5277,347
Truck354930,3122,2998,4990,5277,287
Truck355497,2821,2655,5145,5277,132
Truck355855,3331,3239,5245,5277,32
Truck355857,2821,2822,5245,5277,32
Truck355205,2224,3239,5065,5278,213
Truck355323,2655,2998,5100,5278,178
Truck355337,2998,2655,5100,5278,178
Truck355280,2656,0,5085,5279,194
Truck355288,2999,2822,5090,5279,189
Truck355114,1339,2821,5040,5280,240
Truck355326,3122,3331,5100,5280,180
Truck355516,2822,2437,5150,5280,130
Truck355536,0,2655,5160,5280,120
Truck353881,1338,2822,4700,5281,581
Truck355956,3122,1339,5275,5281,6
Truck355964,2656,3331,5275,5281,6
Truck354547,1338,2999,4885,5282,397
Truck355021,3238,2822,5015,5282,267
Truck355503,2655,2821,5150,5282,132
Truck355765,3331,2821,5220,5282,62
Truck355348,1339,3331,5105,5283,178
Truck355355,2998,2436,5105,5283,178
Truck355489,3238,2655,5145,5283,138
Truck355872,3239,3331,5250,5283,33
Truck353899,1338,2224,4705,5284,579
Truck354353,3121,1338,4830,5284,454
Truck355306,2999,2655,5095,5284,189
Truck355137,2821,3122,5045,5285,240
Truck355534,2822,2436,5155,5285,130
Truck354896,2225,2998,4980,5286,306
Truck355097,2224,2999,5035,5286,251
Truck355109,3121,3239,5040,5286,246
Truck355150,1339,2822,5050,5286,236
Truck355162,2999,3238,5055,5286,231
Truck355664,2437,1339,5195,5287,92
Truck355678,2822,3239,5195,5287,92
Truck355104,0,2822,5040,5288,248
Truck355255,3238,3331,5080,5288,208
Truck355682,2437,3122,5200,5288,88
Truck354357,2436,3331,4830,5289,459
Truck354683,2224,0,4920,5289,369
Truck355324,2999,2821,5100,5289,189
Truck355575,2655,0,5170,5289,119
Truck355611,2655,3122,5180,5289,109
Truck355798,1339,3238,5230,5289,59
Truck353917,1338,2822,4710,5290,580
Truck353919,2655,1338,4710,5290,580
Truck354285,2436,3238,4810,5290,480
Truck355183,3238,2999,5060,5290,230
Truck355286,2437,2225,5090,5290,200
Truck355552,2822,3121,5160,5290,130
Truck354714,3122,2224,4930,5291,361
Truck354914,2225,2656,4985,5291,306
Truck354959,2998,0,4995,5291,296
Truck355180,2999,3238,5060,5291,231
Truck355342,2999,0,5105,5291,186
Truck355127,3121,2656,5045,5292,247
Truck355146,3122,2821,5050,5292,242
Truck355186,1339,3121,5060,5292,232
Truck355138,2822,0,5045,5293,248
Truck355387,3331,3122,5115,5293,178
Truck355391,2998,2436,5115,5293,178
Truck355494,3239,3122,5145,5293,148
Truck355892,2656,3239,5255,5293,38
Truck354821,3121,2436,4960,5294,334
Truck355370,2656,3122,5110,5294,184
Truck355695,2821,3239,5200,5294,94
Truck353935,1338,2656,4715,5295,580
Truck354411,2436,2998,4845,5295,450
Truck354444,3122,2436,4855,5295,440
Truck355065,2821,3238,5025,5295,270
Truck355145,3121,3239,5050,5295,245
Truck355570,2822,3121,5165,5295,130
Truck355601,2224,2821,5175,5295,120
Truck353989,1338,1339,4730,5296,566
Truck355122,0,2821,5045,5296,251
Truck355133,2224,2437,5045,5296,251
Truck355646,2437,3331,5190,5296,106
Truck354950,2225,0,4995,5297,302
Truck355405,3331,1339,5120,5297,177
Truck353791,1338,3238,4675,5298,623
Truck353952,0,1338,4720,5298,578
Truck354942,0,2225,4995,5298,303
Truck355409,2998,2655,5120,5298,178
Truck355502,2437,3238,5150,5298,148
Truck355539,2655,3238,5160,5298,138
Truck354719,2224,0,4930,5299,369
Truck355360,2999,3331,5110,5299,189
Truck355738,2999,2437,5215,5299,84
Truck353953,1338,2998,4720,5300,580
Truck354303,2436,3238,4815,5300,485
Truck354331,1338,2437,4825,5300,475
Truck355155,2821,0,5050,5300,250
Truck355801,3331,2436,5230,5300,70
Truck355151,2224,2436,5050,5301,251
Truck355893,2821,2998,5255,5301,46
Truck354806,2225,3238,4955,5302,347
Truck355217,3121,1339,5070,5302,232
Truck355837,3331,2821,5240,5302,62
Truck356014,1339,0,5290,5302,12
Truck355378,2999,2998,5115,5303,188
Truck355427,2998,1338,5125,5303,178
Truck355525,3238,2437,5155,5303,148
Truck354968,2225,2656,5000,5305,305
Truck355416,3122,3331,5125,5305,180
Truck354301,3238,2436,4815,5306,491
Truck355181,3121,2821,5060,5306,246
Truck355442,2656,2224,5130,5306,176
Truck355823,2998,2822,5235,5306,71
Truck354947,3121,2436,4995,5307,312
Truck355605,2821,2436,5175,5307,132
Truck355037,3121,3238,5020,5308,288
Truck355039,3238,3121,5020,5308,288
Truck355176,0,2822,5060,5308,248
Truck355445,2998,2655,5130,5308,178
Truck355543,3238,2437,5160,5308,148
Truck355683,2655,1339,5200,5308,108
Truck355690,1339,2655,5200,5308,108
Truck355846,2999,3121,5245,5308,63
Truck354048,3122,1338,4745,5309,564
Truck355396,2999,2655,5120,5309,189
Truck355358,2437,2225,5110,5310,200
Truck354429,2436,1339,4850,5311,461
Truck354986,2225,2822,5005,5311,306
Truck355087,1338,2225,5035,5311,276
Truck355187,2224,2225,5060,5311,251
Truck355574,2437,3121,5170,5311,141
Truck355218,3122,2821,5070,5312,242
Truck355530,3239,0,5155,5312,157
Truck355623,2821,1338,5180,5312,132
Truck355875,2821,3331,5250,5312,62
Truck355194,0,2822,5065,5313,248
Truck355334,2656,3238,5100,5313,213
Truck355463,2998,3121,5135,5313,178
Truck355962,3239,2656,5275,5313,38
Truck355598,2225,2436,5175,5314,139
Truck355767,2821,3239,5220,5314,94
Truck355776,3122,2437,5225,5314,89
Truck355888,1339,3238,5255,5314,59
Truck355004,2225,3239,5010,5315,305
Truck355376,2437,2225,5115,5315,200
Truck355392,0,2656,5120,5315,195
Truck355414,2999,2224,5125,5315,190
Truck355642,2822,2655,5185,5315,130
Truck355058,2225,1339,5025,5316,291
Truck355060,1339,2225,5025,5316,291
Truck355085,2998,3122,5030,5316,286
Truck355258,1339,2822,5080,5316,236
Truck355595,3121,2437,5175,5316,141
Truck355838,2656,2655,5240,5316,76
Truck354915,2436,2437,4985,5317,332
Truck355459,3331,2224,5135,5317,182
Truck355641,2821,2437,5185,5317,132
Truck353869,3238,1338,4695,5318,623
Truck354827,2224,1339,4960,5318,358
Truck355075,3238,3121,5030,5318,288
Truck355481,2998,2437,5140,5318,178
Truck355263,2821,1339,5080,5319,239
Truck355432,2999,3331,5130,5319,189
Truck355460,2656,3122,5135,5319,184
Truck355492,1339,2999,5145,5319,174
Truck355906,1339,3238,5260,5319,59
Truck354025,1338,3239,4740,5320,580
Truck354459,2655,2436,4860,5320,460
Truck354825,2436,2437,4960,5320,360
Truck355103,2998,1339,5035,5320,285
Truck355394,2437,2225,5120,5320,200
Truck355486,2999,1339,5145,5320,175
Truck355660,2822,2655,5190,5320,130
Truck355215,2655,2224,5070,5321,251
Truck355223,2224,2999,5070,5321,251
Truck355856,2656,2436,5245,5321,76
Truck356108,2656,3331,5315,5321,6
Truck355804,2822,3239,5230,5322,92
Truck356076,0,1339,5310,5322,12
Truck353887,3238,1338,4700,5323,623
Truck354845,2224,1339,4965,5323,358
Truck355478,2656,1339,5140,5323,183
Truck356000,2656,3239,5285,5323,38
Truck354465,2436,3331,4860,5324,464
Truck355877,2998,2224,5250,5324,74
Truck355998,3239,3121,5285,5324,39
Truck355450,2999,2656,5135,5325,190
Truck355891,3331,2436,5255,5325,70
Truck355253,3121,2224,5080,5326,246
Truck354709,1338,2999,4930,5327,397
Truck355307,3121,1339,5095,5327,232
Truck355312,1339,3121,5095,5327,232
Truck355381,3238,2656,5115,5328,213
Truck355517,2998,2655,5150,5328,178
Truck354592,1339,2436,4895,5329,434
Truck355468,2999,3331,5140,5329,189
Truck355528,1339,2999,5155,5329,174
Truck355895,2998,2224,5255,5329,74
Truck355132,1339,2998,5045,5330,285
Truck355506,3122,3331,5150,5330,180
Truck355522,2999,1339,5155,5330,175
Truck355772,2437,2224,5225,5330,105
Truck355909,3331,1338,5260,5330,70
Truck355259,2224,2225,5080,5331,251
Truck355271,3121,2821,5085,5331,246
Truck354951,2436,2437,4995,5333,338
Truck355128,3122,2225,5045,5333,288
Truck355790,2437,0,5230,5333,103
Truck354537,2436,0,4880,5334,454
Truck354591,2436,1339,4895,5334,439
Truck355957,3238,1339,5275,5334,59
Truck354079,1338,2822,4755,5335,580
Truck355076,2225,2998,5030,5335,305
Truck355714,2822,2225,5205,5335,130
Truck355917,2655,3331,5265,5335,70
Truck355927,3331,1338,5265,5335,70
Truck354501,2436,0,4870,5336,466
Truck355269,2655,2224,5085,5336,251
Truck355550,2656,2224,5160,5336,176
Truck355910,2656,2999,5260,5336,76
Truck354142,1339,1338,4770,5337,567
Truck354745,1338,2999,4940,5337,397
Truck355219,3238,2822,5070,5337,267
Truck355742,2225,2999,5215,5337,122
Truck355854,3239,2822,5245,5337,92
Truck355228,2822,3238,5070,5338,268
Truck354474,0,2436,4865,5339,474
Truck355422,3239,2224,5125,5339,214
Truck355541,3121,2225,5160,5339,179
Truck356052,3239,1338,5300,5339,39
Truck355094,2225,2822,5035,5340,305
Truck355732,2822,2999,5210,5340,130
Truck355945,3331,2655,5270,5340,70
Truck355568,2656,2224,5165,5341,176
Truck355932,0,3238,5270,5341,71
Truck355166,2225,3122,5055,5342,287
Truck355808,2437,2655,5235,5342,107
Truck355983,2821,3331,5280,5342,62
Truck355246,2822,3238,5075,5343,268
Truck355626,0,3239,5185,5343,158
Truck355819,3331,2998,5235,5343,108
Truck355898,2437,2999,5260,5343,83
Truck354115,1338,2822,4765,5344,579
Truck354916,1339,2224,4985,5344,359
Truck355521,2655,2999,5155,5344,189
Truck355737,2655,2822,5215,5344,129
Truck356070,3239,2999,5305,5344,39
Truck355239,2436,2999,5075,5345,270
Truck355500,0,2656,5150,5345,195
Truck355750,2822,2655,5215,5345,130
Truck355826,2437,2656,5240,5345,105
Truck354618,0,2436,4905,5346,441
Truck355313,2224,1338,5095,5346,251
Truck355594,2999,3122,5175,5346,171
Truck355182,3122,2998,5060,5347,287
Truck355384,1339,3121,5115,5347,232
Truck355749,2821,2437,5215,5347,132
Truck355890,3239,2822,5255,5347,92
Truck355692,3239,3122,5200,5348,148
Truck356079,2655,3239,5310,5348,38
Truck355372,2822,3122,5110,5349,239
Truck355961,2224,2822,5275,5349,74
Truck354133,1338,2655,4770,5350,580
Truck354637,1338,2436,4910,5350,440
Truck355130,2225,3239,5045,5350,305
Truck355653,2436,2225,5190,5350,160
Truck355768,2822,1338,5220,5350,130
Truck354627,2436,2821,4905,5351,446
Truck355023,2436,2437,5015,5351,336
Truck355710,3239,1339,5205,5351,146
Truck356073,2821,2998,5305,5351,46
Truck355158,0,2998,5055,5352,297
Truck355343,3121,2224,5105,5352,247
Truck355912,2822,3239,5260,5352,92
Truck356037,2821,2656,5295,5352,57
Truck356127,2821,2822,5320,5352,32
Truck355059,2436,3121,5025,5353,328
Truck355475,2224,3239,5140,5353,213
Truck355860,0,2437,5250,5353,103
Truck354151,1338,2656,4775,5354,579
Truck355586,2656,3122,5170,5354,184
Truck355845,2655,3122,5245,5354,109
Truck355111,3238,2998,5040,5355,315
Truck355862,2437,2822,5250,5355,105
Truck355971,2655,2656,5280,5355,75
Truck355349,2224,2437,5105,5356,251
Truck355361,3121,3239,5110,5356,246
Truck355572,0,2999,5170,5356,186
Truck355982,2656,2999,5280,5356,76
Truck355785,2821,2436,5225,5357,132
Truck356212,1339,0,5345,5357,12
Truck355433,3121,3122,5130,5358,228
Truck355621,3331,3122,5180,5358,178
Truck355625,2998,2999,5180,5358,178
Truck355718,2437,3238,5210,5358,148
Truck355755,2655,3238,5220,5358,138
Truck355873,3331,2998,5250,5358,108
Truck355880,2437,0,5255,5358,103
Truck355407,2821,1339,5120,5359,239
Truck355379,3121,2821,5115,5360,245
Truck355544,2225,2437,5160,5360,200
Truck355835,2224,2821,5240,5360,120
Truck355377,2655,3121,5115,5361,246
Truck355637,2224,2656,5185,5361,176
Truck355757,3121,2437,5220,5361,141
Truck355764,3239,2998,5220,5361,141
Truck356251,3331,2656,5355,5361,6
Truck356252,2656,3331,5355,5361,6
Truck356020,2822,2998,5290,5362,72
Truck356230,1339,0,5350,5362,12
Truck354573,2436,2822,4890,5363,473
Truck354989,2224,1339,5005,5363,358
Truck355643,2998,3121,5185,5363,178
Truck355741,3238,2437,5215,5363,148
Truck354519,2436,3238,4875,5364,489
Truck354717,2436,3331,4930,5364,434
Truck355426,2822,3122,5125,5364,239
Truck356142,3239,2655,5325,5364,39
Truck355317,2821,3238,5095,5365,270
Truck355389,2821,0,5115,5365,250
Truck355822,2822,2999,5235,5365,130
Truck355842,0,2655,5245,5365,120
Truck354187,1338,2821,4785,5366,581
Truck355265,2998,3122,5080,5366,286
Truck355285,1338,2225,5090,5366,276
Truck355385,2224,3121,5115,5366,251
Truck356262,3122,1339,5360,5366,6
Truck354998,2437,2436,5010,5367,357
Truck355661,2998,2225,5190,5368,178
Truck355604,2656,0,5175,5369,194
Truck355612,2999,2822,5180,5369,189
Truck356089,3331,2822,5310,5369,59
Truck355590,0,2656,5175,5370,195
Truck355840,2822,1338,5240,5370,130
Truck356025,2655,2656,5295,5370,75
Truck356047,3238,0,5300,5370,70
Truck356053,3331,2225,5300,5370,70
Truck356110,2822,2656,5315,5370,55
Truck355002,3122,2224,5010,5371,361
Truck355415,3121,2224,5125,5371,246
Truck356036,2656,2655,5295,5371,76
Truck356092,2822,3331,5310,5371,61
Truck356280,3122,1339,5365,5371,6
Truck355167,2436,3121,5055,5372,317
Truck355474,1339,3121,5140,5372,232
Truck356199,2821,2822,5340,5372,32
Truck354535,3238,2436,4880,5373,493
Truck354645,2436,3331,4910,5373,463
Truck354817,1338,2436,4960,5373,413
Truck355025,2224,1339,5015,5373,358
Truck355679,2998,2436,5195,5373,178
Truck355924,1339,2655,5265,5373,108
Truck354555,2436,3238,4885,5374,489
Truck355630,2999,3239,5185,5374,189
Truck356008,2999,2437,5290,5374,84
Truck356051,2224,2822,5300,5374,74
Truck356178,3239,1338,5335,5374,39
Truck355858,2822,2999,5245,5375,130
Truck356071,3331,2999,5305,5375,70
Truck354663,2436,1339,4915,5376,461
Truck355413,2655,2224,5125,5376,251
Truck355694,2656,2224,5200,5376,176
Truck356298,3122,1339,5370,5376,6
Truck356306,2656,3331,5370,5376,6
Truck355328,2225,1338,5100,5377,277
Truck355934,2437,3239,5270,5377,107
Truck356074,2822,2224,5305,5377,72
Truck356099,3121,2999,5315,5377,62
Truck355091,3121,2436,5035,5378,343
Truck354639,2655,2436,4910,5379,469
Truck354695,3121,1338,4925,5379,454
Truck356119,3238,1339,5320,5379,59
Truck356196,3239,2437,5340,5379,39
Truck354241,1338,2224,4800,5380,580
Truck355233,2655,2225,5075,5380,305
Truck355610,2437,2225,5180,5380,200
Truck355876,2822,1338,5250,5380,130
Truck355953,2655,2437,5275,5380,105
Truck355439,2224,2225,5130,5381,251
Truck356183,2998,2821,5335,5381,46
Truck354304,1339,1338,4815,5382,567
Truck355093,3238,2225,5035,5382,347
Truck355256,2225,0,5080,5382,302
Truck355310,2225,3122,5095,5382,287
Truck355952,2437,2821,5275,5382,107
Truck356117,3121,2999,5320,5382,62
Truck356302,1339,0,5370,5382,12
Truck354097,1338,3238,4760,5383,623
Truck355715,2998,2437,5205,5383,178
Truck355770,0,3239,5225,5383,158
Truck355813,3238,2437,5235,5383,148
Truck356162,2656,2822,5330,5384,54
Truck354259,1338,2822,4805,5385,580
Truck355131,2436,2437,5045,5385,340
Truck355251,2655,2225,5080,5385,305
Truck355461,2821,0,5135,5385,250
Truck355469,3121,2998,5140,5385,245
Truck355666,2999,2656,5195,5385,190
Truck356107,3331,2225,5315,5385,70
Truck355449,2655,2224,5135,5386,251
Truck355457,2224,2225,5135,5386,251
Truck355510,1339,2822,5150,5386,236
Truck355680,0,2999,5200,5386,186
Truck355970,2437,2822,5280,5386,106
Truck356090,2656,2655,5310,5386,76
Truck355711,3331,2224,5205,5387,182
Truck356024,2437,1339,5295,5387,92
Truck356034,3239,2822,5295,5387,92
Truck356038,2822,3239,5295,5387,92
Truck354735,2436,2655,4935,5388,453
Truck354807,2436,2998,4955,5388,433
Truck355487,3121,0,5145,5388,243
Truck355684,2999,3239,5200,5388,188
Truck355712,2656,1339,5205,5388,183
Truck355733,2998,1338,5210,5388,178
Truck355788,0,3239,5230,5388,158
Truck355981,3331,2998,5280,5388,108
Truck355724,2225,3121,5210,5389,179
Truck355935,2655,0,5270,5389,119
Truck356232,3239,1338,5350,5389,39
Truck355652,2225,2437,5190,5390,200
Truck355947,2821,2224,5270,5390,120
Truck356125,3331,1338,5320,5390,70
Truck354753,2436,2224,4940,5391,451
Truck355375,1338,2225,5115,5391,276
Truck354771,2436,3331,4945,5392,447
Truck355163,3121,2436,5055,5392,337
Truck355911,2821,2999,5260,5392,132
Truck356338,1339,0,5380,5392,12
Truck355473,2436,2999,5140,5393,253
Truck355751,2998,2999,5215,5393,178
Truck356060,2437,3122,5305,5393,88
Truck354749,3121,1338,4940,5394,454
Truck355061,2224,0,5025,5394,369
Truck355989,2655,3122,5285,5394,109
Truck356250,3239,2655,5355,5394,39
Truck354295,1338,2821,4815,5395,580
Truck354643,3238,2436,4910,5395,485
Truck355561,3238,2999,5165,5395,230
Truck355930,2822,2225,5265,5395,130
Truck354297,2655,1338,4815,5396,581
Truck355505,3121,2822,5150,5396,246
Truck356126,2656,3121,5320,5396,76
Truck354313,1338,0,4820,5397,577
Truck355836,3239,0,5240,5397,157
Truck355929,2821,2999,5265,5397,132
Truck356171,3121,2999,5335,5397,62
Truck355719,2655,2999,5210,5398,188
Truck355638,3239,2224,5185,5399,214
Truck356191,3238,1339,5340,5399,59
Truck356268,3239,1338,5360,5399,39
Truck354691,1338,2437,4925,5400,475
Truck355948,2822,2436,5270,5400,130
Truck356161,3331,2225,5330,5400,70
Truck355142,2437,2436,5050,5401,351
Truck355511,2224,3121,5150,5401,251
Truck355564,1339,2822,5165,5401,236
Truck355784,2656,2224,5225,5401,176
Truck355792,2999,3122,5230,5401,171
Truck356144,2656,2436,5325,5401,76
Truck356352,3122,0,5385,5401,16
Truck355782,3239,3238,5225,5402,177
Truck356091,2821,3239,5310,5404,94
Truck356159,2224,2822,5330,5404,74
Truck356234,2656,2822,5350,5404,54
Truck354843,2436,2822,4965,5405,440
Truck355291,3238,2998,5090,5405,315
Truck355706,2225,2437,5205,5405,200
Truck355966,2822,2655,5275,5405,130
Truck355986,0,2655,5285,5405,120
Truck356042,2437,2655,5300,5405,105
Truck356179,3331,2225,5335,5405,70
Truck355908,3239,1339,5260,5406,146
Truck355398,3122,2998,5120,5407,287
Truck355800,3239,3238,5230,5407,177
Truck356217,2821,3331,5345,5407,62
Truck355756,2999,3331,5220,5408,188
Truck355805,2998,2999,5230,5408,178
Truck355748,2656,0,5215,5409,194
Truck355796,2225,3121,5230,5409,179
Truck356007,2655,0,5290,5409,119
Truck356177,2224,2822,5335,5409,74
Truck356304,3239,1338,5370,5409,39
Truck355319,2998,3238,5095,5410,315
Truck355582,1339,2821,5170,5410,240
Truck355734,0,2656,5215,5410,195
Truck356197,3331,2655,5340,5410,70
Truck356254,2822,2656,5355,5410,55
Truck355250,2437,2436,5080,5411,331
Truck355606,2822,1339,5175,5412,237
Truck356343,2821,2822,5380,5412,32
Truck354211,3238,1338,4790,5413,623
Truck354366,0,1338,4835,5413,578
Truck355774,2999,2998,5225,5413,188
Truck355916,2437,3238,5265,5413,148
Truck354367,1338,2655,4835,5414,579
Truck354891,2655,2436,4980,5414,434
Truck356201,2998,2224,5340,5414,74
Truck355364,2225,3239,5110,5415,305
Truck355577,3121,2656,5170,5415,245
Truck355736,2437,2225,5215,5415,200
Truck356002,2822,2436,5285,5415,130
Truck356022,0,2655,5295,5415,120
Truck356205,2655,3331,5345,5415,70
Truck355418,2225,1339,5125,5416,291
Truck356198,2656,2436,5340,5416,76
Truck354369,2655,1338,4835,5417,582
Truck354385,1338,0,4840,5417,577
Truck355791,2655,2999,5230,5417,187
Truck356218,2822,2224,5345,5417,72
Truck355841,2998,2999,5240,5418,178
Truck356340,3239,2656,5380,5418,38
Truck356227,3238,0,5350,5420,70
Truck356233,3331,2437,5350,5420,70
Truck354933,2436,0,4990,5421,431
Truck355593,2655,3121,5175,5421,246
Truck356467,3331,2656,5415,5421,6
Truck356468,2656,3331,5415,5421,6
Truck355237,3238,2225,5075,5422,347
Truck355400,2225,0,5120,5422,302
Truck356289,2821,2656,5365,5422,57
Truck354861,2436,0,4970,5423,453
Truck355451,3121,3238,5135,5423,288
Truck355453,3238,3121,5135,5423,288
Truck355730,2656,3238,5210,5423,213
Truck355859,2998,2225,5245,5423,178
Truck354403,1338,2656,4845,5424,579
Truck355395,2655,2225,5120,5424,304
Truck355802,2656,0,5230,5424,194
Truck356172,3122,2437,5335,5424,89
Truck356358,3239,2225,5385,5424,39
Truck355613,3121,2998,5180,5425,245
Truck355810,2999,2655,5235,5425,190
Truck356114,2437,2224,5320,5425,105
Truck355867,3238,3239,5250,5426,176
Truck356442,3122,0,5410,5426,16
Truck354679,3238,2436,4920,5427,507
Truck354879,2436,0,4975,5427,452
Truck355304,2437,2436,5095,5428,333
Truck355329,2436,2437,5100,5428,328
Truck355624,2822,0,5180,5428,248
Truck355685,3121,3122,5200,5428,228
Truck355759,3238,3331,5220,5428,208
Truck356278,2999,3121,5365,5428,63
Truck356376,3239,2656,5390,5428,38
Truck355746,3239,2224,5215,5429,214
Truck356500,1339,3122,5425,5429,4
Truck354421,1338,2998,4850,5430,580
Truck355659,2821,3122,5190,5430,240
Truck355828,2999,2998,5240,5430,190
Truck356056,2822,1338,5300,5430,130
Truck356269,3331,3121,5360,5430,70
Truck355499,2998,3122,5145,5431,286
Truck355619,2224,2655,5180,5431,251
Truck355631,3121,2821,5185,5431,246
Truck355672,1339,2822,5195,5431,236
Truck355885,3238,3239,5255,5431,176
Truck356361,2821,2998,5385,5431,46
Truck355436,2225,0,5130,5432,302
Truck355490,2225,3122,5145,5432,287
Truck355526,2225,1338,5155,5432,277
Truck356055,2821,2437,5300,5432,132
Truck356080,2999,2225,5310,5432,122
Truck356472,0,1339,5420,5432,12
Truck354277,1338,3238,4810,5433,623
Truck356029,3238,2655,5295,5433,138
Truck356143,3331,2998,5325,5433,108
Truck356148,0,2437,5330,5433,103
Truck356165,2998,2656,5330,5433,103
Truck355874,2656,3122,5250,5434,184
Truck356394,3239,2999,5395,5434,39
Truck354439,1338,2224,4855,5435,580
Truck355647,2655,3121,5190,5435,245
Truck355677,2821,3122,5195,5435,240
Truck355814,2225,2437,5235,5435,200
Truck356150,2437,2655,5330,5435,105
Truck356287,3331,1338,5365,5435,70
Truck354699,2436,3238,4925,5436,511
Truck355702,2999,3238,5205,5436,231
Truck355864,2999,0,5250,5436,186
Truck355903,3238,3239,5260,5436,176
Truck356270,2656,2437,5360,5436,76
Truck356521,3331,2656,5430,5436,6
Truck354502,1339,1338,4870,5437,567
Truck355292,2225,3238,5090,5437,347
Truck355980,3239,0,5280,5437,157
Truck356098,2999,2225,5315,5437,122
Truck355446,0,2225,5135,5438,303
Truck355913,2998,2436,5260,5438,178
Truck356180,2656,2998,5335,5438,103
Truck356414,2656,3239,5400,5438,38
Truck355454,2225,2822,5135,5439,304
Truck356291,2998,2224,5365,5439,74
Truck356412,3239,2436,5400,5439,39
Truck354457,1338,2822,4860,5440,580
Truck354987,2436,1338,5005,5440,435
Truck355419,2436,3121,5125,5440,315
Truck355579,3238,2821,5170,5440,270
Truck355667,3121,2998,5195,5440,245
Truck355723,3238,2999,5210,5440,230
Truck356057,2998,3239,5300,5440,140
Truck356123,2224,2821,5320,5440,120
Truck356168,2437,2656,5335,5440,105
Truck354952,1339,2436,4995,5441,446
Truck355254,3122,2224,5080,5441,361
Truck355535,2998,3122,5155,5441,286
Truck355926,3239,3238,5265,5442,177
Truck356236,2822,3239,5350,5442,92
Truck356308,2822,2224,5370,5442,72
Truck356360,2656,2821,5385,5442,57
Truck355931,2998,2225,5265,5443,178
Truck355276,1339,2224,5085,5444,359
Truck355472,2225,3331,5140,5444,304
Truck355882,2999,2998,5255,5444,189
Truck356235,2821,3239,5350,5444,94
Truck356186,2437,3331,5340,5445,105
Truck356313,2655,3331,5375,5445,70
Truck356323,3331,2437,5375,5445,70
Truck354475,1338,2822,4865,5446,581
Truck355896,0,2999,5260,5446,186
Truck355946,2656,2224,5270,5446,176
Truck356050,1339,3239,5300,5446,146
Truck355704,3122,2821,5205,5447,242
Truck355944,3239,3238,5270,5447,177
Truck356109,2821,2225,5315,5447,132
Truck355542,3122,2225,5160,5448,288
Truck355820,2656,3238,5235,5448,213
Truck355900,2999,2656,5260,5448,188
Truck356258,2437,3122,5360,5448,88
Truck355731,2821,1339,5210,5449,239
Truck355937,3121,2225,5270,5449,179
Truck356115,2655,2822,5320,5449,129
Truck356448,3239,3121,5410,5449,39
Truck354493,1338,2822,4870,5450,580
Truck354897,2436,2822,4980,5450,470
Truck356204,2437,2656,5345,5451,106
Truck356568,3122,1339,5445,5451,6
Truck355293,2436,2437,5090,5452,362
Truck355346,2225,3238,5105,5452,347
Truck356266,1339,2437,5360,5452,92
Truck355559,3121,3238,5165,5453,288
Truck355918,2999,3239,5265,5453,188
Truck355967,2998,2999,5275,5453,178
Truck356484,3239,3331,5420,5453,33
Truck355508,2225,2655,5150,5454,304
Truck356339,2224,2998,5380,5454,74
Truck356120,2225,2436,5320,5455,135
Truck356146,2822,2437,5325,5455,130
Truck355562,2225,1339,5165,5456,291
Truck355701,2655,2224,5205,5456,251
Truck356096,2437,3121,5315,5456,141
Truck356106,3239,2998,5315,5456,141
Truck356222,2437,3239,5350,5456,106
Truck355721,3121,2224,5210,5457,247
Truck355740,3122,2821,5215,5457,242
Truck355963,3331,2224,5275,5457,182
Truck356145,2821,1338,5325,5457,132
Truck356362,2822,2998,5385,5457,72
Truck355578,3122,2225,5170,5458,288
Truck355985,2998,2655,5280,5458,178
Truck354529,1338,3331,4880,5459,579
Truck354877,3238,2436,4975,5459,484
Truck355794,3122,3121,5230,5459,229
Truck356223,2655,3122,5350,5459,109
Truck356357,2224,2822,5385,5459,74
Truck356164,2822,2999,5330,5460,130
Truck356377,3331,3121,5390,5460,70
Truck355716,0,2821,5210,5461,251
Truck355739,3121,2822,5215,5461,246
Truck356066,2225,2436,5305,5461,156
Truck356562,0,3122,5445,5461,16
Truck354927,2655,2436,4990,5462,472
Truck355382,2225,3238,5115,5462,347
Truck355669,3238,2822,5195,5462,267
Truck355758,3122,2821,5220,5462,242
Truck355999,3331,1339,5285,5462,177
Truck356151,2655,2821,5330,5462,132
Truck355954,2999,3239,5275,5463,188
Truck356003,2998,2655,5285,5463,178
Truck356273,2998,2656,5360,5463,103
Truck354997,1338,3121,5010,5464,454
Truck356375,2224,2822,5390,5464,74
Truck356502,3239,2999,5425,5464,39
Truck356385,2655,3331,5395,5465,70
Truck356395,3331,2655,5395,5465,70
Truck355589,2998,0,5170,5466,296
Truck356378,2656,2436,5390,5466,76
Truck354610,1339,1338,4900,5467,567
Truck355399,3238,2225,5120,5467,347
Truck356181,2821,2437,5335,5467,132
Truck356398,2822,2998,5395,5467,72
Truck355614,3122,2225,5180,5468,288
Truck356021,2998,1338,5290,5468,178
Truck356155,3238,2655,5330,5468,138
Truck356422,2999,3121,5405,5468,63
Truck355968,0,3331,5280,5469,189
Truck356393,2224,2998,5395,5469,74
Truck356446,1339,3238,5410,5469,59
Truck354565,1338,2655,4890,5470,580
Truck356413,3331,2225,5400,5470,70
Truck355362,3122,2224,5110,5471,361
Truck355618,1339,2225,5180,5471,291
Truck355763,2224,2437,5220,5471,251
Truck355775,3121,2224,5225,5471,246
Truck356604,3122,0,5455,5471,16
Truck356015,2224,3331,5290,5472,182
Truck356228,2225,2999,5350,5472,122
Truck356344,2822,3239,5380,5472,92
Truck355095,2436,0,5035,5473,438
Truck355633,3238,3121,5185,5473,288
Truck356540,2656,3239,5435,5473,38
Truck354583,1338,2224,4895,5474,579
Truck355005,2436,2655,5010,5474,464
Truck355071,2655,2436,5030,5474,444
Truck355821,2821,1339,5235,5474,239
Truck356464,1339,3238,5415,5474,59
Truck355580,2225,3239,5170,5475,305
Truck355990,2999,2655,5285,5475,190
Truck356294,2437,2224,5370,5475,105
Truck355773,2655,2224,5225,5476,251
Truck355781,2224,2999,5225,5476,251
Truck355177,1338,2436,5060,5477,417
Truck355435,3238,2225,5130,5477,347
Truck355793,3121,2998,5230,5477,247
Truck356035,3331,2224,5295,5477,182
Truck356246,2225,2999,5355,5477,122
Truck356486,2656,2821,5420,5477,57
Truck356017,3331,0,5290,5478,188
Truck356295,2655,1339,5370,5478,108
Truck356324,2656,2998,5375,5478,103
Truck354601,1338,2821,4900,5479,579
Truck355367,2224,0,5110,5479,369
Truck356048,2225,3121,5300,5479,179
Truck354979,1338,2437,5005,5480,475
Truck355811,3121,2656,5235,5480,245
Truck356449,3331,2437,5410,5480,70
Truck356176,1339,3239,5335,5481,146
Truck356432,2656,2655,5405,5481,76
Truck356485,3331,2821,5420,5482,62
Truck355806,0,2822,5235,5483,248
Truck356075,2998,2655,5305,5483,178
Truck356018,2656,0,5290,5484,194
Truck356026,2999,2655,5295,5484,189
Truck356574,3239,2437,5445,5484,39
Truck356698,1339,3122,5480,5484,4
Truck355827,2655,3121,5240,5485,245
Truck354619,1338,2998,4905,5486,581
Truck354673,1338,1339,4920,5486,566
Truck355616,2225,2656,5180,5486,306
Truck355817,2224,2225,5235,5486,251
Truck355829,3121,2224,5240,5486,246
Truck356087,2224,2656,5310,5486,176
Truck356207,3121,2437,5345,5486,141
Truck356214,3239,2998,5345,5486,141
Truck356450,2656,2437,5410,5486,76
Truck355883,3121,1339,5255,5487,232
Truck356253,2821,2436,5355,5487,132
Truck355686,3122,2225,5200,5488,288
Truck355824,0,2822,5240,5488,248
Truck356093,2998,2437,5310,5488,178
Truck356348,2437,0,5385,5488,103
Truck355222,1339,2436,5070,5489,419
Truck355331,2224,3238,5100,5489,389
Truck355403,2224,0,5120,5489,369
Truck355634,2225,2224,5185,5489,304
Truck356043,2655,2999,5300,5489,189
Truck356104,1339,2999,5315,5489,174
Truck356259,2655,2822,5360,5489,129
Truck356592,3239,3121,5450,5489,39
Truck355597,3238,2998,5175,5490,315
Truck356006,2437,2225,5290,5490,200
Truck356272,2822,2225,5360,5490,130
Truck356515,3238,3122,5430,5490,60
Truck355847,3121,3331,5245,5491,246
Truck356349,2655,2437,5385,5491,106
Truck356489,2998,2822,5420,5491,71
Truck356410,1339,2437,5400,5492,92
Truck355703,3121,3238,5205,5493,288
Truck355705,3238,3121,5205,5493,288
Truck355786,2822,3238,5225,5493,268
Truck355179,2655,2436,5060,5494,434
Truck356054,2656,0,5300,5494,194
Truck354655,1338,2656,4915,5495,580
Truck355249,1338,2436,5080,5495,415
Truck355523,3121,2436,5155,5495,340
Truck356062,2999,3331,5305,5495,190
Truck356503,3331,2999,5425,5495,70
Truck355853,2224,2655,5245,5496,251
Truck356595,2821,2998,5450,5496,46
Truck356737,3331,2656,5490,5496,6
Truck355077,2436,2821,5030,5497,467
Truck356124,3239,3238,5320,5497,177
Truck356318,2225,2999,5375,5497,122
Truck356366,2437,3331,5390,5497,107
Truck356420,2437,1339,5405,5497,92
Truck356531,3121,2999,5435,5497,62
Truck356558,2656,2821,5440,5497,57
Truck354511,1338,3238,4875,5498,623
Truck354727,1338,3122,4935,5498,563
Truck355662,0,2225,5195,5498,303
Truck356129,2998,2437,5320,5498,178
Truck355670,2225,2822,5195,5499,304
Truck355902,3122,2822,5260,5499,239
Truck356551,3238,1339,5440,5499,59
Truck356576,2656,2822,5445,5499,54
Truck355428,0,2224,5130,5500,370
Truck355744,1339,2998,5215,5500,285
Truck355803,2821,3238,5230,5500,270
Truck356134,2999,1339,5325,5500,175
Truck355726,1339,2225,5210,5501,291
Truck355863,2655,2224,5250,5501,251
Truck356504,2656,2437,5425,5501,76
Truck356307,2821,2225,5370,5502,132
Truck356557,3331,2821,5440,5502,62
Truck355493,2224,1339,5145,5503,358
Truck356399,2998,3331,5395,5503,108
Truck356016,3239,2224,5290,5504,214
Truck356575,3331,2822,5445,5504,59
Truck356646,3239,2999,5465,5504,39
Truck355688,2225,3331,5200,5505,305
Truck356326,2822,2436,5375,5505,130
Truck356533,3238,0,5435,5505,70
Truck356539,3331,2225,5435,5505,70
Truck355257,2436,1338,5080,5506,426
Truck355889,2224,2437,5255,5506,251
Truck356402,2437,2998,5400,5506,106
Truck355041,2436,3238,5020,5507,487
Truck355185,2436,1338,5060,5507,447
Truck355920,3122,2821,5265,5507,242
Truck355955,3121,1339,5275,5507,232
Truck356210,2225,2436,5345,5507,162
Truck356325,2821,2437,5375,5507,132
Truck355698,0,2225,5205,5508,303
Truck356417,2998,3331,5400,5508,108
Truck356682,3239,3331,5475,5508,33
Truck355592,2437,2436,5175,5509,334
Truck356593,3331,2822,5450,5509,59
Truck355831,3238,2821,5240,5510,270
Truck355839,2821,3238,5240,5510,270
Truck355919,3121,2998,5265,5510,245
Truck356136,3122,2656,5325,5510,185
Truck355972,2999,3238,5280,5511,231
Truck356284,1339,3239,5365,5511,146
Truck356297,3121,2437,5370,5511,141
Truck356421,2655,2437,5405,5511,106
Truck356649,2821,2998,5465,5511,46
Truck356368,2999,2225,5390,5512,122
Truck356612,2656,2821,5455,5512,57
Truck356701,3331,3239,5480,5512,32
Truck356158,1339,2656,5330,5513,183
Truck356492,2437,3122,5425,5513,88
Truck355107,2655,2436,5040,5514,474
Truck355965,2821,1339,5275,5514,239
Truck355113,2436,2822,5040,5515,475
Truck355529,2224,3122,5155,5515,360
Truck355905,2436,2999,5260,5517,257
Truck355996,1339,3121,5285,5517,232
Truck356578,2822,2998,5445,5517,72
Truck356611,3331,2821,5455,5517,62
Truck356719,3331,3239,5485,5517,32
Truck354744,0,1338,4940,5518,578
Truck355617,2436,3121,5180,5518,338
Truck355795,3238,3121,5230,5518,288
Truck356072,2656,3238,5305,5518,213
Truck356722,2822,2821,5485,5518,33
Truck355199,3121,1338,5065,5519,454
Truck356010,3122,3121,5290,5519,229
Truck355547,2224,3122,5160,5520,360
Truck356011,3238,2999,5290,5520,230
Truck356152,2999,2821,5330,5520,190
Truck356380,2822,2225,5390,5520,130
Truck355124,2437,1338,5045,5521,476
Truck355787,2998,0,5225,5521,296
Truck356169,2655,2999,5335,5522,187
Truck356286,3239,0,5365,5522,157
Truck356367,2655,2821,5390,5522,132
Truck356518,1339,2437,5430,5522,92
Truck355894,2822,3238,5255,5523,268
Truck356101,3238,3331,5315,5523,208
Truck356215,3331,3122,5345,5523,178
Truck356219,2998,2436,5345,5523,178
Truck354763,1338,2655,4945,5524,579
Truck355815,2436,2999,5235,5524,289
Truck355936,2999,2436,5270,5524,254
Truck356088,3239,2224,5310,5524,214
Truck356170,2999,3239,5335,5524,189
Truck356523,2821,3239,5430,5524,94
Truck356718,3239,2655,5485,5524,39
Truck355760,2225,2655,5220,5525,305
Truck356001,2821,3122,5285,5525,240
Truck356132,2437,2225,5325,5525,200
Truck356224,2999,1339,5350,5525,175
Truck356418,0,2655,5405,5525,120
Truck356668,2822,2656,5470,5525,55
Truck355203,2436,2655,5065,5526,461
Truck355973,3121,2655,5280,5526,246
Truck356474,2437,2655,5420,5526,106
Truck356598,0,3238,5455,5526,71
Truck356846,2656,3331,5520,5526,6
Truck355149,2436,3238,5050,5527,477
Truck355778,2225,0,5225,5527,302
Truck355272,3122,2436,5085,5528,443
Truck356187,2655,2999,5340,5528,188
Truck356507,2998,2656,5425,5528,103
Truck356564,2437,2999,5445,5528,83
Truck356736,3239,2656,5490,5528,38
Truck355231,1338,3121,5075,5529,454
Truck356684,2656,2822,5475,5529,54
Truck356860,1339,3122,5525,5529,4
Truck354781,1338,2822,4950,5530,580
Truck355852,1339,2998,5245,5530,285
Truck355991,3121,3331,5285,5530,245
Truck356188,2999,2656,5340,5530,190
Truck356381,2998,3239,5390,5530,140
Truck356416,2822,2437,5400,5530,130
Truck356436,0,2655,5410,5530,120
Truck356538,3239,2821,5435,5530,95
Truck356044,2999,3238,5300,5531,231
Truck356245,3238,3239,5355,5531,176
Truck356249,2224,2656,5355,5531,176
Truck356633,2998,2822,5460,5531,71
Truck356322,3239,0,5375,5532,157
Truck356415,2821,2999,5400,5532,132
Truck356554,1339,2437,5440,5532,92
Truck356685,2821,2656,5475,5532,57
Truck355848,3122,2225,5245,5533,288
Truck356206,2999,3239,5345,5533,188
Truck354799,1338,2822,4955,5534,579
Truck356559,2821,3239,5440,5534,94
Truck356702,2656,2822,5480,5534,54
Truck355769,2998,3238,5220,5535,315
Truck355921,3238,2821,5265,5535,270
Truck356226,3122,2656,5350,5535,185
Truck356434,2822,2436,5405,5535,130
Truck356454,0,2655,5415,5535,120
Truck354801,2655,1338,4955,5536,581
Truck355850,2225,1339,5245,5536,291
Truck355997,2224,2225,5285,5536,251
Truck356510,2437,2655,5430,5536,106
Truck355221,2436,3239,5070,5537,467
Truck356433,2821,2999,5405,5537,132
Truck356458,2999,2225,5415,5537,122
Truck356650,2822,2224,5465,5537,72
Truck355628,2437,2436,5185,5538,353
Truck355649,3121,2436,5190,5538,348
Truck355267,1338,3121,5085,5539,454
Truck355583,2224,0,5170,5539,369
Truck356261,3121,2225,5360,5539,179
Truck356475,2655,0,5420,5539,119
Truck356772,3239,2225,5500,5539,39
Truck355777,3238,2998,5225,5540,315
Truck356244,3122,2656,5355,5540,185
Truck356452,2822,2436,5410,5540,130
Truck356665,3331,3121,5470,5540,70
Truck356528,2437,2998,5435,5541,106
Truck356759,2998,2821,5495,5541,46
Truck354835,1338,0,4965,5542,577
Truck356027,3121,2224,5295,5542,247
Truck356081,3121,1339,5310,5542,232
Truck356086,1339,3121,5310,5542,232
Truck355347,2436,2998,5105,5543,438
Truck356384,2437,3238,5395,5543,148
Truck356536,1339,2655,5435,5543,108
Truck356543,2998,3331,5435,5543,108
Truck355636,1339,2224,5185,5544,359
Truck356040,0,3121,5300,5544,244
Truck356160,3239,2224,5330,5544,214
Truck356716,1339,3238,5485,5544,59
Truck356790,3239,2225,5505,5544,39
Truck355832,2225,2224,5240,5545,305
Truck356045,3121,3331,5300,5545,245
Truck356068,1339,2821,5305,5545,240
Truck356242,2999,2224,5355,5545,190
Truck356470,2822,2436,5415,5545,130
Truck356655,2655,2656,5470,5545,75
Truck355886,2225,1339,5255,5546,291
Truck356033,2224,2436,5295,5546,251
Truck356666,2656,2225,5470,5546,76
Truck354898,1339,1338,4980,5547,567
Truck355504,2999,1338,5150,5547,397
Truck356064,3122,2821,5305,5547,242
Truck355901,3121,3238,5260,5548,288
Truck355984,2822,3238,5280,5548,268
Truck356260,2999,3239,5360,5548,188
Truck356288,2656,1339,5365,5548,183
Truck356309,2998,2225,5370,5548,178
Truck356579,2998,2656,5445,5548,103
Truck355311,2436,0,5095,5550,455
Truck355655,2224,3122,5190,5550,360
Truck354853,1338,2998,4970,5551,581
Truck356332,2999,3122,5380,5551,171
Truck354871,1338,0,4975,5552,577
Truck355993,3238,2822,5285,5552,267
Truck356063,3121,2655,5305,5552,247
Truck356082,3122,2821,5310,5552,242
Truck356277,2655,2999,5365,5552,187
Truck356487,2821,2999,5420,5552,132
Truck356327,2998,2225,5375,5553,178
Truck356817,2655,3239,5515,5553,38
Truck356640,3122,2437,5465,5554,89
Truck356699,2224,2822,5480,5554,74
Truck356826,3239,3121,5515,5554,39
Truck356950,1339,3122,5550,5554,4
Truck355868,2225,2822,5250,5555,305
Truck356240,2437,2225,5355,5555,200
Truck356506,2822,2436,5425,5555,130
Truck355401,2436,2224,5120,5556,436
Truck356292,0,2999,5370,5556,186
Truck356342,2656,2224,5380,5556,176
Truck356758,2822,3331,5495,5556,61
Truck355938,3122,2998,5270,5557,287
Truck356321,2224,3331,5375,5557,182
Truck356505,2821,2225,5425,5557,132
Truck356530,2999,2225,5435,5557,122
Truck356216,2656,3238,5345,5558,213
Truck356479,3238,2655,5420,5558,138
Truck356128,2822,3122,5320,5559,239
Truck356296,2999,2224,5370,5559,189
Truck356333,3121,2225,5380,5559,179
Truck356356,1339,2999,5385,5559,174
Truck356767,3238,1339,5500,5559,59
Truck354889,1338,2821,4980,5560,580
Truck355849,3238,2998,5245,5560,315
Truck356019,2821,3238,5290,5560,270
Truck356524,2822,2655,5430,5560,130
Truck354943,1338,1339,4995,5561,566
Truck356600,2437,2821,5455,5561,106
Truck355904,2225,0,5260,5562,302
Truck356118,3122,2821,5320,5562,242
Truck356359,3331,1339,5385,5562,177
Truck356740,2822,2998,5490,5562,72
Truck356363,2998,3121,5385,5563,178
Truck356497,3238,2655,5425,5563,138
Truck355673,2224,0,5195,5564,369
Truck356667,2821,3239,5470,5564,94
Truck356791,3331,2822,5505,5564,59
Truck355275,2436,3238,5085,5565,480
Truck355709,2224,3122,5205,5565,360
Truck356140,1339,2821,5325,5565,240
Truck356314,2999,2998,5375,5565,190
Truck355960,1339,2225,5275,5566,291
Truck356105,2224,3121,5315,5566,251
Truck356495,3121,2437,5425,5566,141
Truck356738,2656,2436,5490,5566,76
Truck356847,2821,2998,5520,5566,46
Truck355576,2999,1338,5170,5567,397
Truck356409,2436,2225,5400,5567,167
Truck356499,2436,2225,5425,5567,142
Truck356541,2821,3121,5435,5567,132
Truck356570,2225,2999,5445,5567,122
Truck355914,0,2225,5265,5568,303
Truck355975,3238,3121,5280,5568,288
Truck356263,3238,3331,5360,5568,208
Truck356626,1339,2655,5460,5568,108
Truck356636,2437,0,5465,5568,103
Truck356902,2822,2821,5535,5568,33
Truck355356,0,2436,5110,5569,459
Truck355922,2225,3331,5265,5569,304
Truck356392,1339,2999,5395,5569,174
Truck356583,2655,0,5450,5569,119
Truck356880,3239,2436,5530,5569,39
Truck355303,1338,2437,5095,5570,475
Truck355727,2224,3122,5210,5570,360
Truck356163,2821,3122,5330,5570,240
Truck356560,2822,1338,5440,5570,130
Truck356622,3122,2655,5460,5570,110
Truck356773,3331,2655,5500,5570,70
Truck354925,1338,2821,4990,5571,581
Truck355722,3122,2224,5210,5571,361
Truck356135,3121,2821,5325,5571,246
Truck356958,0,3122,5555,5571,16
Truck355437,2436,2821,5130,5572,442
Truck355438,1339,2436,5130,5572,442
Truck355940,2225,0,5270,5572,302
Truck355992,3122,2998,5285,5572,287
Truck356030,2225,1338,5295,5572,277
Truck356189,3121,1339,5340,5572,232
Truck356700,3239,2822,5480,5572,92
Truck355365,2436,2655,5110,5573,463
Truck356281,3238,3331,5365,5573,208
Truck356350,2999,3331,5385,5573,188
Truck356529,2655,3238,5435,5573,138
Truck356644,1339,2655,5465,5573,108
Truck356669,2998,2656,5470,5573,103
Truck356637,2655,3122,5465,5574,109
Truck356898,3239,2436,5535,5574,39
Truck356407,3238,3239,5400,5576,176
Truck356774,2656,3121,5500,5576,76
Truck356795,2998,2822,5505,5576,71
Truck357026,2656,3331,5570,5576,6
Truck356153,3121,2656,5330,5577,247
Truck356200,2822,1339,5340,5577,237
Truck356565,2655,2821,5445,5577,132
Truck356577,2821,2437,5445,5577,132
Truck356935,3331,3239,5545,5577,32
Truck355865,3121,2436,5250,5578,328
Truck356009,3121,3238,5290,5578,288
Truck356305,3331,3238,5370,5578,208
Truck356396,2656,1339,5395,5578,183
Truck356520,3239,3122,5430,5578,148
Truck356672,2437,0,5475,5578,103
Truck354961,1338,3239,5000,5579,579
Truck355488,3122,2436,5145,5580,435
Truck355958,2225,2821,5275,5580,305
Truck356330,2437,2225,5380,5580,200
Truck356546,2437,3121,5440,5581,141
Truck356792,2656,2436,5505,5581,76
Truck356028,3122,2998,5295,5582,287
Truck356953,3331,3239,5550,5582,32
Truck354978,0,1338,5005,5583,578
Truck356116,2999,2436,5320,5583,263
Truck356182,2822,0,5335,5583,248
Truck356431,3331,3122,5405,5583,178
Truck355780,1339,2224,5225,5584,359
Truck355976,2225,3239,5280,5584,304
Truck356184,0,3121,5340,5584,244
Truck356386,2999,2224,5395,5584,189
Truck356863,3331,2822,5525,5584,59
Truck355563,2436,3122,5165,5585,420
Truck355949,2998,3238,5270,5585,315
Truck356614,2822,2999,5455,5585,130
Truck355482,0,2436,5145,5586,441
Truck356400,0,2999,5400,5586,186
Truck356810,2656,3121,5510,5586,76
Truck356460,3122,2999,5415,5587,172
Truck356613,2821,2225,5455,5587,132
Truck356865,2821,3331,5525,5587,62
Truck355509,2436,1339,5150,5588,438
Truck356341,3331,3238,5380,5588,208
Truck355555,1338,2436,5165,5589,424
Truck356404,2999,3331,5400,5589,189
Truck356691,2655,3122,5480,5589,109
Truck356825,2224,2822,5515,5589,74
Truck356881,3331,2822,5530,5589,59
Truck356952,3239,2436,5550,5589,39
Truck355752,0,2224,5220,5590,370
Truck356516,2225,2436,5430,5590,160
Truck356632,2822,2225,5460,5590,130
Truck356754,3239,2821,5495,5590,95
Truck356845,3331,2437,5520,5590,70
Truck355383,2436,2224,5115,5591,476
Truck356039,2998,0,5295,5591,296
Truck356708,2437,3331,5485,5591,106
Truck356709,2655,2437,5485,5591,106
Truck356828,2656,1338,5515,5591,76
Truck356937,2821,2998,5545,5591,46
Truck356012,2225,0,5290,5592,302
Truck356619,2655,2821,5460,5592,132
Truck356631,2821,2437,5460,5592,132
Truck356991,2821,2822,5560,5592,32
Truck356471,2998,3121,5415,5593,178
Truck356723,2998,3331,5485,5593,108
Truck356724,0,2437,5490,5593,103
Truck356972,2656,3239,5555,5593,38
Truck355074,3122,1338,5030,5594,564
Truck355015,1338,2655,5015,5595,580
Truck356248,1339,2821,5355,5595,240
Truck356670,0,2655,5475,5595,120
Truck356113,1338,2225,5320,5596,276
Truck356213,2224,2225,5345,5596,251
Truck357097,3331,2656,5590,5596,6
Truck356556,3239,0,5440,5597,157
Truck356866,2822,2224,5525,5597,72
Truck355491,2436,2656,5145,5598,453
Truck356582,2437,3238,5450,5598,148
Truck355033,1338,2655,5020,5599,579
Truck355799,2224,0,5230,5599,369
Truck356271,2821,1339,5360,5599,239
Truck356111,2998,1339,5315,5600,285
Truck356744,2437,2656,5495,5600,105
Truck356864,2656,2436,5525,5601,76
Truck356885,2998,2822,5530,5601,71
Truck356973,2821,2998,5555,5601,46
Truck357072,3122,0,5585,5601,16
Truck355455,2436,2822,5135,5602,467
Truck355560,3122,2436,5165,5602,437
Truck355581,2436,2821,5170,5602,432
Truck356917,3331,2821,5540,5602,62
Truck356493,2655,2998,5425,5603,178
Truck356997,2655,3239,5565,5603,38
Truck355051,1338,2655,5025,5604,579
Truck355681,1338,2436,5200,5604,404
Truck355745,2224,3238,5215,5604,389
Truck356256,0,3121,5360,5604,244
Truck356929,3238,1339,5545,5604,59
Truck356426,2225,2437,5405,5605,200
Truck356762,2437,2821,5500,5606,106
Truck356882,2656,1338,5530,5606,76
Truck354907,1338,3238,4985,5608,623
Truck355363,3238,2436,5110,5608,498
Truck355871,2224,1339,5250,5608,358
Truck356476,2999,3239,5420,5608,188
Truck356511,2655,2998,5430,5608,178
Truck355069,1338,3331,5030,5609,579
Truck356334,3122,3121,5380,5609,229
Truck356947,3238,1339,5550,5609,59
Truck357024,3239,1338,5570,5609,39
Truck356061,2655,2225,5305,5610,305
Truck356147,2998,1339,5325,5610,285
Truck356279,3121,2998,5365,5610,245
Truck356704,2822,3121,5480,5610,130
Truck355123,1338,1339,5045,5611,566
Truck356267,2224,3121,5360,5611,251
Truck356900,2656,2437,5535,5611,76
Truck356956,2822,3331,5550,5611,61
Truck356157,2436,2999,5330,5612,282
Truck355086,0,1338,5035,5613,578
Truck356274,0,2822,5365,5613,248
Truck356522,2656,1339,5430,5613,183
Truck356852,2437,3122,5525,5613,88
Truck356084,2225,2822,5310,5614,304
Truck356745,2655,0,5495,5614,119
Truck356872,2999,2437,5530,5614,84
Truck356921,2998,2224,5540,5614,74
Truck356320,1339,2821,5375,5615,240
Truck356844,3239,2821,5520,5615,95
Truck355345,3238,2436,5105,5616,511
Truck355466,2437,1338,5140,5616,476
Truck355632,3122,2436,5185,5616,431
Truck356285,2224,2999,5365,5616,251
Truck356512,2999,0,5430,5616,186
Truck356664,3239,1339,5470,5616,146
Truck356918,2656,2225,5540,5616,76
Truck356537,2224,3331,5435,5617,182
Truck356798,2437,3331,5510,5617,107
Truck355907,2224,1339,5260,5618,358
Truck356561,2998,2999,5440,5618,178
Truck356695,3238,2655,5480,5618,138
Truck355105,1338,2656,5040,5619,579
Truck356430,3239,2224,5405,5619,214
Truck356874,3122,2437,5530,5619,89
Truck356989,3331,2822,5560,5619,59
Truck357060,3239,2999,5580,5619,39
Truck356065,3238,2998,5305,5620,315
Truck356771,2224,2821,5500,5620,120
Truck356925,2655,2656,5545,5620,75
Truck356690,2437,3121,5480,5621,141
Truck356816,2437,2998,5515,5621,106
Truck356936,2656,2225,5545,5621,76
Truck357187,3331,2656,5615,5621,6
Truck355650,3122,2436,5190,5622,432
Truck356130,0,2998,5325,5622,297
Truck356174,2225,3122,5335,5622,287
Truck356315,3121,3239,5375,5622,247
Truck356555,2224,3331,5440,5622,182
Truck355554,0,2436,5165,5623,458
Truck356634,0,3239,5465,5623,158
Truck356832,0,2437,5520,5623,103
Truck355573,1338,3121,5170,5624,454
Truck355644,0,2436,5190,5624,434
Truck356328,0,3121,5380,5624,244
Truck356834,2437,2998,5520,5625,105
Truck355599,2436,2656,5175,5626,451
Truck356594,2656,2224,5450,5626,176
Truck356190,3122,2998,5340,5627,287
Truck356331,2655,3121,5380,5627,247
Truck356757,2821,2655,5495,5627,132
Truck357007,3331,2821,5565,5627,62
Truck355195,1338,3122,5065,5628,563
Truck355545,2436,2656,5160,5628,468
Truck356461,3238,2656,5415,5628,213
Truck356597,2998,2436,5450,5628,178
Truck356842,1339,2655,5520,5628,108
Truck356346,0,3121,5385,5629,244
Truck356466,3239,2224,5415,5629,214
Truck356548,2999,3331,5440,5629,189
Truck356763,2655,2822,5500,5629,129
Truck356138,2225,2655,5325,5630,305
Truck356776,2822,3121,5500,5630,130
Truck356811,2821,2224,5510,5630,120
Truck357019,3238,3122,5570,5630,60
Truck355141,1338,2656,5050,5631,581
Truck356194,1339,2225,5340,5631,291
Truck355527,2436,3239,5155,5632,477
Truck355994,2225,3238,5285,5632,347
Truck356591,2224,3331,5450,5632,182
Truck356775,2821,2437,5500,5632,132
Truck355003,3238,1338,5010,5633,623
Truck356208,3122,2225,5345,5633,288
Truck356290,2822,3238,5365,5633,268
Truck356712,3122,3239,5485,5633,148
Truck355609,1338,3121,5180,5634,454
Truck357114,3239,2436,5595,5634,39
Truck355159,1338,2224,5055,5635,580
Truck356156,2225,3239,5330,5635,305
Truck356566,2999,2822,5445,5635,190
Truck355689,2436,2655,5200,5636,436
Truck356369,3121,2822,5390,5636,246
Truck356870,2437,2821,5530,5636,106
Truck356990,2656,2225,5560,5636,76
Truck357234,3122,1339,5630,5636,6
Truck356628,3239,3238,5460,5637,177
Truck356629,3331,1339,5460,5637,177
Truck356793,2821,1338,5505,5637,132
Truck357010,2822,2224,5565,5637,72
Truck356688,0,3239,5480,5638,158
Truck356726,2437,3238,5490,5638,148
Truck355236,3122,1338,5075,5639,564
Truck355943,2224,0,5270,5639,369
Truck356624,2225,3121,5460,5639,179
Truck356835,2655,0,5520,5639,119
Truck355979,2224,3122,5280,5640,360
Truck355988,2437,2436,5285,5640,355
Truck356255,2998,1339,5355,5640,285
Truck356379,2821,0,5390,5640,250
Truck356812,2822,2436,5510,5640,130
Truck357025,3331,1338,5570,5640,70
Truck356387,3121,2655,5395,5641,246
Truck356428,1339,2822,5405,5641,236
Truck356648,2656,2224,5465,5641,176
Truck356888,2437,2655,5535,5641,106
Truck356202,0,2998,5345,5642,297
Truck356647,3331,1339,5465,5642,177
Truck355735,1338,2436,5215,5643,428
Truck356243,3121,3238,5355,5643,288
Truck356896,1339,2655,5535,5643,108
Truck356602,2999,2822,5455,5644,189
Truck356964,3122,2437,5555,5644,89
Truck357029,2998,2224,5570,5644,74
Truck356192,2225,2821,5340,5645,305
Truck356397,2821,0,5395,5645,250
Truck356830,2822,2999,5515,5645,130
Truck357043,3331,2436,5575,5645,70
Truck355635,2436,2655,5185,5647,462
Truck356220,0,2998,5350,5647,297
Truck356829,2821,2655,5515,5647,132
Truck356858,2225,2999,5525,5647,122
Truck356970,3239,2822,5555,5647,92
Truck357071,3121,2999,5585,5647,62
Truck357246,0,1339,5635,5647,12
Truck355057,3238,1338,5025,5648,623
Truck356451,2821,1339,5410,5649,239
Truck356620,2999,2821,5460,5649,189
Truck356871,2655,0,5530,5649,119
Truck355213,1338,2224,5070,5650,580
Truck356173,3238,2998,5335,5650,315
Truck356335,3238,2821,5380,5650,270
Truck356848,2822,3121,5520,5650,130
Truck357051,2655,3331,5580,5650,70
Truck357061,3331,2655,5580,5650,70
Truck356411,2224,3121,5400,5651,251
Truck356423,3121,3331,5405,5651,246
Truck356924,2437,3331,5545,5651,106
Truck357044,2656,2999,5575,5651,76
Truck356282,2225,3122,5365,5652,287
Truck356663,2224,3331,5470,5652,182
Truck356988,3239,2822,5560,5652,92
Truck355668,3122,2436,5195,5653,458
Truck356680,1339,3331,5475,5653,178
Truck355665,2655,2436,5195,5654,459
Truck355925,2224,3238,5265,5654,389
Truck356032,1339,2224,5295,5654,359
Truck356630,2656,0,5460,5654,194
Truck356638,2999,2224,5465,5654,189
Truck357065,2998,2224,5580,5654,74
Truck357186,3239,1338,5615,5654,39
Truck357079,3331,2225,5585,5655,70
Truck357109,3238,3122,5595,5655,60
Truck356429,2224,2225,5405,5656,251
Truck356441,3121,2821,5410,5656,246
Truck356652,0,2999,5470,5656,186
Truck357062,2656,1338,5580,5656,76
Truck355897,1338,2999,5260,5657,397
Truck356942,2437,3331,5550,5657,107
Truck356238,0,2225,5355,5658,303
Truck356656,2999,2655,5470,5658,188
Truck356943,2655,3122,5550,5659,109
Truck357204,3239,2655,5620,5659,39
Truck355843,1338,2436,5245,5660,415
Truck356004,0,2224,5290,5660,370
Truck356241,2655,2225,5355,5660,305
Truck356618,2437,2225,5460,5660,200
Truck357006,3239,2821,5565,5660,95
Truck357087,2655,3331,5590,5660,70
Truck357127,3238,3122,5600,5660,60
Truck356049,2436,2437,5300,5661,361
Truck356447,2224,1338,5410,5661,251
Truck356713,3238,3239,5485,5661,176
Truck356824,1339,3239,5515,5661,146
Truck357080,2656,1338,5585,5661,76
Truck357332,2656,3331,5655,5661,6
Truck355671,2436,2998,5195,5662,467
Truck356102,2225,3238,5315,5662,347
Truck356316,3122,2998,5375,5662,287
Truck356389,3238,2822,5395,5662,267
Truck356883,2821,3121,5530,5662,132
Truck357022,1339,2437,5570,5662,92
Truck355321,1338,3122,5100,5663,563
Truck356683,3331,0,5475,5663,188
Truck355762,1339,2436,5220,5664,444
Truck356532,3122,3121,5435,5664,229
Truck357222,3239,2436,5625,5664,39
Truck356069,2224,3122,5305,5665,360
Truck356237,2998,3238,5350,5665,315
Truck356264,2225,2224,5360,5665,305
Truck356674,2999,3331,5475,5665,190
Truck356978,2437,2821,5560,5665,105
Truck357115,3331,1338,5595,5665,70
Truck355743,2436,2822,5215,5666,451
Truck355779,2436,2656,5225,5666,441
Truck356477,3121,3331,5420,5666,246
Truck357098,2656,2437,5590,5666,76
Truck357171,2821,2656,5610,5667,57
Truck356488,2822,0,5420,5668,248
Truck356720,2656,1339,5485,5668,183
Truck356741,2998,2225,5490,5668,178
Truck355344,3122,1338,5105,5669,564
Truck356490,0,3121,5425,5669,244
Truck356610,3239,2224,5455,5669,214
Truck356729,3121,2225,5490,5669,179
Truck356920,2822,3121,5540,5670,130
Truck357133,3331,2436,5600,5670,70
Truck355870,1339,2436,5250,5671,421
Truck357116,2656,2655,5595,5671,76
Truck355951,1338,2999,5275,5672,397
Truck356310,0,2998,5375,5672,297
Truck356542,2822,1339,5435,5672,237
Truck356755,3331,1339,5495,5672,177
Truck356919,2821,2655,5540,5672,132
Truck356948,2225,2999,5550,5672,122
Truck356996,2437,2655,5565,5672,107
Truck357169,3331,2821,5610,5672,62
Truck356351,3121,3238,5385,5673,288
Truck356353,3238,3121,5385,5673,288
Truck356627,2224,3239,5460,5673,213
Truck356752,1339,3331,5495,5673,178
Truck357068,2437,3122,5585,5673,88
Truck355830,3122,2436,5240,5674,434
Truck355869,2436,1338,5250,5674,424
Truck356300,2225,3239,5370,5674,304
Truck356706,0,3331,5485,5674,189
Truck356710,2999,2998,5485,5674,189
Truck357258,3239,3121,5635,5674,39
Truck355651,3238,2436,5190,5675,485
Truck356748,3122,3331,5495,5675,180
Truck356938,2822,2999,5545,5675,130
Truck356100,3122,2224,5315,5676,361
Truck356501,2224,3121,5425,5676,251
Truck356513,3121,2822,5430,5676,246
Truck357014,2437,2822,5570,5676,106
Truck357134,2656,2225,5600,5676,76
Truck356370,3122,2998,5390,5677,287
Truck355761,2436,2224,5220,5678,458
Truck356907,2655,3238,5540,5678,138
Truck355380,3122,1338,5115,5679,564
Truck356587,3238,2999,5450,5680,230
Truck356728,2999,2655,5490,5680,190
Truck357032,2437,2822,5575,5680,105
Truck357078,3239,2821,5585,5680,95
Truck355700,2437,1338,5205,5681,476
Truck356584,2999,3238,5450,5681,231
Truck356785,3238,3239,5505,5681,176
Truck356931,2436,2225,5545,5681,136
Truck357152,2656,2437,5605,5681,76
Truck357173,2998,2822,5610,5681,71
Truck356585,3121,1339,5450,5682,232
Truck357197,3121,2999,5620,5682,62
Truck355338,0,1338,5105,5683,578
Truck356892,3122,3239,5535,5683,148
Truck356746,2999,2224,5495,5684,189
Truck356783,3121,2225,5505,5684,179
Truck357294,3239,1338,5645,5684,39
Truck355339,1338,2821,5105,5685,580
Truck355884,3122,2436,5255,5685,430
Truck356225,3121,2436,5350,5685,335
Truck356469,2821,3238,5415,5685,270
Truck356549,3121,2822,5440,5685,245
Truck355402,1339,1338,5120,5687,567
Truck356406,3122,2998,5400,5687,287
Truck356820,3122,2999,5515,5687,172
Truck357112,1339,2437,5595,5687,92
Truck357216,3122,3238,5625,5687,62
Truck357242,2656,2821,5630,5687,57
Truck357331,3331,3239,5655,5687,32
Truck355615,3238,2436,5180,5688,508
Truck356677,3238,2656,5475,5688,213
Truck357334,2822,2821,5655,5688,33
Truck356354,2225,2998,5385,5689,304
Truck356596,2822,3122,5450,5689,239
Truck356764,2999,2821,5500,5689,189
Truck357142,2999,2437,5605,5689,84
Truck357238,1339,3238,5630,5689,59
Truck357312,3239,2436,5650,5689,39
Truck355851,2436,0,5245,5690,445
Truck356435,2998,1339,5405,5690,285
Truck356567,3121,2822,5445,5690,245
Truck356818,2999,1339,5515,5690,175
Truck355357,1338,2998,5110,5691,581
Truck356154,3122,2224,5330,5691,361
Truck356608,1339,2822,5455,5691,236
Truck356782,2999,0,5505,5691,186
Truck357188,2656,2437,5615,5691,76
Truck357390,0,3122,5675,5691,16
Truck356979,2655,2821,5560,5692,132
Truck357132,3239,2822,5600,5692,92
Truck356364,0,2225,5390,5693,303
Truck356424,3122,2225,5405,5693,288
Truck356831,2998,2436,5515,5693,178
Truck355434,3122,1338,5130,5694,564
Truck355797,2436,2655,5230,5694,464
Truck356013,2436,1338,5290,5694,404
Truck356778,0,3331,5505,5694,189
Truck357330,3239,2655,5655,5694,39
Truck356345,2998,3238,5380,5695,315
Truck357045,2821,2224,5575,5695,120
Truck355754,2437,1338,5220,5696,476
Truck355878,0,2436,5255,5696,441
Truck355941,2436,1339,5270,5696,426
Truck356372,2225,2224,5390,5696,306
Truck356473,1338,2225,5420,5696,276
Truck356573,2224,1338,5445,5696,251
Truck357086,2437,2655,5590,5696,106
Truck357210,0,3238,5625,5696,71
Truck356440,2999,2436,5410,5697,287
Truck356639,3121,1339,5465,5697,232
Truck356916,3239,0,5540,5697,157
Truck357009,2821,3121,5565,5697,132
Truck356717,2224,3239,5485,5698,213
Truck356800,2999,2656,5510,5698,188
Truck356658,3122,3121,5470,5699,229
Truck355393,1338,2821,5120,5700,580
Truck356390,2225,2822,5395,5700,305
Truck356601,2655,3121,5455,5700,245
Truck357241,3331,3121,5630,5700,70
Truck356603,3121,2224,5455,5701,246
Truck357224,2656,2436,5625,5701,76
Truck356408,2225,0,5400,5702,302
Truck356657,3121,1339,5470,5702,232
Truck357015,2655,2821,5570,5702,132
Truck357297,2821,2656,5645,5702,57
Truck355974,3122,2436,5280,5703,423
Truck356867,2998,1338,5525,5703,178
Truck357194,2437,2999,5620,5703,83
Truck355411,1338,2655,5125,5704,579
Truck356878,1339,2999,5530,5704,174
Truck357289,3238,1339,5645,5704,59
Truck357366,3239,3121,5665,5704,39
Truck356371,3238,2998,5390,5705,315
Truck356780,2437,2225,5505,5705,200
Truck357108,3122,2655,5595,5705,110
Truck355465,1338,1339,5140,5706,566
Truck356662,1339,2822,5470,5706,236
Truck357122,2437,2822,5600,5706,106
Truck356231,2224,1339,5350,5708,358
Truck356756,2656,3238,5495,5708,213
Truck356836,2999,3239,5520,5708,188
Truck356982,3122,3239,5560,5708,148
Truck357402,3239,3331,5675,5708,33
Truck357198,3122,2437,5620,5709,89
Truck357257,2224,2998,5635,5709,74
Truck357384,3239,2437,5670,5709,39
Truck357064,2822,2437,5580,5710,130
Truck357084,0,2655,5590,5710,120
Truck357277,3331,2999,5640,5710,70
Truck357307,3238,3122,5650,5710,60
Truck355429,1338,3331,5130,5711,581
Truck356616,0,2821,5460,5711,251
Truck356692,2999,3238,5480,5711,231
Truck357260,2656,1338,5635,5711,76
Truck357063,2821,3121,5580,5712,132
Truck357088,2999,2225,5590,5712,122
Truck357423,2821,2822,5680,5712,32
Truck355501,1338,3122,5150,5713,563
Truck356496,3122,2225,5425,5713,288
Truck356854,2999,2655,5525,5713,188
Truck356899,3331,3122,5535,5713,178
Truck356903,2998,2999,5535,5713,178
Truck357148,1339,2655,5605,5713,108
Truck357424,2822,2821,5680,5713,33
Truck355447,1338,3331,5135,5714,579
Truck355707,2436,3238,5205,5714,509
Truck356137,3238,2224,5325,5714,389
Truck356141,2224,3238,5325,5714,389
Truck355887,2436,2224,5255,5715,460
Truck356444,2225,2822,5410,5715,305
Truck357144,3122,2655,5605,5715,110
Truck355833,2436,2656,5240,5716,476
Truck356525,2998,3122,5430,5716,286
Truck356645,2224,2655,5465,5716,251
Truck357278,2656,2655,5640,5716,76
Truck357387,2821,2998,5670,5716,46
Truck356462,2225,0,5415,5717,302
Truck357069,2655,2821,5585,5717,132
Truck357081,2821,2437,5585,5717,132
Truck357106,2999,2225,5595,5717,122
Truck357351,2821,2656,5660,5717,57
Truck355464,0,1338,5140,5718,578
Truck355978,1339,2436,5280,5718,438
Truck356514,3122,2225,5430,5718,288
Truck356809,3331,3238,5510,5718,208
Truck357018,3122,3239,5570,5718,148
Truck355524,3122,1338,5155,5719,564
Truck356694,3122,2822,5480,5719,239
Truck356703,2821,3122,5480,5720,240
Truck356731,3238,2999,5490,5720,230
Truck355844,2437,1338,5245,5721,476
Truck356675,3121,2224,5475,5721,246
Truck357042,3239,1339,5575,5721,146
Truck357053,3121,2437,5580,5721,141
Truck357176,2437,2821,5615,5721,106
Truck357405,2821,2998,5675,5721,46
Truck357540,3122,1339,5715,5721,6
Truck355977,2436,3239,5280,5722,442
Truck356131,1338,2999,5325,5722,397
Truck357099,2821,2437,5590,5722,132
Truck356686,2822,0,5475,5723,248
Truck356693,3121,0,5480,5723,243
Truck356827,3331,3238,5515,5723,208
Truck356994,0,3239,5565,5723,158
Truck357209,2998,2656,5620,5723,103
Truck356459,3121,2436,5415,5724,309
Truck356808,3239,2224,5510,5724,214
Truck356890,2999,2998,5535,5724,189
Truck357361,3238,1339,5665,5724,59
Truck355483,1338,2656,5145,5725,580
Truck355959,2436,2822,5275,5725,450
Truck355995,2436,3239,5285,5725,440
Truck356453,2998,3238,5410,5725,315
Truck356480,2225,3331,5420,5725,305
Truck356535,2436,2999,5435,5725,290
Truck356868,0,2656,5530,5725,195
Truck357118,2822,2436,5595,5725,130
Truck355537,1338,1339,5160,5726,566
Truck356534,2225,1339,5435,5726,291
Truck356681,2224,2436,5475,5726,251
Truck356904,0,2999,5540,5726,186
Truck357314,2656,2225,5650,5726,76
Truck357558,3122,1339,5720,5726,6
Truck357565,3331,2656,5720,5726,6
Truck357566,2656,3331,5720,5726,6
Truck355725,2436,3238,5210,5727,517
Truck356336,2225,3238,5380,5727,347
Truck356508,0,2998,5430,5727,297
Truck357195,2655,2437,5620,5727,107
Truck357534,0,1339,5715,5727,12
Truck356957,2998,2655,5550,5728,178
Truck357447,2655,3239,5690,5728,38
Truck356195,2224,3238,5340,5729,389
Truck356739,2821,1339,5490,5729,239
Truck356908,2999,2655,5540,5729,189
Truck356303,2224,3122,5370,5730,360
Truck356623,3238,2821,5460,5730,270
Truck356711,3121,2656,5485,5730,245
Truck356946,3122,3331,5550,5730,180
Truck357136,2822,2436,5600,5730,130
Truck357349,3331,3121,5660,5730,70
Truck357443,2998,2821,5685,5731,46
Truck357135,2821,1338,5600,5732,132
Truck357495,2821,2822,5700,5732,32
Truck356569,3238,3121,5445,5733,288
Truck356839,3238,2656,5520,5733,213
Truck356843,2224,3239,5520,5733,213
Truck356926,2999,3239,5545,5733,188
Truck356961,2655,2998,5555,5733,178
Truck356954,2656,3122,5550,5734,184
Truck357177,2655,0,5615,5734,119
Truck355519,1338,2822,5155,5735,580
Truck356721,2821,0,5485,5735,250
Truck356894,2225,2437,5535,5735,200
Truck357367,3331,2999,5665,5735,70
Truck356046,3122,2436,5300,5736,436
Truck356572,1339,2225,5445,5736,291
Truck356770,1339,2822,5500,5736,236
Truck356987,2224,2656,5560,5736,176
Truck357350,2656,3121,5660,5736,76
Truck357552,0,3122,5720,5736,16
Truck357602,2656,3331,5730,5736,6
Truck356586,3122,2998,5450,5737,287
Truck356727,2655,3121,5490,5737,247
Truck357292,1339,2437,5645,5737,92
Truck357403,3331,2821,5675,5737,62
Truck356862,3239,2224,5525,5739,214
Truck357365,2224,2998,5665,5739,74
Truck357415,3238,1339,5680,5739,59
Truck357418,1339,3238,5680,5739,59
Truck357492,3239,2436,5700,5739,39
Truck356659,3238,2821,5470,5740,270
Truck357137,2998,3239,5600,5740,140
Truck357248,2437,3239,5635,5740,105
Truck356735,2224,2999,5490,5741,251
Truck356747,3121,2822,5495,5741,246
Truck357368,2656,3121,5665,5741,76
Truck357477,2821,2998,5695,5741,46
Truck357479,2998,2821,5695,5741,46
Truck357576,3122,0,5725,5741,16
Truck357388,2822,2998,5670,5742,72
Truck357598,1339,0,5730,5742,12
Truck357011,2998,2225,5565,5743,178
Truck357104,2437,3238,5595,5743,148
Truck356427,2436,3121,5405,5744,339
Truck356552,2225,2224,5440,5744,304
Truck356760,0,3121,5500,5744,244
Truck357439,3331,2822,5685,5744,59
Truck357510,3239,2436,5705,5744,39
Truck355557,2655,1338,5165,5745,580
Truck355933,1338,2437,5270,5745,475
Truck356547,2655,2225,5440,5745,305
Truck357190,2822,2999,5615,5745,130
Truck357386,2656,2655,5670,5746,76
Truck356580,0,2998,5450,5747,297
Truck357005,2224,3331,5565,5747,182
Truck357008,2656,1339,5565,5748,183
Truck357274,1339,2655,5640,5748,108
Truck356976,0,3331,5560,5749,189
Truck357457,3331,2822,5690,5749,59
Truck357528,3239,2655,5710,5749,39
Truck356651,2998,1339,5465,5750,285
Truck357208,2822,2999,5620,5750,130
Truck357243,2821,2224,5630,5750,120
Truck356438,2437,2436,5410,5751,341
Truck356615,2998,0,5455,5751,296
Truck357284,2437,2998,5645,5751,106
Truck356067,2436,1339,5305,5752,447
Truck357207,2821,2436,5620,5752,132
Truck356794,2822,0,5505,5753,248
Truck356998,2999,2655,5565,5753,188
Truck357033,2655,2998,5575,5753,178
Truck357047,2998,2225,5575,5753,178
Truck355591,1338,3239,5175,5754,579
Truck356041,1338,3121,5300,5754,454
Truck356588,2225,2822,5450,5754,304
Truck357226,2822,2437,5625,5755,130
Truck357348,3239,2821,5660,5755,95
Truck357469,3238,3122,5695,5755,60
Truck356689,1338,2225,5480,5756,276
Truck356789,2224,2999,5505,5756,251
Truck356801,3121,2656,5510,5756,246
Truck357422,2656,2999,5680,5756,76
Truck357213,2655,2821,5625,5757,132
Truck357225,2821,2437,5625,5757,132
Truck355663,1338,3122,5195,5758,563
Truck357016,2999,2656,5570,5758,188
Truck357158,2437,3238,5610,5758,148
Truck357168,3239,3122,5610,5758,148
Truck357310,1339,2655,5650,5758,108
Truck357320,2437,0,5655,5758,103
Truck356934,3239,2224,5545,5759,214
Truck357012,0,3331,5570,5759,189
Truck357369,2821,3239,5665,5759,94
Truck356606,2225,2998,5455,5760,305
Truck356687,2998,1339,5475,5760,285
Truck356819,3121,3239,5515,5760,245
Truck357244,2822,2436,5630,5760,130
Truck356807,2224,2436,5510,5761,251
Truck357440,2656,1338,5685,5761,76
Truck356678,2225,3122,5475,5762,287
Truck356873,3121,1339,5530,5762,232
Truck357201,2436,2225,5620,5762,142
Truck357460,2822,2998,5690,5762,72
Truck356085,2436,2998,5310,5763,453
Truck356971,3331,3238,5555,5763,208
Truck357083,2998,2225,5585,5763,178
Truck357180,3122,3239,5615,5763,148
Truck357582,3239,2656,5725,5763,38
Truck357034,2999,2821,5575,5764,189
Truck357074,2225,3121,5585,5764,179
Truck357505,3238,1339,5705,5764,59
Truck355627,1338,2656,5185,5765,580
Truck356382,0,2224,5395,5765,370
Truck356837,3121,3239,5520,5765,245
Truck357262,2822,2437,5635,5765,130
Truck357282,0,2655,5645,5765,120
Truck356814,0,2821,5515,5766,251
Truck357212,2437,3121,5625,5766,141
Truck357462,0,3238,5695,5766,71
Truck355645,1338,0,5190,5767,577
Truck357261,2821,1338,5635,5767,132
Truck357503,3121,2999,5705,5767,62
Truck357511,3331,2821,5705,5767,62
Truck357530,2656,2821,5710,5767,57
Truck356031,2436,2822,5295,5768,473
Truck356697,2436,2999,5480,5768,288
Truck356969,2224,3239,5555,5768,213
Truck357346,1339,2655,5660,5768,108
Truck357502,2999,3121,5705,5768,63
Truck356121,2436,3331,5320,5769,449
Truck356481,2436,2437,5420,5769,349
Truck357052,2999,2998,5580,5769,189
Truck357339,2655,3122,5660,5769,109
Truck357600,3239,2225,5730,5769,39
Truck356621,3121,2436,5460,5770,310
Truck356642,2225,2655,5465,5770,305
Truck357465,2655,2656,5695,5770,75
Truck356853,2655,3121,5525,5771,246
Truck357356,2437,2821,5665,5771,106
Truck357476,2656,2999,5695,5771,76
Truck357532,2822,3331,5710,5771,61
Truck356498,2225,3238,5425,5772,347
Truck356750,2225,1338,5495,5772,277
Truck356855,3121,2656,5525,5772,247
Truck357095,2224,3331,5590,5772,182
Truck357279,2821,2999,5640,5772,132
Truck357304,2999,2225,5650,5772,122
Truck357308,2225,2999,5650,5772,122
Truck357696,0,1339,5760,5772,12
Truck355507,3238,1338,5150,5773,623
Truck357070,2999,2655,5585,5773,188
Truck357432,3122,2437,5685,5774,89
Truck357742,1339,3122,5770,5774,4
Truck356275,1338,2436,5365,5775,410
Truck356465,2224,3122,5415,5775,360
Truck356660,2225,2656,5470,5775,305
Truck357333,2821,2224,5655,5775,120
Truck356139,2436,3239,5325,5776,451
Truck356705,2998,0,5480,5776,296
Truck356761,1338,2225,5500,5776,276
Truck356861,2224,2436,5525,5776,251
Truck357240,3239,1339,5630,5776,146
Truck357494,2656,2436,5700,5776,76
Truck357605,2998,2821,5730,5776,46
Truck357567,2821,2656,5720,5777,57
Truck355939,3238,2436,5270,5778,508
Truck356483,2224,1339,5420,5778,358
Truck356884,2822,0,5530,5778,248
Truck357636,3239,2656,5740,5778,38
Truck356673,2655,2225,5475,5779,304
Truck356841,2436,2999,5520,5779,259
Truck357050,2437,2225,5580,5780,200
Truck357336,0,2655,5660,5780,120
Truck355923,2436,3238,5265,5781,516
Truck356879,2224,2655,5530,5781,251
Truck356889,2655,3121,5535,5781,246
Truck357266,2437,3121,5640,5781,141
Truck357392,2437,2655,5675,5781,106
Truck357512,2656,1338,5705,5781,76
Truck357315,2821,1338,5650,5782,132
Truck357155,2998,3121,5605,5783,178
Truck357285,2655,3238,5645,5783,138
Truck357482,2437,2999,5700,5783,83
Truck355699,1338,2224,5205,5784,579
Truck356149,1338,3121,5330,5784,454
Truck356696,2225,2224,5480,5784,304
Truck357393,2655,3122,5675,5784,109
Truck357527,2224,2998,5710,5784,74
Truck357654,3239,1338,5745,5784,39
Truck356103,2436,3331,5315,5785,470
Truck356777,2998,1339,5500,5785,285
Truck356901,2821,0,5535,5785,250
Truck357410,2437,2656,5680,5785,105
Truck357547,3331,2436,5715,5785,70
Truck357577,3238,3122,5725,5785,60
Truck356078,2437,1338,5310,5786,476
Truck357163,3238,3239,5610,5786,176
Truck356766,3122,2998,5500,5787,287
Truck356909,3121,3239,5540,5787,247
Truck357321,2655,2821,5655,5787,132
Truck356229,2436,3122,5350,5788,438
Truck356765,3121,3238,5500,5788,288
Truck357124,2999,2998,5600,5788,188
Truck357270,3122,3239,5640,5788,148
Truck355717,1338,2822,5210,5789,579
Truck356955,2821,1339,5550,5789,239
Truck357601,3331,2822,5730,5789,59
Truck356083,3238,2436,5310,5790,480
Truck356247,2436,2655,5355,5790,435
Truck356714,2225,2822,5485,5790,305
Truck356983,3238,2999,5560,5790,230
Truck357092,2225,2437,5590,5790,200
Truck357555,2655,3331,5720,5790,70
Truck357595,3238,3122,5730,5790,60
Truck355771,1338,1339,5225,5791,566
Truck356859,2436,2999,5525,5791,266
Truck357181,3238,3239,5615,5791,176
Truck357302,2437,3121,5650,5791,141
Truck357428,2437,2998,5685,5791,106
Truck357548,2656,3121,5715,5791,76
Truck356999,3121,3122,5565,5793,228
Truck357151,3331,0,5605,5793,188
Truck357191,2998,2437,5615,5793,178
Truck357436,1339,2655,5685,5793,108
Truck356732,2225,3239,5490,5794,304
Truck357690,3239,2225,5755,5794,39
Truck356211,2436,3122,5345,5795,450
Truck356945,3121,3239,5550,5795,245
Truck357001,3238,2999,5565,5795,230
Truck357370,2822,2655,5665,5795,130
Truck357583,3331,1338,5725,5795,70
Truck356933,2224,2999,5545,5796,251
Truck356175,2436,2822,5335,5797,462
Truck356401,1338,2999,5400,5797,397
Truck357004,1339,3121,5565,5797,232
Truck357621,2821,3331,5735,5797,62
Truck356742,0,2225,5495,5798,303
Truck356803,3238,3121,5510,5798,288
Truck356940,0,2822,5550,5798,248
Truck357017,3121,3122,5570,5798,228
Truck357205,3331,3122,5620,5798,178
Truck357272,2225,2436,5640,5798,158
Truck356443,3238,2224,5410,5799,389
Truck356519,2224,0,5430,5799,369
Truck357156,0,3331,5610,5799,189
Truck357656,2656,2822,5745,5799,54
Truck357708,3239,2225,5760,5799,39
Truck356589,2436,3121,5450,5800,350
Truck356963,3121,2821,5555,5800,245
Truck357408,0,2655,5680,5800,120
Truck355753,1338,2655,5220,5801,581
Truck357178,2999,0,5615,5801,186
Truck357792,3122,0,5785,5801,16
Truck356893,3238,2822,5535,5802,267
Truck357223,3331,1339,5625,5802,177
Truck357412,2999,2225,5680,5802,122
Truck356283,2436,1338,5365,5803,438
Truck356974,2822,0,5555,5803,248
Truck357227,2998,2437,5625,5803,178
Truck357324,3122,3239,5655,5803,148
Truck357362,2225,2436,5665,5803,138
Truck357480,0,2437,5700,5803,103
Truck356265,2436,3239,5360,5804,444
Truck356768,2225,3331,5500,5804,304
Truck357096,3239,2224,5590,5804,214
Truck357206,2656,3122,5620,5804,184
Truck357674,2656,2822,5750,5804,54
Truck357140,2437,2225,5605,5805,200
Truck357406,2822,2437,5675,5805,130
Truck357441,2821,2224,5685,5805,120
Truck355834,1339,1338,5240,5807,567
Truck356193,2436,0,5340,5807,467
Truck356301,2436,2998,5370,5807,437
Truck356838,3122,2998,5520,5807,287
Truck357028,2822,1339,5570,5807,237
Truck357622,2822,2998,5735,5807,72
Truck356992,2822,0,5560,5808,248
Truck357375,2655,3238,5670,5808,138
Truck356654,2437,2436,5470,5809,339
Truck357744,3239,3121,5770,5809,39
Truck356544,0,2224,5440,5810,370
Truck356781,2655,2225,5505,5810,305
Truck356786,2225,3239,5505,5810,305
Truck357546,3239,2821,5715,5810,95
Truck357637,3331,3121,5740,5810,70
Truck355789,1338,2655,5230,5811,581
Truck356319,2436,3331,5375,5811,436
Truck357620,2656,2436,5735,5811,76
Truck357729,2821,2998,5765,5811,46
Truck357562,1339,2437,5720,5812,92
Truck357214,2999,2822,5625,5813,188
Truck357263,2998,2999,5635,5813,178
Truck357764,2656,3239,5775,5813,38
Truck356383,1338,2436,5395,5814,419
Truck356799,2655,2225,5510,5814,304
Truck357886,1339,3122,5810,5814,4
Truck356609,2224,3122,5455,5815,360
Truck356804,2225,2656,5510,5815,305
Truck357040,1339,2821,5575,5815,240
Truck357442,2822,2437,5685,5815,130
Truck357655,3331,2999,5745,5815,70
Truck356980,2999,2436,5560,5816,256
Truck357058,1339,2822,5580,5816,236
Truck357518,2437,2998,5710,5816,106
Truck357259,3331,2224,5635,5817,182
Truck357276,3239,3238,5640,5817,177
Truck357035,3121,0,5575,5818,243
Truck357411,2655,3238,5680,5818,138
Truck355825,1338,2821,5240,5819,579
Truck356822,2225,2655,5515,5819,304
Truck357054,3122,2822,5580,5819,239
Truck357150,3239,2224,5605,5819,214
Truck357780,3239,2999,5780,5819,39
Truck357027,2821,0,5570,5820,250
Truck357765,2821,2998,5775,5821,46
Truck357864,3122,0,5805,5821,16
Truck356337,2436,3331,5380,5822,442
Truck356494,2999,1338,5425,5822,397
Truck356850,0,2998,5525,5822,297
Truck356930,2225,1338,5545,5822,277
Truck357082,2822,1339,5585,5822,237
Truck357459,2821,1338,5690,5822,132
Truck357676,2822,2998,5750,5822,72
Truck357817,3331,3239,5790,5822,32
Truck357170,2656,3238,5610,5823,213
Truck357250,2999,3331,5635,5823,188
Truck357433,3238,2655,5685,5823,138
Truck357554,2437,0,5720,5823,103
Truck357816,3239,3331,5790,5823,33
Truck356840,2225,2821,5520,5824,304
Truck357501,2655,0,5705,5824,119
Truck356355,2436,1338,5385,5825,440
Truck356813,2998,3238,5510,5825,315
Truck357076,1339,2821,5585,5825,240
Truck357478,2822,2225,5695,5825,130
Truck357691,3331,2655,5755,5825,70
Truck357041,2224,2999,5575,5826,251
Truck356962,2999,2436,5555,5827,272
Truck357100,2822,1339,5590,5827,237
Truck357107,3121,1339,5595,5827,232
Truck357293,2224,3331,5645,5827,182
Truck357398,2225,2436,5675,5827,152
Truck357694,2822,2998,5755,5827,72
Truck357904,1339,0,5815,5827,12
Truck357296,2656,1339,5645,5828,183
Truck357313,3331,3122,5650,5828,178
Truck357317,2998,3121,5650,5828,178
Truck357420,3239,3122,5680,5828,148
Truck357569,2998,3331,5720,5828,108
Truck355861,1338,2822,5250,5829,579
Truck357267,2655,2999,5640,5829,189
Truck357268,2999,2655,5640,5829,189
Truck357094,1339,2821,5590,5830,240
Truck356939,2998,3122,5545,5831,286
Truck357059,2224,2436,5580,5831,251
Truck357325,3238,3239,5655,5831,176
Truck357572,2437,3331,5725,5831,106
Truck357573,2655,2437,5725,5831,106
Truck357894,0,3122,5815,5831,16
Truck355879,1338,0,5255,5832,577
Truck357634,1339,2437,5740,5832,92
Truck357712,2822,2998,5760,5832,72
Truck356928,3122,2225,5545,5833,288
Truck357066,0,2822,5585,5833,248
Truck357335,2998,2437,5655,5833,178
Truck357580,1339,2655,5725,5833,108
Truck357834,3239,2656,5795,5833,38
Truck357856,2822,2821,5800,5833,33
Truck357757,3238,1339,5775,5834,59
Truck356849,2998,3238,5520,5835,315
Truck356876,2225,2821,5530,5835,305
Truck357264,0,2656,5640,5835,195
Truck357286,2999,3239,5645,5835,190
Truck357381,2436,2225,5670,5835,165
Truck357514,2822,2437,5705,5835,130
Truck355881,2655,1338,5255,5836,581
Truck356374,1339,2436,5390,5836,446
Truck357077,2224,2436,5585,5836,251
Truck357474,3239,2998,5695,5836,141
Truck355942,1339,1338,5270,5837,567
Truck357590,2437,2655,5730,5837,107
Truck357730,2822,2224,5765,5837,72
Truck357782,2656,2821,5780,5837,57
Truck357731,2998,2224,5765,5839,74
Truck357105,2655,3121,5595,5840,245
Truck355899,2655,1338,5260,5841,581
Truck356276,2437,1338,5365,5841,476
Truck357774,3122,3238,5780,5842,62
Truck357958,1339,0,5830,5842,12
Truck356805,2436,3121,5510,5843,333
Truck357046,2822,3238,5575,5843,268
Truck357125,3121,0,5600,5843,243
Truck357322,2999,2822,5655,5843,188
Truck357357,2655,2998,5665,5843,178
Truck357371,2998,2655,5665,5843,178
Truck357638,2656,2998,5740,5843,103
Truck356373,2436,0,5390,5844,454
Truck357318,0,3331,5655,5844,189
Truck357507,2436,2225,5705,5844,139
Truck357870,3239,2655,5805,5844,39
Truck357117,2821,0,5595,5845,250
Truck357153,2821,3122,5605,5845,240
Truck357626,2437,2656,5740,5845,105
Truck357672,3239,2821,5750,5845,95
Truck356993,2998,3122,5560,5846,286
Truck357489,2436,2225,5700,5846,146
Truck357746,2656,2225,5770,5846,76
Truck357954,3122,0,5830,5846,16
Truck357537,2655,2821,5715,5847,132
Truck357549,2821,2655,5715,5847,132
Truck357801,2821,3331,5785,5847,62
Truck356922,0,2225,5545,5848,303
Truck356981,3121,3238,5560,5848,288
Truck357340,2999,3331,5660,5848,188
Truck357385,3331,3122,5670,5848,178
Truck357389,2998,2437,5670,5848,178
Truck357642,0,2437,5745,5848,103
Truck357790,2999,3121,5785,5848,63
Truck357836,2656,2822,5795,5849,54
Truck357888,3239,2999,5810,5849,39
Truck356312,2437,1338,5375,5851,476
Truck356730,3122,2224,5490,5851,361
Truck356975,2998,0,5555,5851,296
Truck357031,1338,2225,5575,5851,276
Truck357196,2999,3238,5620,5851,231
Truck357404,2656,2224,5675,5851,176
Truck356391,2436,3239,5395,5852,457
Truck357837,2821,2656,5795,5852,57
Truck355950,0,1338,5275,5853,578
Truck357295,3331,3238,5645,5853,208
Truck357382,1339,2656,5670,5853,183
Truck357407,2998,2655,5675,5853,178
Truck356405,3121,1338,5400,5854,454
Truck356641,3238,2224,5465,5854,389
Truck356927,3121,2436,5545,5854,309
Truck357189,2821,1339,5615,5854,239
Truck357779,2224,2998,5780,5854,74
Truck356329,1338,2437,5380,5855,475
Truck357159,2655,3121,5610,5855,245
Truck357184,1339,2821,5615,5855,240
Truck357358,2999,2821,5665,5855,190
Truck357586,2822,2655,5725,5855,130
Truck357606,0,2655,5735,5855,120
Truck357799,3331,2999,5785,5855,70
Truck356005,1338,1339,5290,5856,566
Truck357149,2224,2436,5605,5856,251
Truck357161,3121,2998,5610,5856,246
Truck357662,2437,2822,5750,5856,106
Truck356769,2436,2437,5500,5857,357
Truck357421,3331,1339,5680,5857,177
Truck357585,2821,2225,5725,5857,132
Truck358002,0,1339,5845,5857,12
Truck355807,1338,3238,5235,5858,623
Truck356891,3121,2436,5535,5858,323
Truck357172,2822,0,5610,5858,248
Truck357425,2998,3121,5680,5858,178
Truck356966,2225,2821,5555,5859,304
Truck356445,2436,2656,5410,5860,450
Truck357179,3121,3331,5615,5860,245
Truck357338,2437,2225,5660,5860,200
Truck357376,2999,2821,5670,5860,190
Truck357604,2822,2436,5730,5860,130
Truck357789,2655,2656,5785,5860,75
Truck357167,2224,2436,5610,5861,251
Truck357544,1339,3239,5715,5861,146
Truck357804,0,3238,5790,5861,71
Truck357036,3122,2998,5575,5862,287
Truck357419,2224,3331,5680,5862,182
Truck357438,3239,3238,5685,5862,177
Truck357603,2821,2999,5730,5862,132
Truck357963,2821,2822,5830,5862,32
Truck357160,2999,2436,5610,5863,253
Truck357394,2999,2821,5675,5863,188
Truck357710,2656,2998,5760,5863,103
Truck356753,2224,0,5495,5864,369
Truck356788,1339,2224,5505,5864,359
Truck357756,3122,2437,5775,5864,89
Truck357942,3239,2437,5825,5864,39
Truck355987,1338,2822,5285,5865,580
Truck357657,2821,2224,5745,5865,120
Truck356984,2225,2998,5560,5866,306
Truck357185,2224,2437,5615,5866,251
Truck357451,3238,3239,5690,5866,176
Truck357564,3239,1339,5720,5866,146
Truck357575,3121,2437,5725,5866,141
Truck358020,0,3122,5850,5866,16
Truck357256,1339,3121,5635,5867,232
Truck357456,3239,3238,5690,5867,177
Truck357470,2225,2436,5695,5867,172
Truck357698,2437,2656,5760,5867,107
Truck357838,2822,2998,5795,5867,72
Truck357728,2656,2998,5765,5868,103
Truck357663,2655,0,5750,5869,119
Truck357002,2225,2224,5565,5870,305
Truck357215,3121,2822,5625,5870,245
Truck357374,2437,2225,5670,5870,200
Truck357640,2822,3121,5740,5870,130
Truck357660,0,2655,5750,5870,120
Truck357762,3239,2821,5775,5870,95
Truck357910,2822,2656,5815,5870,55
Truck356059,1338,1339,5305,5871,566
Truck357192,0,2821,5620,5871,251
Truck357203,2224,1338,5620,5871,251
Truck357473,2224,2656,5695,5871,176
Truck358080,3122,1339,5865,5871,6
Truck357110,2225,1338,5595,5872,277
Truck357145,3238,2822,5605,5872,267
Truck357455,2224,3331,5690,5872,182
Truck357639,2821,2655,5740,5872,132
Truck357716,2437,2655,5765,5872,107
Truck357881,3121,2999,5810,5872,62
Truck357891,2821,3331,5810,5872,62
Truck357154,2822,3238,5605,5873,268
Truck357727,3331,2998,5765,5873,108
Truck357430,2999,3331,5685,5874,189
Truck356023,1338,3239,5295,5875,580
Truck356439,2655,2436,5410,5875,465
Truck357623,2998,3239,5735,5875,140
Truck357871,3331,2999,5805,5875,70
Truck357020,2225,2655,5570,5876,306
Truck357101,2998,3122,5590,5876,286
Truck357121,1338,2225,5600,5876,276
Truck357444,0,2999,5690,5876,186
Truck357734,2437,2822,5770,5876,106
Truck357854,2656,2999,5800,5876,76
Truck357858,0,3238,5805,5876,71
Truck357475,3331,2224,5695,5877,182
Truck357796,1339,2437,5785,5877,92
Truck357802,2822,3239,5785,5877,92
Truck356095,1338,3122,5315,5878,563
Truck356482,1339,2436,5420,5878,458
Truck357497,2998,3121,5700,5878,178
Truck356526,0,2436,5435,5879,444
Truck357448,2999,2821,5690,5879,189
Truck357944,2656,2822,5825,5879,54
Truck357996,3239,3121,5840,5879,39
Truck357038,2225,2821,5575,5880,305
Truck357889,3331,1338,5810,5880,70
Truck357231,2655,2224,5630,5881,251
Truck357239,2224,2437,5630,5881,251
Truck357251,3121,2656,5635,5881,246
Truck357872,2656,2225,5805,5881,76
Truck357983,2998,2821,5835,5881,46
Truck358074,0,3122,5865,5881,16
Truck357522,3122,2999,5710,5882,172
Truck357675,2821,2436,5750,5882,132
Truck357700,2999,2225,5760,5882,122
Truck357704,2225,2999,5760,5882,122
Truck358035,2821,2822,5850,5882,32
Truck356058,0,1338,5305,5883,578
Truck356895,2436,3121,5535,5883,348
Truck356906,2437,2436,5540,5883,343
Truck357048,0,2225,5580,5883,303
Truck357608,2437,3238,5735,5883,148
Truck357763,3331,2998,5775,5883,108
Truck356617,1338,2436,5460,5884,424
Truck356749,3238,2224,5495,5884,389
Truck357056,2225,3331,5580,5884,304
Truck357288,3122,2822,5645,5884,239
Truck357458,2656,0,5690,5884,194
Truck357466,2999,3239,5695,5884,189
Truck357717,2655,0,5765,5884,119
Truck358014,3239,2999,5845,5884,39
Truck357269,3121,3331,5640,5885,245
Truck357434,2225,2437,5685,5885,200
Truck356550,3122,2436,5440,5886,446
Truck356607,2436,3122,5455,5886,431
Truck357770,2437,2655,5780,5886,106
Truck358134,3122,1339,5880,5886,6
Truck356122,1339,1338,5320,5887,567
Truck356317,3238,2436,5375,5887,512
Truck356911,3238,2225,5540,5887,347
Truck356912,2225,3238,5540,5887,347
Truck357316,2822,1339,5650,5887,237
Truck357943,3331,2821,5825,5887,62
Truck355915,1338,3238,5265,5888,623
Truck357280,2822,0,5640,5888,248
Truck357493,3331,0,5700,5888,188
Truck357508,1339,2656,5705,5888,183
Truck357529,3331,3122,5710,5888,178
Truck358023,2655,3239,5850,5888,38
Truck358034,2656,3239,5850,5888,38
Truck356299,3238,2436,5370,5889,519
Truck356077,1338,3239,5310,5890,580
Truck357199,3238,2821,5620,5890,270
Truck357446,2437,2225,5690,5890,200
Truck356456,2437,1338,5415,5891,476
Truck357130,1339,2225,5600,5891,291
Truck357287,3121,2655,5645,5891,246
Truck357328,1339,2822,5655,5891,236
Truck357788,2437,2655,5785,5891,106
Truck357908,2656,2999,5815,5891,76
Truck358159,3331,2656,5885,5891,6
Truck356463,2436,2656,5415,5892,477
Truck356571,2436,2821,5445,5892,447
Truck357306,3122,2821,5650,5892,242
Truck357618,3239,0,5735,5892,157
Truck357711,2821,2999,5760,5892,132
Truck356094,0,1338,5315,5893,578
Truck357298,2822,0,5645,5893,248
Truck357644,2437,3238,5745,5893,148
Truck356661,2436,1339,5470,5894,424
Truck358050,3239,3121,5855,5894,39
Truck357166,1339,2998,5610,5895,285
Truck357305,3121,3239,5650,5895,245
Truck357464,2437,2225,5695,5895,200
Truck356097,2655,1338,5315,5896,581
Truck357947,2998,2822,5825,5896,71
Truck358177,3331,2656,5890,5896,6
Truck357359,3121,1339,5665,5897,232
Truck356112,0,1338,5320,5898,578
Truck356590,1339,2436,5450,5898,448
Truck357520,2999,2655,5710,5898,188
Truck357667,3238,2437,5750,5898,148
Truck357814,1339,2655,5790,5898,108
Truck356914,1339,2224,5540,5899,359
Truck357352,2822,3122,5660,5899,239
Truck358068,3239,1338,5860,5899,39
Truck356915,2224,3122,5540,5900,360
Truck357748,2822,2999,5770,5900,130
Truck357961,3331,1338,5830,5900,70
Truck357311,2224,2999,5650,5901,251
Truck357323,3121,2655,5655,5901,246
Truck357364,1339,2822,5665,5901,236
Truck357747,2821,2437,5770,5902,132
Truck355969,1338,3238,5280,5903,623
Truck357587,2998,2436,5725,5903,178
Truck357680,2437,3238,5755,5903,148
Truck358086,3239,2656,5865,5903,38
Truck356932,1339,2224,5545,5904,359
Truck357128,2225,2821,5600,5904,304
Truck357538,2999,2224,5715,5904,189
Truck358012,1339,3238,5845,5904,59
Truck356133,2655,1338,5325,5905,580
Truck356553,2436,2656,5440,5905,465
Truck356886,0,2224,5535,5905,370
Truck357397,3238,2999,5675,5905,230
Truck357766,2822,1338,5775,5905,130
Truck357979,3331,2225,5835,5905,70
Truck357329,2224,1338,5655,5906,251
Truck357726,3239,2998,5765,5906,141
Truck357962,2656,3121,5830,5906,76
Truck356517,2436,2998,5430,5907,477
Truck357341,3121,2655,5660,5907,247
Truck357753,2655,2821,5775,5907,132
Truck357075,2436,3121,5585,5908,323
Truck357138,0,2225,5605,5908,303
Truck357584,2656,1339,5725,5908,183
Truck357860,2437,0,5805,5908,103
Truck357378,3122,2822,5670,5909,239
Truck357556,2999,2822,5720,5909,189
Truck358104,3239,1338,5870,5909,39
Truck357119,2998,3238,5595,5910,315
Truck357784,2822,3121,5780,5910,130
Truck357146,2225,2655,5605,5911,306
Truck357400,1339,2822,5675,5911,236
Truck357737,3121,2437,5770,5911,141
Truck357089,3121,2436,5590,5912,322
Truck357164,2225,0,5610,5912,302
Truck357630,3122,2999,5740,5912,172
Truck357922,1339,2437,5820,5912,92
Truck356166,0,1338,5335,5913,578
Truck357619,3331,3122,5735,5913,178
Truck357875,2998,3331,5805,5913,108
Truck357950,2437,2999,5830,5913,83
Truck356167,1338,2224,5335,5914,579
Truck357372,0,3121,5670,5914,244
Truck357570,0,3331,5725,5914,189
Truck357574,2999,2655,5725,5914,189
Truck356425,3238,2436,5405,5915,510
Truck357245,2998,1339,5630,5915,285
Truck357536,2437,2225,5715,5915,200
Truck357878,2437,2998,5810,5915,105
Truck358015,3331,3121,5845,5915,70
Truck358072,2822,2656,5860,5915,55
Truck357354,0,2821,5665,5916,251
Truck357377,3121,2998,5670,5916,246
Truck358250,2656,3331,5910,5916,6
Truck356743,1338,2436,5495,5917,422
Truck357236,2225,3122,5630,5917,287
Truck358161,2821,2822,5885,5917,32
Truck357641,2998,3121,5740,5918,178
Truck357771,2655,3238,5780,5918,138
Truck356185,1338,3239,5340,5919,579
Truck356635,1338,3121,5465,5919,454
Truck356875,3238,2224,5530,5919,389
Truck356986,1339,2224,5560,5919,359
Truck357182,2225,3331,5615,5919,304
Truck357450,3122,3121,5690,5919,229
Truck357592,2999,3331,5730,5919,189
Truck357812,2225,2436,5790,5919,129
Truck358140,3239,1338,5880,5919,39
Truck357855,2821,2224,5800,5920,120
Truck357896,2437,2821,5815,5920,105
Truck358033,3331,2655,5850,5920,70
Truck356679,2436,1338,5475,5921,446
Truck357383,2224,2655,5670,5921,251
Truck357610,2999,0,5735,5921,186
Truck358268,2656,3331,5915,5921,6
Truck356203,1338,0,5345,5922,577
Truck357037,3238,2225,5575,5922,347
Truck357252,3122,2998,5635,5922,287
Truck357395,3121,3239,5675,5922,247
Truck357414,3122,2821,5680,5922,242
Truck357819,2821,2655,5790,5922,132
Truck358036,2822,2224,5850,5922,72
Truck358061,3121,2999,5860,5922,62
Truck357467,3121,3122,5695,5923,228
Truck357609,2655,2999,5735,5923,188
Truck357659,2998,2225,5745,5923,178
Truck357752,2437,3238,5775,5923,148
Truck357986,2437,2999,5840,5923,83
Truck356897,2224,3238,5535,5924,389
Truck358037,2998,2224,5850,5924,74
Truck358158,3239,1338,5885,5924,39
Truck357200,2225,2224,5620,5925,305
Truck357413,3121,3239,5680,5925,245
Truck357401,2224,2436,5675,5926,251
Truck357914,2437,2656,5820,5926,106
Truck357976,1339,2437,5835,5927,92
Truck357023,2224,1339,5570,5928,358
Truck357129,2436,2437,5600,5928,328
Truck357677,2998,1338,5750,5928,178
Truck356643,2436,0,5465,5929,464
Truck356671,1338,3121,5475,5929,454
Truck357486,3122,3121,5700,5929,229
Truck357665,3121,2225,5750,5929,179
Truck357879,2655,0,5810,5929,119
Truck356599,1338,2437,5455,5930,475
Truck357628,2999,2224,5740,5930,190
Truck357978,3239,2821,5835,5930,95
Truck358069,3331,3121,5860,5930,70
Truck356221,1338,3331,5350,5931,581
Truck356605,3238,2436,5455,5931,476
Truck357218,2225,2656,5625,5931,306
Truck357299,2998,3122,5645,5931,286
Truck357692,2656,2224,5755,5931,176
Truck358052,2656,2437,5855,5931,76
Truck358296,3122,1339,5925,5931,6
Truck356239,1338,0,5355,5932,577
Truck356625,2436,3239,5460,5932,472
Truck357673,3331,2224,5750,5932,182
Truck357884,2225,2999,5810,5932,122
Truck357932,2437,2998,5825,5932,107
Truck357449,3121,0,5690,5933,243
Truck357646,2999,2822,5745,5933,188
Truck357695,2998,1338,5755,5933,178
Truck357793,3238,2437,5785,5933,148
Truck357798,3239,3122,5785,5933,148
Truck357999,2821,3239,5840,5934,94
Truck356815,1338,2436,5515,5935,420
Truck358087,3331,2437,5865,5935,70
Truck357437,2224,1338,5685,5936,251
Truck358070,2656,2436,5860,5936,76
Truck358278,3122,0,5920,5936,16
Truck358322,2656,3331,5930,5936,6
Truck357873,2821,2437,5805,5937,132
Truck358115,3121,2999,5875,5937,62
Truck358125,2821,3331,5875,5937,62
Truck358142,2656,2821,5880,5937,57
Truck356823,2436,1338,5515,5938,423
Truck357699,2655,2998,5760,5938,178
Truck357706,1339,3331,5760,5938,178
Truck357709,3331,3122,5760,5938,178
Truck357713,2998,2437,5760,5938,178
Truck357951,2655,1339,5830,5938,108
Truck356951,2224,3238,5550,5939,389
Truck357496,2822,3122,5700,5939,239
Truck357724,1339,2999,5765,5939,174
Truck356257,1338,2821,5360,5940,580
Truck356877,2436,1338,5530,5940,410
Truck357254,2225,2656,5635,5940,305
Truck357892,2822,2437,5810,5940,130
Truck356311,1338,1339,5375,5941,566
Truck357852,3239,2998,5800,5941,141
Truck357968,2437,2655,5835,5941,106
Truck358199,2998,2821,5895,5941,46
Truck357526,1339,3121,5710,5942,232
Truck357786,0,3239,5785,5943,158
Truck357830,2225,2436,5795,5943,148
Truck357861,2655,3238,5805,5943,138
Truck357998,2656,2998,5840,5943,103
Truck358221,2655,3239,5905,5943,38
Truck356725,1338,3121,5490,5944,454
Truck357682,2999,2224,5755,5944,189
Truck358178,2656,2822,5890,5944,54
Truck357030,0,2224,5575,5945,370
Truck357513,2821,3122,5705,5945,240
Truck358032,3239,2821,5850,5945,95
Truck357326,2225,1339,5655,5946,291
Truck357743,2224,2656,5770,5946,176
Truck358314,3122,0,5930,5946,16
Truck356944,2999,1338,5550,5947,397
Truck358040,2437,1339,5855,5947,92
Truck357617,2224,3239,5735,5948,213
Truck357749,2998,2225,5770,5948,178
Truck358058,2437,3122,5860,5948,88
Truck358076,2437,2999,5865,5948,83
Truck358248,3239,2656,5910,5948,38
Truck357531,2821,1339,5710,5949,239
Truck358174,1339,3238,5890,5949,59
Truck356293,1338,2822,5370,5950,580
Truck356751,2436,0,5495,5950,455
Truck357928,2822,2225,5820,5950,130
Truck357990,3122,2655,5840,5950,110
Truck358135,3238,0,5880,5950,70
Truck357090,3122,2224,5590,5951,361
Truck357290,2225,3239,5645,5951,306
Truck357344,2225,1339,5660,5951,291
Truck357491,2224,2436,5700,5951,251
Truck357718,2999,0,5765,5951,186
Truck358004,2437,3331,5845,5951,106
Truck358005,2655,2437,5845,5951,106
Truck357550,2822,1339,5715,5952,237
Truck358169,3121,2999,5890,5952,62
Truck357113,2224,1339,5595,5953,358
Truck357649,3238,3331,5745,5953,208
Truck357767,2998,2999,5775,5953,178
Truck357822,0,3239,5795,5953,158
Truck358288,2822,2821,5920,5953,33
Truck357281,2998,3238,5640,5955,315
Truck357521,3121,3331,5710,5955,245
Truck357946,2822,2437,5825,5955,130
Truck357233,3121,2436,5630,5956,326
Truck357732,0,2999,5770,5956,186
Truck358198,2822,3331,5895,5956,61
Truck357568,2822,1339,5720,5957,237
Truck357933,2655,2821,5825,5957,132
Truck357745,3331,0,5770,5958,188
Truck357778,1339,3331,5780,5958,178
Truck357781,3331,3122,5780,5958,178
Truck357883,3238,2437,5810,5958,148
Truck356388,3122,1338,5395,5959,564
Truck356779,1338,3121,5505,5959,454
Truck357773,3121,2225,5780,5959,179
Truck357131,2224,3122,5600,5960,360
Truck357956,2225,2436,5830,5960,130
Truck357964,2822,2655,5830,5960,130
Truck357516,0,2821,5710,5961,251
Truck357924,3239,2998,5820,5961,141
Truck358206,3122,3238,5900,5962,62
Truck358390,1339,0,5950,5962,12
Truck357803,2998,3121,5785,5963,178
Truck358204,2999,3121,5900,5963,63
Truck357754,2999,2224,5775,5964,189
Truck358302,3239,1338,5925,5964,39
Truck356347,1338,2656,5385,5965,580
Truck357102,0,2224,5595,5965,370
Truck357557,3121,2821,5720,5965,245
Truck357982,2822,2655,5835,5965,130
Truck356733,2436,2655,5490,5967,477
Truck357981,2821,2437,5835,5967,132
Truck358059,2655,2437,5860,5967,107
Truck356209,3238,1338,5345,5968,623
Truck356802,3122,2436,5510,5968,458
Truck357772,2999,2655,5780,5968,188
Truck357821,2998,2999,5790,5968,178
Truck358073,2998,3331,5860,5968,108
Truck356365,1338,2821,5390,5969,579
Truck357055,3238,2224,5580,5969,389
Truck357594,3122,2822,5730,5969,239
Truck358320,3239,2436,5930,5969,39
Truck357120,0,2224,5600,5970,370
Truck357750,0,2656,5775,5970,195
Truck357993,2436,2225,5840,5970,130
Truck358000,2822,1338,5840,5970,130
Truck358203,2655,3331,5900,5970,70
Truck358213,3331,3121,5900,5970,70
Truck358196,2656,2436,5895,5971,76
Truck357846,3122,2999,5800,5972,172
Truck357839,2998,2437,5795,5973,178
Truck358077,2655,1339,5865,5973,108
Truck358106,2656,2998,5870,5973,103
Truck358148,2437,3122,5885,5973,88
Truck358356,3239,3331,5940,5973,33
Truck357073,3238,2224,5585,5974,389
Truck357353,2998,3238,5660,5975,315
Truck357380,2225,3331,5670,5975,305
Truck357591,2655,3121,5730,5975,245
Truck357768,0,2656,5780,5975,195
Truck358018,2822,2999,5845,5975,130
Truck358231,3331,3121,5905,5975,70
Truck356787,2436,2821,5505,5976,471
Truck357481,1338,2225,5700,5976,276
Truck358323,2821,2998,5930,5976,46
Truck358465,3331,2656,5970,5976,6
Truck357235,3238,2225,5630,5977,347
Truck357593,3121,2998,5730,5977,247
Truck357853,3331,1339,5800,5977,177
Truck357588,0,2822,5730,5978,248
Truck357721,3238,2656,5765,5978,213
Truck357725,2224,3239,5765,5978,213
Truck357739,3238,3331,5770,5978,208
Truck357808,2999,2998,5790,5978,188
Truck357912,0,3239,5820,5978,158
Truck357960,3239,3122,5830,5978,148
Truck357991,3238,2655,5840,5978,138
Truck356910,3122,2436,5540,5979,439
Truck357202,1339,2224,5620,5979,359
Truck357800,2656,0,5785,5979,194
Truck358304,2656,2822,5925,5979,54
Truck357472,1339,2998,5695,5980,285
Truck356403,2655,1338,5400,5981,581
Truck357652,1339,2822,5745,5981,236
Truck357664,2999,3238,5750,5981,231
Truck358232,2656,2999,5905,5981,76
Truck357683,3121,3122,5755,5983,228
Truck356419,1338,2655,5405,5984,579
Truck356478,3122,1338,5420,5984,564
Truck357416,2225,2656,5680,5984,304
Truck357658,2822,3122,5745,5984,239
Truck357818,2656,0,5790,5984,194
Truck358300,1339,3238,5925,5984,59
Truck357379,3238,2998,5670,5985,315
Truck357541,3238,2821,5715,5985,270
Truck357629,3121,2655,5740,5985,245
Truck358019,2998,3239,5845,5985,140
Truck358054,2822,2436,5855,5985,130
Truck358267,3331,2437,5915,5985,70
Truck357844,2999,0,5800,5986,186
Truck358130,2437,2821,5880,5986,106
Truck356715,2436,3238,5485,5987,502
Truck357021,2436,3122,5570,5987,417
Truck357484,2999,2436,5700,5987,287
Truck358041,2655,2821,5855,5987,132
Truck358413,2821,2822,5955,5987,32
Truck358470,0,1339,5975,5987,12
Truck358027,3238,2655,5850,5988,138
Truck356437,1338,2655,5410,5989,579
Truck358392,3239,2436,5950,5989,39
Truck357515,2998,1339,5705,5990,285
Truck357559,3238,2821,5720,5990,270
Truck357703,3238,2999,5760,5990,230
Truck357806,2437,2225,5790,5990,200
Truck357882,3122,3331,5810,5990,180
Truck357635,2224,1338,5740,5991,251
Truck357688,1339,2822,5755,5991,236
Truck357901,3238,3239,5815,5991,176
Truck358377,2821,2998,5945,5991,46
Truck358379,2998,2821,5945,5991,46
Truck356967,2436,3331,5555,5992,437
Truck357647,3121,2224,5745,5992,247
Truck357775,3238,2656,5780,5993,213
Truck357862,2999,2656,5805,5993,188
Truck357966,0,3239,5835,5993,158
Truck357221,2224,0,5625,5994,369
Truck357452,2225,2656,5690,5994,304
Truck358149,2655,3122,5885,5994,109
Truck358224,3122,2437,5905,5994,89
Truck356455,1338,3331,5415,5995,580
Truck357533,2998,1339,5710,5995,285
Truck357824,2437,2225,5795,5995,200
Truck358212,3239,2821,5900,5995,95
Truck357506,2225,1339,5705,5996,291
Truck357645,2655,2224,5745,5996,251
Truck357653,2224,1338,5745,5996,251
Truck357926,2656,2224,5820,5996,176
Truck358166,2437,3239,5890,5996,106
Truck358286,2656,2437,5920,5996,76
Truck358395,2821,2998,5950,5996,46
Truck356457,2655,1338,5415,5997,582
Truck356913,2436,2224,5540,5997,457
Truck357524,2225,3122,5710,5997,287
Truck357684,3122,2821,5755,5997,242
Truck358089,2821,3121,5865,5997,132
Truck357984,0,3239,5840,5998,158
Truck358022,2437,3238,5850,5998,148
Truck358446,3239,3331,5965,5998,33
Truck357940,1339,2999,5825,5999,174
Truck358428,3239,2437,5960,5999,39
Truck358552,1339,3122,5995,5999,4
Truck358128,0,2655,5880,6000,120
Truck357671,2224,2999,5750,6001,251
Truck357941,2224,2656,5825,6001,176
Truck358184,2437,2822,5895,6001,106
Truck358548,3122,1339,5995,6001,6
Truck357498,0,2998,5705,6002,297
Truck357613,3238,2822,5735,6002,267
Truck358107,2821,2436,5870,6002,132
Truck358376,2656,2821,5945,6002,57
Truck358467,2821,2822,5970,6002,32
Truck357835,3331,3238,5795,6003,208
Truck358046,2225,2436,5855,6003,148
Truck358202,2437,0,5900,6003,103
Truck356941,1338,3121,5550,6004,454
Truck357890,2656,0,5810,6004,194
Truck357898,2999,2822,5815,6004,189
Truck356491,1338,2998,5425,6005,580
Truck357461,2998,3238,5690,6005,315
Truck357488,2225,2822,5700,6005,305
Truck357876,0,2656,5810,6005,195
Truck358329,2655,3331,5935,6005,70
Truck357597,2436,2999,5730,6006,276
Truck357689,2224,2437,5755,6006,251
Truck358431,2821,2998,5960,6006,46
Truck357972,3122,2999,5835,6007,172
Truck358266,3239,2822,5915,6007,92
Truck358375,3331,2821,5945,6007,62
Truck357003,2436,2224,5565,6008,443
Truck357067,1338,2436,5585,6008,423
Truck357833,2224,3239,5795,6008,213
Truck357275,2224,0,5640,6009,369
Truck357916,2999,2224,5820,6009,189
Truck356509,1338,2998,5430,6010,580
Truck358144,2822,2225,5880,6010,130
Truck358357,3331,2225,5940,6010,70
Truck358414,2822,2656,5955,6010,55
Truck356563,1338,1339,5445,6011,566
Truck357934,2999,0,5825,6011,186
Truck357980,2656,2224,5835,6011,176
Truck357719,3121,2821,5765,6012,247
Truck357959,2224,3331,5830,6012,182
Truck358143,2821,1338,5880,6012,132
Truck358386,3122,3238,5950,6012,62
Truck356527,1338,2656,5435,6014,579
Truck358430,2656,2822,5960,6014,54
Truck357487,3238,2998,5700,6015,315
Truck358162,2822,2999,5885,6015,130
Truck358197,2821,2224,5895,6015,120
Truck358238,2437,3239,5910,6015,105
Truck358432,2822,2656,5960,6015,55
Truck358602,3122,1339,6010,6016,6
Truck357997,3331,1339,5840,6017,177
Truck357057,2436,2998,5580,6018,438
Truck357994,1339,3331,5840,6018,178
Truck358001,2998,1338,5840,6018,178
Truck358094,2437,3238,5870,6018,148
Truck358491,2655,3239,5980,6018,38
Truck356857,3238,2436,5525,6019,494
Truck357111,2436,3122,5595,6019,424
Truck357783,2821,1339,5780,6019,239
Truck358500,3239,2655,5980,6019,39
Truck356545,1338,2821,5440,6020,580
Truck358180,2822,2225,5890,6020,130
Truck358393,3331,3121,5950,6020,70
Truck357542,2225,2655,5715,6021,306
Truck358122,3239,1339,5875,6021,146
Truck357612,3122,2225,5735,6023,288
Truck357887,2224,3239,5810,6023,213
Truck357907,3331,3238,5815,6023,208
Truck357969,2655,2999,5835,6023,188
Truck357970,2999,2821,5835,6023,188
Truck358274,2437,0,5920,6023,103
Truck356821,3238,2436,5515,6024,509
Truck358010,2225,3121,5845,6024,179
Truck358447,3331,2822,5965,6024,59
Truck358518,3239,2225,5985,6024,39
Truck357560,2225,2822,5720,6025,305
Truck357693,2821,3238,5755,6025,270
Truck358163,2998,3239,5885,6025,140
Truck358260,3122,2655,5915,6025,110
Truck357661,1338,2225,5750,6026,276
Truck357761,2224,2436,5775,6026,251
Truck358394,2656,3121,5950,6026,76
Truck357232,2999,1338,5630,6027,397
Truck357820,2822,1339,5790,6027,237
Truck358336,1339,2437,5935,6027,92
Truck357925,3331,3238,5820,6028,208
Truck358285,3331,2998,5920,6028,108
Truck358538,2656,3239,5990,6028,38
Truck357271,3238,2224,5640,6029,389
Truck357578,2225,2821,5725,6029,304
Truck357906,3239,2224,5815,6029,214
Truck358409,2224,2822,5955,6029,74
Truck358536,3239,2437,5990,6029,39
Truck357551,2998,3238,5715,6030,315
Truck357847,3238,2999,5800,6030,230
Truck358216,2822,1338,5900,6030,130
Truck358251,2821,2224,5910,6030,120
Truck358429,3331,2436,5960,6030,70
Truck356581,1338,2822,5450,6031,581
Truck356960,2437,1338,5555,6031,476
Truck356985,2436,3239,5560,6031,471
Truck358060,2999,3122,5860,6031,171
Truck357648,3122,2998,5745,6032,287
Truck357845,3121,1339,5800,6032,232
Truck358006,2999,3331,5845,6033,188
Truck358055,2998,1338,5855,6033,178
Truck358110,0,3239,5875,6033,158
Truck358293,2655,1339,5925,6033,108
Truck358303,3331,2998,5925,6033,108
Truck358310,2437,0,5930,6033,103
Truck358556,2656,3239,5995,6033,38
Truck357828,3122,2822,5795,6034,239
Truck357431,3121,2436,5685,6035,350
Truck357809,3121,3239,5790,6035,245
Truck358234,2822,2436,5905,6035,130
Truck358451,2998,2822,5965,6036,71
Truck357666,3122,2998,5750,6037,287
Truck357868,1339,3121,5805,6037,232
Truck358378,2822,3239,5945,6037,92
Truck358155,2436,2225,5885,6038,153
Truck358176,3239,3122,5890,6038,148
Truck358574,2656,3239,6000,6038,38
Truck358590,3239,3331,6005,6038,33
Truck356676,3122,1338,5475,6039,564
Truck356949,2436,3238,5550,6039,489
Truck358016,2656,0,5845,6039,194
Truck358024,2999,2998,5850,6039,189
Truck357850,1339,2821,5800,6040,240
Truck358252,2822,2999,5910,6040,130
Truck358374,3239,2821,5945,6040,95
Truck357614,2225,2822,5735,6041,306
Truck357670,1339,2225,5750,6041,291
Truck357815,2224,1338,5790,6041,251
Truck357827,3121,3239,5795,6041,246
Truck358038,0,2999,5855,6041,186
Truck358042,2999,0,5855,6041,186
Truck358194,3239,1339,5895,6041,146
Truck358328,2437,2998,5935,6041,106
Truck358559,2998,2821,5995,6041,46
Truck358692,3122,1339,6035,6041,6
Truck358609,3331,3239,6010,6042,32
Truck357624,0,2225,5740,6043,303
Truck358091,2998,2437,5865,6043,178
Truck358608,3239,3331,6010,6043,33
Truck357500,2437,2436,5705,6044,339
Truck357632,2225,2821,5740,6045,305
Truck358270,2822,2655,5915,6045,130
Truck358290,0,2655,5925,6045,120
Truck358346,2437,2822,5940,6045,105
Truck358483,3331,2999,5975,6045,70
Truck357165,2436,3239,5610,6046,436
Truck357627,2655,2225,5740,6046,306
Truck358466,2656,2437,5970,6046,76
Truck358085,2224,3331,5865,6047,182
Truck358269,2821,3121,5915,6047,132
Truck358400,2437,1339,5955,6047,92
Truck358521,2821,3331,5985,6047,62
Truck357220,1339,2436,5625,6048,423
Truck357702,3122,2225,5760,6048,288
Truck358105,3331,3122,5870,6048,178
Truck358109,2998,2655,5870,6048,178
Truck358362,0,2437,5945,6048,103
Truck358610,2656,3239,6010,6048,38
Truck357039,2436,0,5575,6049,474
Truck357343,3238,2224,5660,6049,389
Truck357347,2224,3238,5660,6049,389
Truck357454,1339,2224,5690,6049,359
Truck358531,3238,1339,5990,6049,59
Truck356653,1338,2656,5470,6050,580
Truck358253,2998,3239,5910,6050,140
Truck358501,3331,2437,5980,6050,70
Truck357093,2436,2656,5590,6051,461
Truck357650,2225,2822,5745,6051,306
Truck357863,3121,2224,5805,6051,246
Truck358078,2999,0,5865,6051,186
Truck358121,2224,2656,5875,6051,176
Truck358230,3239,1339,5905,6051,146
Truck358686,0,3122,6035,6051,16
Truck357722,2225,3122,5765,6052,287
Truck357758,2225,1338,5775,6052,277
Truck358287,2821,2225,5920,6052,132
Truck358557,2821,2656,5995,6052,57
Truck357874,2822,0,5805,6053,248
Truck358220,2437,3238,5905,6053,148
Truck358365,2655,1339,5945,6053,108
Truck358454,2437,2999,5970,6053,83
Truck357123,2655,2436,5600,6054,454
Truck358750,1339,3122,6050,6054,4
Truck357049,1338,2437,5580,6055,475
Truck357668,2225,2998,5750,6055,305
Truck357909,2821,3122,5815,6055,240
Truck358306,2822,2436,5925,6055,130
Truck358382,2437,3331,5950,6055,105
Truck358519,3331,3121,5985,6055,70
Truck357141,2655,2436,5605,6056,451
Truck357468,3122,2224,5695,6056,361
Truck358096,2999,0,5870,6056,186
Truck358502,2656,2225,5980,6056,76
Truck358613,2998,2821,6010,6056,46
Truck356734,1339,1338,5490,6057,567
Truck357523,3238,2225,5710,6057,347
Truck357738,3122,2998,5770,6057,287
Truck357740,2225,3122,5770,6057,287
Truck358095,2655,2999,5870,6057,187
Truck358152,3122,2999,5885,6057,172
Truck358305,2821,2999,5925,6057,132
Truck358145,2998,1338,5880,6058,178
Truck357143,3121,1338,5605,6059,454
Truck358088,2656,0,5865,6059,194
Truck358124,2656,3122,5875,6059,184
Truck358347,2655,0,5940,6059,119
Truck358567,3238,1339,6000,6059,59
Truck357686,2225,3239,5755,6060,305
Truck358116,3122,2656,5875,6060,185
Truck358150,2999,1339,5885,6060,175
Truck358324,2822,2437,5930,6060,130
Truck358355,2224,2821,5940,6060,120
Truck358537,3331,2437,5990,6060,70
Truck357899,3121,2224,5815,6061,246
Truck357952,2999,3238,5830,6061,231
Truck358520,2656,3121,5985,6061,76
Truck357714,0,2998,5765,6062,297
Truck358113,2655,2999,5875,6062,187
Truck358141,3331,2224,5880,6062,182
Truck358311,2655,2821,5930,6062,132
Truck358464,3239,2822,5970,6062,92
Truck358566,3122,3238,6000,6062,62
Truck358051,3331,3238,5855,6063,208
Truck358297,3238,2655,5925,6063,138
Truck358653,2655,3239,6025,6063,38
Truck357736,2999,2436,5770,6064,294
Truck357936,3122,2822,5825,6064,239
Truck358535,2224,2822,5990,6064,74
Truck358662,3239,2437,6025,6064,39
Truck357785,2998,1339,5780,6065,285
Truck357973,3238,2999,5835,6065,230
Truck358307,2998,3239,5925,6065,140
Truck358555,3331,2225,5995,6065,70
Truck357147,2436,2822,5605,6066,461
Truck357897,2655,2224,5815,6066,251
Truck357905,2224,2436,5815,6066,251
Truck358292,2437,3121,5925,6066,141
Truck358418,2437,2822,5960,6066,106
Truck357971,3121,1339,5835,6067,232
Truck358157,2224,3331,5885,6067,182
Truck358482,3239,2822,5975,6067,92
Truck357301,1338,2436,5650,6068,418
Truck358132,2999,2224,5880,6068,188
Truck358160,2656,1339,5885,6068,183
Truck358419,2655,1339,5960,6068,108
Truck356784,3122,1338,5505,6069,564
Truck358553,2224,2998,5995,6069,74
Truck357685,3238,2998,5755,6070,315
Truck357927,2821,0,5820,6070,250
Truck358360,2822,2436,5940,6070,130
Truck358436,2437,3331,5965,6070,105
Truck358573,3331,2225,6000,6070,70
Truck357923,2224,2436,5820,6071,251
Truck357988,2999,3238,5840,6071,231
Truck357391,1338,2999,5675,6072,397
Truck357865,3238,2822,5805,6072,267
Truck357935,3121,2998,5825,6072,247
Truck358359,2821,2225,5940,6072,132
Truck358504,2822,3239,5980,6072,92
Truck357545,2224,1339,5715,6073,358
Truck357930,0,2822,5825,6073,248
Truck358185,2655,2998,5895,6073,178
Truck357509,2224,0,5705,6074,369
Truck358571,2224,2998,6000,6074,74
Truck358343,2998,3239,5935,6075,140
Truck358440,3122,2655,5965,6075,110
Truck357183,2436,2655,5615,6076,461
Truck357735,2655,2225,5770,6076,306
Truck358164,0,2999,5890,6076,186
Truck358595,2998,2822,6005,6076,71
Truck356806,1339,1338,5510,6077,567
Truck357219,2436,0,5625,6077,452
Truck357237,2436,2656,5630,6077,447
Truck357596,2225,3238,5730,6077,347
Truck357848,2225,1338,5800,6077,277
Truck357953,3121,2224,5830,6077,247
Truck358007,3121,1339,5845,6077,232
Truck358284,3239,0,5920,6077,157
Truck357810,3122,2225,5790,6078,288
Truck358099,3238,3331,5870,6078,208
Truck358168,2999,2655,5890,6078,188
Truck358217,2998,3121,5900,6078,178
Truck358716,3239,2656,6040,6078,38
Truck358026,3122,3121,5850,6079,229
Truck358208,2225,3121,5900,6079,179
Truck358639,3238,1339,6020,6079,59
Truck358664,2656,2822,6025,6079,54
Truck358188,3122,2656,5895,6080,185
Truck358472,2437,2656,5975,6080,105
Truck358242,3122,2999,5910,6082,172
Truck358822,1339,0,6070,6082,12
Truck357611,3121,2436,5735,6083,348
Truck358123,3331,3238,5875,6083,208
Truck358235,2998,2655,5905,6083,178
Truck358544,2437,3122,5995,6083,88
Truck358734,3239,2656,6045,6083,38
Truck357701,3121,2436,5760,6084,324
Truck358008,3122,2822,5845,6084,239
Truck358214,2656,3122,5900,6084,184
Truck357157,1338,2437,5610,6085,475
Truck357776,2225,2656,5780,6085,305
Truck358186,2999,2224,5895,6085,190
Truck358434,0,2655,5965,6085,120
Truck358449,2821,2224,5965,6085,120
Truck358627,3331,2999,6015,6085,70
Truck357857,2998,3122,5800,6086,286
Truck357977,2224,3121,5835,6086,251
Truck358200,0,2999,5900,6086,186
Truck358043,3121,1339,5855,6087,232
Truck358630,2822,2224,6015,6087,72
Truck356796,0,1338,5510,6088,578
Truck358387,3238,2655,5950,6088,138
Truck358580,2437,2999,6005,6088,83
Truck358743,2655,3239,6050,6088,38
Truck356856,3122,1338,5525,6089,564
Truck357174,0,2436,5615,6089,474
Truck358681,3331,2822,6030,6089,59
Truck358752,3239,1338,6050,6089,39
Truck356797,1338,2822,5510,6090,580
Truck357599,2224,3122,5730,6090,360
Truck357794,2225,2655,5785,6090,305
Truck357919,3238,2821,5820,6090,270
Truck358645,3331,3121,6020,6090,70
Truck357327,2436,1338,5655,6091,436
Truck357987,2655,2224,5840,6091,251
Truck358261,3238,3239,5915,6091,176
Truck358508,2437,2655,5985,6091,106
Truck358649,2998,2822,6020,6091,71
Truck357937,3238,2822,5825,6092,267
Truck358066,1339,3121,5860,6092,232
Truck358648,2822,2224,6020,6092,72
Truck358139,2224,3239,5880,6093,213
Truck358153,3238,3331,5885,6093,208
Truck358271,2998,2225,5915,6093,178
Truck358401,2655,3238,5955,6093,138
Truck357291,2436,2655,5645,6094,449
Truck358222,2999,3331,5905,6094,189
Truck358575,2821,3239,6000,6094,94
Truck358643,2224,2998,6020,6094,74
Truck357193,1338,2437,5620,6095,475
Truck357945,2821,3238,5825,6095,270
Truck358017,2821,0,5845,6095,250
Truck358048,1339,2821,5855,6095,240
Truck358450,2822,2437,5965,6095,130
Truck358512,3122,2655,5985,6095,110
Truck358572,3239,2821,6000,6095,95
Truck358013,2224,2437,5845,6096,251
Truck358025,3121,2224,5850,6096,246
Truck358294,2999,3122,5925,6096,171
Truck358526,2437,2224,5990,6096,106
Truck358646,2656,2655,6020,6096,76
Truck357345,2436,2656,5660,6097,437
Truck357363,2436,0,5665,6097,432
Truck357840,0,2998,5800,6097,297
Truck358478,2225,2999,5975,6097,122
Truck358691,3121,2999,6035,6097,62
Truck358249,3331,0,5910,6098,188
Truck358289,2998,2655,5920,6098,178
Truck358779,2655,3239,6060,6098,38
Truck357283,1338,3121,5645,6099,454
Truck358062,3122,2822,5860,6099,239
Truck358240,2999,2656,5910,6099,189
Truck358277,3121,2225,5920,6099,179
Truck358714,1339,3238,6040,6099,59
Truck356833,1338,3331,5520,6100,580
Truck357255,2436,2998,5635,6100,465
Truck357955,3238,2821,5830,6100,270
Truck358503,2821,2224,5980,6100,120
Truck357880,2999,2436,5810,6101,291
Truck357911,2998,3122,5815,6101,286
Truck358031,2224,1338,5850,6101,251
Truck358301,2224,2656,5925,6101,176
Truck358421,3121,2437,5960,6101,141
Truck357499,1338,2999,5705,6102,397
Truck358736,2656,2821,6045,6102,57
Truck356905,1338,3122,5540,6103,563
Truck358195,3331,3238,5895,6103,208
Truck358258,2999,2224,5915,6103,188
Truck358282,1339,2656,5920,6103,183
Truck358410,3239,3122,5955,6103,148
Truck358828,2822,2821,6070,6103,33
Truck358090,2822,3122,5865,6104,239
Truck358318,1339,2999,5930,6104,174
Truck356851,1338,2224,5525,6105,580
Truck357360,3122,2436,5665,6105,440
Truck357811,3238,2998,5790,6105,315
Truck357843,2655,2225,5800,6105,305
Truck358699,3331,2437,6035,6105,70
Truck357230,2437,1338,5630,6106,476
Truck357309,2436,2224,5650,6106,456
Truck357929,2998,3122,5820,6106,286
Truck358049,2224,2436,5855,6106,251
Truck358114,2999,3238,5875,6106,231
Truck358562,2437,2224,6000,6106,106
Truck358108,2822,1339,5870,6107,237
Truck358485,2821,2655,5975,6107,132
Truck356707,1338,3238,5485,6108,623
Truck357918,3122,2225,5820,6108,288
Truck358325,2998,2436,5930,6108,178
Truck357563,2224,3238,5720,6109,389
Truck358654,2999,2437,6025,6109,84
Truck358071,2821,0,5860,6110,250
Truck358469,2998,3239,5970,6110,140
Truck358689,2655,2656,6035,6110,75
Truck358067,2224,2655,5860,6111,251
Truck358348,2999,3122,5940,6111,171
Truck358700,2656,2655,6035,6111,76
Truck357273,2436,0,5640,6112,472
Truck358338,3239,3238,5935,6112,177
Truck358642,1339,2437,6020,6112,92
Truck358151,3121,3122,5885,6113,228
Truck358591,3331,2998,6005,6113,108
Truck357581,2224,3238,5725,6114,389
Truck358790,2656,2822,6060,6114,54
Truck358842,3239,2437,6075,6114,39
Truck356887,1338,2822,5535,6115,580
Truck358097,3121,2655,5870,6115,245
Truck358272,0,2656,5920,6115,195
Truck358522,2822,2225,5985,6115,130
Truck358598,2437,2822,6010,6115,105
Truck358718,2656,2655,6040,6116,76
Truck358774,2822,3331,6055,6116,61
Truck358969,3331,2656,6110,6116,6
Truck358970,2656,3331,6110,6116,6
Truck357902,2225,0,5815,6117,302
Truck358881,2821,2822,6085,6117,32
Truck358308,0,3331,5930,6119,189
Truck358312,2999,2998,5930,6119,189
Truck358171,3238,2999,5890,6120,230
Truck358540,2822,1338,5990,6120,130
Truck357435,2436,3331,5685,6121,436
Truck358103,2224,2655,5870,6121,251
Truck358980,3122,1339,6115,6121,6
Truck356968,1339,1338,5555,6122,567
Truck357974,2225,3122,5835,6122,287
Truck358539,2821,2436,5990,6122,132
Truck356977,1338,3122,5560,6123,563
Truck357396,3122,2436,5675,6123,448
Truck358126,2822,0,5875,6123,248
Truck358339,3331,0,5935,6123,188
Truck358358,2656,1339,5940,6123,183
Truck358878,3239,2656,6085,6123,38
Truck358900,2822,2821,6090,6123,33
Truck357417,2436,2998,5680,6124,444
Truck358326,0,3331,5935,6124,189
Truck358751,2224,2998,6050,6124,74
Truck358757,2998,2224,6050,6124,74
Truck357678,0,2224,5755,6125,370
Truck357893,2998,3238,5810,6125,315
Truck357920,2225,2821,5820,6125,305
Truck358045,3238,2821,5855,6125,270
Truck358053,2821,3238,5855,6125,270
Truck358558,2822,2437,5995,6125,130
Truck358133,3121,2224,5880,6126,246
Truck358634,2437,2656,6020,6126,106
Truck358754,2656,2436,6050,6126,76
Truck357791,3121,2436,5785,6127,342
Truck357948,0,2998,5830,6127,297
Truck357992,2225,3122,5840,6127,287
Truck358028,2225,1338,5850,6127,277
Truck358799,3121,2999,6065,6127,62
Truck356995,1338,3122,5565,6128,563
Truck357989,3121,3238,5840,6128,288
Truck358279,3238,3331,5920,6128,208
Truck358397,2998,2437,5950,6128,178
Truck358898,2656,3239,6090,6128,38
Truck357000,3122,1338,5565,6129,564
Truck357631,3238,2224,5740,6129,389
Truck357938,2225,3239,5825,6129,304
Truck358179,2821,3122,5890,6130,240
Truck358207,3238,2999,5900,6130,230
Truck358368,3122,2656,5945,6130,185
Truck358789,3331,2655,6060,6130,70
Truck358366,2999,0,5945,6131,186
Truck358793,2998,2822,6060,6131,71
Truck357607,1338,2999,5735,6132,397
Truck358170,3122,2821,5890,6132,242
Truck357013,1338,3122,5570,6133,563
Truck358283,2224,3239,5920,6133,213
Truck358513,3238,2437,5985,6133,148
Truck358742,2437,2999,6050,6133,83
Truck358936,2822,2821,6100,6133,33
Truck357217,3238,2436,5625,6134,509
Truck358426,1339,2999,5960,6134,174
Truck356959,1338,3331,5555,6135,580
Truck358550,2225,2436,5995,6135,140
Truck358625,2224,2821,6015,6135,120
Truck358807,3331,2225,6065,6135,70
Truck358210,1339,2822,5900,6136,236
Truck358423,3238,3239,5960,6136,176
Truck358811,2998,2822,6065,6136,71
Truck358411,3331,2224,5955,6137,182
Truck357471,2436,2998,5695,6138,443
Truck357490,1339,2436,5700,6138,438
Truck358321,3331,3238,5930,6138,208
Truck358433,2998,2436,5960,6138,178
Truck358215,2821,3122,5900,6140,240
Truck358384,2999,3331,5950,6140,190
Truck358030,1339,2225,5850,6141,291
Truck358175,2224,2999,5890,6141,251
Truck358187,3121,3331,5895,6141,246
Truck358554,3239,1339,5995,6141,146
Truck358688,2437,3239,6035,6141,106
Truck358808,2656,3121,6065,6141,76
Truck357829,3238,2225,5795,6142,347
Truck358755,2821,3239,6050,6144,94
Truck358950,3239,2437,6105,6144,39
Truck357483,2655,2436,5700,6145,445
Truck357965,2998,3238,5830,6145,315
Truck358117,3238,2821,5875,6145,270
Truck358205,3121,3239,5900,6145,245
Truck358228,1339,2821,5905,6145,240
Truck358233,2821,3122,5905,6145,240
Truck358843,3331,2999,6075,6145,70
Truck358193,2224,2999,5895,6146,251
Truck358246,1339,2822,5910,6146,236
Truck358420,2999,0,5960,6146,186
Truck358570,1339,3239,6000,6146,146
Truck358826,2656,2225,6070,6146,76
Truck359077,3331,2656,6140,6146,6
Truck358770,3239,2822,6055,6147,92
Truck358340,2656,3238,5935,6148,213
Truck358599,2655,3238,6010,6148,138
Truck358603,3238,2655,6010,6148,138
Truck358959,2655,3239,6110,6148,38
Truck357463,1338,3121,5695,6149,454
Truck357707,2224,3238,5760,6149,389
Truck358412,2656,0,5955,6149,194
Truck358798,2999,2437,6065,6149,84
Truck358968,3239,2437,6110,6149,39
Truck357253,3238,2436,5635,6150,515
Truck357525,2436,1339,5710,6150,440
Truck357553,1338,2436,5720,6150,430
Truck358211,2224,2436,5900,6151,251
Truck358844,2656,2437,6075,6151,76
Truck358955,2998,2821,6105,6151,46
Truck359052,3122,0,6135,6151,16
Truck357866,2225,3238,5805,6152,347
Truck358118,2225,1338,5875,6152,277
Truck358494,3122,2999,5980,6152,172
Truck358724,2437,2998,6045,6152,107
Truck358864,2822,2998,6080,6152,72
Truck356869,1338,3238,5530,6153,623
Truck358487,2998,2655,5975,6153,178
Truck357485,3121,1338,5700,6154,454
Truck358725,2655,3122,6045,6154,109
Truck358986,3239,2436,6115,6154,39
Truck358492,2999,1339,5980,6155,175
Truck358851,2655,2656,6080,6155,75
Truck358879,3331,2655,6085,6155,70
Truck358084,1339,2225,5865,6156,291
Truck358229,2224,2436,5905,6156,251
Truck358136,2225,1338,5880,6157,277
Truck358241,3121,2224,5910,6157,247
Truck358481,2224,3331,5975,6157,182
Truck358665,2821,2655,6025,6157,132
Truck358796,2437,1339,6065,6157,92
Truck358917,2821,3331,6095,6157,62
Truck358456,2999,2655,5970,6158,188
Truck359004,3239,2656,6120,6158,38
Truck357453,2436,2656,5690,6159,469
Truck357842,2437,2436,5800,6159,359
Truck358930,1339,3238,6100,6159,59
Truck357427,1338,2437,5685,6160,475
Truck357561,2436,2655,5720,6160,440
Truck358257,2655,3121,5915,6160,245
Truck358684,2822,2225,6030,6160,130
Truck358247,2224,2655,5910,6161,251
Truck358259,3121,2656,5915,6161,246
Truck358760,2437,2655,6055,6161,106
Truck358880,2656,2436,6085,6161,76
Truck358708,2999,2225,6040,6162,122
Truck358935,2821,3331,6100,6162,62
Truck358056,0,2225,5860,6163,303
Truck358523,2998,2655,5985,6163,178
Truck358616,2437,3238,6015,6163,148
Truck358626,3239,3122,6015,6163,148
Truck358771,3331,2998,6055,6163,108
Truck357126,3122,1338,5600,6164,564
Truck358064,2225,2224,5860,6164,304
Truck358827,2821,3239,6070,6164,94
Truck359022,3239,2999,6125,6164,39
Truck358905,2655,3331,6095,6165,70
Truck358265,2224,2436,5915,6166,251
Truck358644,3239,1339,6020,6166,146
Truck358778,2437,2656,6060,6166,106
Truck358082,2225,0,5865,6167,302
Truck358517,2224,3331,5985,6167,182
Truck358701,2821,2655,6035,6167,132
Truck358730,2225,2999,6045,6167,122
Truck356923,1338,3238,5545,6168,623
Truck357085,1338,2821,5590,6169,579
Truck357539,3121,1338,5715,6169,454
Truck358484,2656,0,5975,6169,194
Truck358854,3122,2437,6080,6169,89
Truck358295,3121,2821,5925,6170,245
Truck358569,2436,2225,6000,6170,170
Truck358720,2822,2655,6040,6170,130
Truck358127,2998,0,5875,6171,296
Truck359167,3331,2656,6165,6171,6
Truck358349,3121,1339,5940,6172,232
Truck358719,2821,2437,6040,6172,132
Truck358510,2999,3331,5985,6173,188
Truck358534,1339,2656,5990,6173,183
Truck358804,1339,2655,6065,6173,108
Truck359080,2822,2821,6140,6173,33
Truck357162,3122,1338,5610,6174,564
Truck357797,2224,3238,5785,6174,389
Truck357869,2224,0,5805,6174,369
Truck358341,2821,1339,5935,6174,239
Truck358342,2822,3122,5935,6174,239
Truck358506,0,3331,5985,6174,189
Truck358547,3121,2225,5995,6174,179
Truck358863,2821,3239,6080,6174,94
Truck359058,3239,2437,6135,6174,39
Truck357103,1338,2998,5595,6175,580
Truck357616,1339,2436,5735,6175,440
Truck358100,2225,2822,5870,6175,305
Truck358703,2998,3239,6035,6175,140
Truck358738,2822,2437,6045,6175,130
Truck358951,3331,2436,6105,6175,70
Truck358981,3238,3122,6115,6175,60
Truck357900,3122,2224,5815,6176,361
Truck358079,3121,2436,5865,6176,311
Truck358181,2998,3122,5890,6176,286
Truck358698,3239,2998,6035,6176,141
Truck358990,2822,3331,6115,6176,61
Truck359142,3122,0,6160,6176,16
Truck358762,2999,2225,6055,6177,122
Truck359097,2821,2822,6145,6177,32
Truck356965,3238,1338,5555,6178,623
Truck357543,2436,3239,5715,6178,463
Truck358448,2656,3238,5965,6178,213
Truck358680,3239,3122,6030,6178,148
Truck358825,3331,2998,6070,6178,108
Truck358830,0,2437,6075,6178,103
Truck358524,0,3331,5990,6179,189
Truck358528,2999,2655,5990,6179,189
Truck358243,3238,2821,5910,6180,270
Truck358756,2822,2225,6050,6180,130
Truck358319,2224,2655,5930,6181,251
Truck358331,3121,2655,5935,6181,246
Truck358585,3238,3239,6005,6181,176
Truck358706,2437,3121,6040,6181,141
Truck358832,2437,3239,6075,6181,106
Truck358952,2656,2225,6105,6181,76
Truck357139,1338,0,5605,6182,577
Truck358146,0,2998,5885,6182,297
Truck358997,3121,2999,6120,6182,62
Truck359025,2821,2656,6125,6182,57
Truck358546,2999,2998,5995,6183,188
Truck358694,2225,2436,6035,6183,148
Truck358840,1339,2655,6075,6183,108
Truck358372,1339,2821,5945,6185,240
Truck358850,2437,3331,6080,6185,105
Truck358896,3239,2821,6090,6185,95
Truck358987,3331,2225,6115,6185,70
Truck358337,2224,3121,5935,6186,251
Truck358727,3121,2437,6045,6186,141
Truck359221,3331,2656,6180,6186,6
Truck357633,2436,3239,5740,6187,447
Truck357669,2436,2656,5750,6187,437
Truck358773,2821,2225,6055,6187,132
Truck358914,3239,2822,6095,6187,92
Truck359042,2656,2821,6130,6187,57
Truck359190,0,1339,6175,6187,12
Truck358747,3238,2655,6050,6188,138
Truck358858,1339,2655,6080,6188,108
Truck358861,3331,2998,6080,6188,108
Truck358865,2998,3331,6080,6188,108
Truck357399,2436,3238,5675,6189,514
Truck357851,2224,3238,5800,6189,389
Truck358396,2822,3122,5950,6189,239
Truck358564,2999,3239,6000,6189,189
Truck359112,3239,2655,6150,6189,39
Truck357579,2436,3331,5725,6190,465
Truck358154,2225,3331,5885,6190,305
Truck357211,1338,1339,5625,6191,566
Truck358988,2656,2225,6115,6191,76
Truck357615,2436,3239,5735,6192,457
Truck357826,2999,1338,5795,6192,397
Truck358182,0,2998,5895,6192,297
Truck358791,2821,3121,6060,6192,132
Truck358868,2437,2655,6085,6192,107
Truck359034,3122,3238,6130,6192,62
Truck359061,2821,2656,6135,6192,57
Truck358581,2655,2999,6005,6193,188
Truck358617,2655,2998,6015,6193,178
Truck358631,2998,1338,6015,6193,178
Truck358729,3238,2437,6045,6193,148
Truck357175,1338,2998,5615,6194,579
Truck358167,2655,2225,5890,6194,304
Truck358380,0,3121,5950,6194,244
Truck358797,2655,2822,6065,6194,129
Truck359053,3238,1339,6135,6194,59
Truck358172,2225,2655,5890,6195,305
Truck358383,2655,3121,5950,6195,245
Truck358408,1339,2821,5955,6195,240
Truck358582,2999,2998,6005,6195,190
Truck358810,2822,3121,6065,6195,130
Truck358872,3122,2655,6085,6195,110
Truck358886,2437,3239,6090,6195,105
Truck358280,2225,1338,5920,6197,277
Truck358809,2821,2655,6065,6197,132
Truck359026,2822,2998,6125,6197,72
Truck358600,2999,2821,6010,6198,188
Truck358919,2998,2656,6095,6198,103
Truck359050,2999,3121,6135,6198,63
Truck359139,2655,3239,6160,6198,38
Truck358065,2436,3121,5860,6199,339
Truck358190,2225,2656,5895,6199,304
Truck359027,2998,2224,6125,6199,74
Truck358848,0,2655,6080,6200,120
Truck358904,2437,2224,6095,6200,105
Truck359041,3331,2999,6130,6200,70
Truck359071,3238,3122,6140,6200,60
Truck358391,2224,3121,5950,6201,251
Truck358614,0,2999,6015,6201,186
Truck358661,2224,2656,6025,6201,176
Truck358781,3121,2437,6060,6201,141
Truck359024,2656,2655,6125,6201,76
Truck359133,2821,2998,6155,6201,46
Truck359275,3331,2656,6195,6201,6
Truck359276,2656,3331,6195,6201,6
Truck358815,2655,2821,6070,6202,132
Truck358618,2999,3239,6015,6203,188
Truck358663,3331,3122,6025,6203,178
Truck358765,3238,2437,6055,6203,148
Truck358912,1339,2655,6095,6203,108
Truck357651,2436,1339,5745,6204,459
Truck358833,2655,2822,6075,6204,129
Truck358971,2821,3239,6110,6204,94
Truck359045,2998,2224,6130,6204,74
Truck357720,3122,2436,5765,6205,440
Truck358444,1339,2821,5965,6205,240
Truck358846,2822,2225,6075,6205,130
Truck359049,2655,3331,6135,6205,70
Truck358682,2656,2224,6030,6206,176
Truck358806,3239,2998,6065,6206,141
Truck358922,2437,2822,6100,6206,106
Truck358845,2821,2225,6075,6207,132
Truck359095,3331,2821,6145,6207,62
Truck357228,0,1338,5630,6208,578
Truck358493,3121,3122,5980,6208,228
Truck358635,2655,2999,6020,6208,188
Truck358685,2998,1338,6030,6208,178
Truck359186,2656,3239,6170,6208,38
Truck357995,2224,0,5840,6209,369
Truck358458,3122,2822,5970,6209,239
Truck358676,2225,3121,6030,6209,179
Truck358696,1339,2999,6035,6209,174
Truck358989,2821,3239,6115,6209,94
Truck359057,2224,2822,6135,6209,74
Truck357229,1338,2656,5630,6210,580
Truck358226,2225,3331,5905,6210,305
Truck358351,3238,2821,5940,6210,270
Truck359067,2655,3331,6140,6210,70
Truck358427,2224,3121,5960,6211,251
Truck358817,3121,2437,6070,6211,141
Truck359060,2656,2437,6135,6211,76
Truck357831,2436,1338,5795,6212,417
Truck358298,2225,3122,5925,6212,287
Truck358498,1339,3121,5980,6212,232
Truck359223,2821,2822,6180,6212,32
Truck357091,3238,1338,5590,6213,623
Truck358236,0,2225,5910,6213,303
Truck358678,1339,2656,6030,6213,183
Truck358486,2822,3122,5975,6214,239
Truck359202,3239,2437,6175,6214,39
Truck357247,1338,3239,5635,6215,580
Truck358244,2225,2224,5910,6215,305
Truck358847,2998,3239,6075,6215,140
Truck358882,2822,2999,6085,6215,130
Truck357249,2655,1338,5635,6216,581
Truck358958,2437,3239,6110,6216,106
Truck359189,2998,2821,6170,6216,46
Truck358352,2225,1338,5940,6217,277
Truck358717,3331,1339,6040,6217,177
Truck359308,1339,0,6205,6217,12
Truck358468,2822,0,5970,6218,248
Truck358592,2656,3238,6005,6218,213
Truck358707,2655,2998,6040,6218,178
Truck358721,2998,2436,6040,6218,178
Truck358814,2437,3238,6070,6218,148
Truck358824,3239,3122,6070,6218,148
Truck358974,0,2437,6115,6218,103
Truck358887,2655,2822,6090,6219,129
Truck359099,2998,2224,6145,6219,74
Truck357265,1338,2821,5640,6220,580
Truck357681,2655,2436,5755,6220,465
Truck358262,2225,2998,5915,6220,305
Truck359170,2822,2656,6165,6220,55
Truck358463,2224,2437,5970,6221,251
Truck358860,3239,2998,6080,6221,141
Truck359096,2656,2436,6145,6221,76
Truck357795,2436,2224,5785,6222,437
Truck358899,2821,3121,6090,6222,132
Truck358223,3121,2436,5905,6223,318
Truck358739,2998,1338,6045,6223,178
Truck358837,3238,2437,6075,6223,148
Truck358994,2437,0,6120,6223,103
Truck359238,3239,2656,6185,6223,38
Truck357342,3122,1338,5660,6224,564
Truck358690,2999,3331,6035,6224,189
Truck359068,2999,2437,6140,6224,84
Truck359117,2998,2224,6150,6224,74
Truck359164,1339,3238,6165,6224,59
Truck357687,2436,3331,5755,6225,470
Truck357705,2436,2656,5760,6225,465
Truck359131,3331,2655,6155,6225,70
Truck357723,2436,2224,5765,6227,462
Truck359062,2822,3239,6135,6227,92
Truck359134,2822,2998,6155,6227,72
Truck359159,3121,2999,6165,6227,62
Truck357300,0,1338,5650,6228,578
Truck357777,2436,1339,5780,6228,448
Truck358628,2656,3238,6015,6228,213
Truck359002,1339,2655,6120,6228,108
Truck359005,3331,2998,6120,6228,108
Truck357741,2436,3239,5770,6229,459
Truck357755,3121,1338,5775,6229,454
Truck358102,1339,2224,5870,6229,359
Truck358511,3121,2224,5985,6230,245
Truck358670,2437,2225,6030,6230,200
Truck358746,3122,3331,6050,6230,180
Truck359149,3331,2999,6160,6230,70
Truck357303,2655,1338,5650,6231,581
Truck358438,2999,2436,5965,6231,266
Truck358499,2224,2655,5980,6231,251
Truck358722,0,2999,6045,6231,186
Truck359132,2656,2999,6155,6231,76
Truck359384,2656,3331,6225,6231,6
Truck358923,2655,2821,6100,6232,132
Truck359076,3239,2822,6140,6232,92
Truck359187,2821,3331,6170,6232,62
Truck358735,3331,0,6045,6233,188
Truck358775,2998,2436,6055,6233,178
Truck359023,3331,2998,6125,6233,108
Truck359296,2822,2821,6200,6233,33
Truck358120,1339,2224,5875,6234,359
Truck358316,2225,2656,5930,6234,304
Truck358726,2999,3331,6045,6234,189
Truck357319,1338,2656,5655,6235,580
Truck358704,0,2656,6040,6235,195
Truck358954,2822,3121,6105,6235,130
Truck357373,1338,1339,5670,6236,566
Truck358361,2998,0,5940,6236,296
Truck358370,2225,1339,5945,6236,291
Truck358509,2655,2224,5985,6236,251
Truck358527,2655,3121,5990,6236,246
Truck358529,3121,3239,5990,6236,246
Truck359150,2656,2655,6160,6236,76
Truck358459,3238,2822,5970,6237,267
Truck358800,3122,2999,6065,6237,172
Truck358953,2821,2999,6105,6237,132
Truck359196,3122,3238,6175,6237,62
Truck358385,3121,3238,5950,6238,288
Truck358768,1339,2656,6055,6238,183
Truck359120,2437,2999,6155,6238,83
Truck358191,2436,3121,5895,6239,344
Truck358334,2225,2998,5935,6239,304
Truck358744,2999,2822,6050,6239,189
Truck358784,2225,3121,6060,6239,179
Truck359165,2224,2822,6165,6239,74
Truck359215,3238,1339,6180,6239,59
Truck359292,3239,2437,6200,6239,39
Truck358937,2998,3239,6100,6240,140
Truck358972,2822,2655,6110,6240,130
Truck359048,2437,2821,6135,6240,105
Truck358112,2437,2436,5875,6241,366
Truck359168,2656,2999,6165,6241,76
Truck359279,2998,2821,6195,6241,46
Truck359398,1339,0,6230,6242,12
Truck358403,3121,3238,5955,6243,288
Truck358404,3122,2225,5955,6243,288
Truck358405,3238,3121,5955,6243,288
Truck358909,3238,2437,6095,6243,148
Truck358945,3238,2655,6105,6243,138
Truck357355,1338,2224,5665,6244,579
Truck357759,2436,2224,5775,6244,469
Truck358245,2436,2437,5910,6244,334
Truck359124,3122,2437,6155,6244,89
Truck359066,2437,2998,6140,6245,105
Truck359203,3331,2999,6175,6245,70
Truck358453,1338,2225,5970,6246,276
Truck358565,3121,2656,6000,6246,246
Truck358932,3239,1339,6100,6246,146
Truck359295,2821,2998,6200,6246,46
Truck359394,3122,0,6230,6246,16
Truck358460,2225,1338,5970,6247,277
Truck358576,2822,0,6000,6248,248
Truck358884,0,3239,6090,6248,158
Truck359230,2999,3121,6185,6248,63
Truck357967,1338,2436,5835,6249,414
Truck358063,3238,2224,5860,6249,389
Truck358578,0,3121,6005,6249,244
Truck358780,2999,2822,6060,6249,189
Truck359201,2224,2822,6175,6249,74
Truck358333,3238,2998,5935,6250,315
Truck358611,2821,3122,6010,6250,240
Truck359028,0,2655,6130,6250,120
Truck359130,3239,2821,6155,6250,95
Truck358471,1338,2225,5975,6251,276
Truck359084,2437,2655,6145,6251,106
Truck359225,2998,2822,6180,6251,71
Truck359007,2821,3121,6120,6252,132
Truck357885,2436,1338,5810,6254,444
Truck358629,2821,1339,6015,6254,239
Truck358656,3122,3121,6025,6254,229
Truck358388,2225,2655,5950,6255,305
Truck358601,3121,2998,6010,6255,245
Truck359239,3331,2225,6185,6255,70
Truck358367,3121,2436,5945,6256,311
Truck358862,2656,2224,6080,6256,176
Truck359466,3122,1339,6250,6256,6
Truck359102,2437,3331,6150,6257,107
Truck359268,3122,3238,6195,6257,62
Truck358398,0,2225,5955,6258,303
Truck358596,0,2822,6010,6258,248
Truck358733,2224,3239,6045,6258,213
Truck358753,3331,3238,6050,6258,208
Truck359118,0,2437,6155,6258,103
Truck357813,2436,2656,5790,6259,469
Truck357867,2436,2998,5805,6259,454
Truck358812,0,3331,6070,6259,189
Truck359169,2821,3239,6165,6259,94
Truck359237,2224,2998,6185,6259,74
Truck359293,3331,2822,6200,6259,59
Truck359488,1339,3122,6255,6259,4
Truck358406,2225,2656,5955,6260,305
Truck358480,1339,2998,5975,6260,285
Truck359044,2822,2437,6130,6260,130
Truck359257,3331,2225,6190,6260,70
Truck357409,1338,2998,5680,6261,581
Truck357921,2436,1339,5820,6261,441
Truck358619,3121,2822,6015,6261,246
Truck359448,3122,0,6245,6261,16
Truck359492,2656,3331,6255,6261,6
Truck358476,3122,2998,5975,6262,287
Truck358514,2225,1338,5985,6262,277
Truck359031,2655,2821,6130,6262,132
Truck359072,2225,2999,6140,6262,122
Truck359188,2822,3239,6170,6262,92
Truck359260,2822,2998,6190,6262,72
Truck357426,0,1338,5685,6263,578
Truck358834,2999,3239,6075,6263,188
Truck358883,2998,2437,6085,6263,178
Truck359121,2655,3122,6155,6264,109
Truck358424,2225,2998,5960,6265,305
Truck358505,2998,1339,5980,6265,285
Truck358549,3238,2821,5995,6265,270
Truck359138,2437,3331,6160,6265,105
Truck357429,2655,1338,5685,6266,581
Truck359258,2656,2437,6190,6266,76
Truck359502,3122,1339,6260,6266,6
Truck358442,2225,0,5965,6267,302
Truck358452,0,2998,5970,6267,297
Truck359206,2822,3239,6175,6267,92
Truck359311,3331,2821,6205,6267,62
Truck358772,2656,3238,6055,6268,213
Truck358876,1339,2656,6085,6268,183
Truck358897,3331,3122,6090,6268,178
Truck358982,2225,2436,6115,6268,153
Truck358998,3122,3239,6120,6268,148
Truck357504,3122,1338,5705,6269,564
Truck358437,2655,2225,5965,6269,304
Truck358415,2998,3238,5955,6270,315
Truck358516,1339,2998,5985,6270,285
Truck358852,2999,2998,6080,6270,190
Truck358655,3121,2998,6025,6271,246
Truck359040,3239,2998,6130,6271,141
Truck357849,2436,2998,5800,6272,472
Truck359321,3121,2999,6210,6272,62
Truck358594,2822,3238,6005,6273,268
Truck358869,2655,2999,6085,6273,188
Truck359228,2437,3122,6185,6273,88
Truck357917,3121,1338,5820,6274,454
Truck358668,0,3121,6030,6274,244
Truck358788,3239,2224,6060,6274,214
Truck359085,2655,2822,6145,6274,129
Truck359297,2998,2224,6200,6274,74
Truck358455,2655,2225,5970,6275,305
Truck358593,2821,3238,6005,6275,270
Truck358838,2225,2437,6075,6275,200
Truck357517,1338,1339,5710,6276,566
Truck357903,2436,3331,5815,6276,461
Truck358541,2998,3122,5990,6276,286
Truck359174,2437,2822,6170,6276,106
Truck359294,2656,1338,6200,6276,76
Truck358673,3121,2656,6030,6277,247
Truck358915,3331,2224,6095,6277,182
Truck358612,2822,3238,6010,6278,268
Truck359030,2437,3238,6130,6278,148
Truck359192,2437,0,6175,6278,103
Truck358093,1338,2436,5870,6279,409
Truck358928,2225,3121,6100,6279,179
Truck359091,2436,2225,6145,6279,134
Truck359103,2655,2822,6150,6279,129
Truck359315,2998,2224,6205,6279,74
Truck357859,1338,2437,5805,6280,475
Truck358683,2821,0,6030,6280,250
Truck359116,2822,2999,6150,6280,130
Truck359329,3331,2437,6210,6280,70
Truck357535,1338,1339,5715,6281,566
Truck358679,2224,2436,6030,6281,251
Truck359193,2655,2437,6175,6281,106
Truck359312,2656,2437,6205,6281,76
Truck358931,2224,3331,6100,6282,182
Truck358933,3331,2224,6100,6282,182
Truck359115,2821,2437,6150,6282,132
Truck359254,1339,2437,6190,6282,92
Truck359256,3239,2822,6190,6282,92
Truck359357,3121,2999,6220,6282,62
Truck359385,2821,2656,6225,6282,57
Truck357337,1338,3238,5660,6283,623
Truck358488,0,2225,5980,6283,303
Truck358702,2822,0,6035,6283,248
Truck359089,3238,2655,6145,6283,138
Truck359207,2998,3331,6175,6283,108
Truck358728,3122,2822,6045,6284,239
Truck358902,0,3331,6095,6284,189
Truck359454,3239,2999,6245,6284,39
Truck358254,0,2224,5915,6285,370
Truck358475,3121,2436,5975,6285,310
Truck358496,2225,2655,5980,6285,305
Truck358732,1339,2821,6045,6285,240
Truck358906,2999,2822,6095,6285,190
Truck359210,2437,2821,6180,6285,105
Truck358709,3121,2998,6040,6286,246
Truck359074,1339,3239,6140,6286,146
Truck358604,2225,1338,6010,6287,277
Truck359402,2656,2821,6230,6287,57
Truck358973,2998,2437,6110,6288,178
Truck359070,3122,3239,6140,6288,148
Truck359374,2999,3121,6225,6288,63
Truck358924,2999,2224,6100,6289,189
Truck359472,3239,1338,6250,6289,39
Truck357519,2655,1338,5710,6290,580
Truck358647,2821,3238,6020,6290,270
Truck357571,1338,1339,5725,6291,566
Truck357957,2436,2656,5830,6291,461
Truck359348,2656,1338,6215,6291,76
Truck359592,3122,1339,6285,6291,6
Truck359600,2656,3331,6285,6291,6
Truck358542,0,2998,5995,6292,297
Truck359151,2821,3121,6160,6292,132
Truck358584,3122,2225,6005,6293,288
Truck358666,2822,3238,6025,6293,268
Truck358745,3121,0,6050,6293,243
Truck359481,2655,3239,6255,6293,38
Truck358225,3238,2224,5905,6294,389
Truck358942,2999,2822,6105,6294,189
Truck359363,2224,2822,6220,6294,74
Truck358532,2225,2656,5990,6295,305
Truck358606,1339,2998,6010,6295,285
Truck358737,2821,0,6045,6295,250
Truck358996,2999,1339,6120,6295,175
Truck359383,3331,2655,6225,6295,70
Truck357939,2436,2821,5825,6296,471
Truck358577,2998,0,6000,6296,296
Truck359246,2437,3239,6190,6296,106
Truck358960,2999,3331,6110,6298,188
Truck358995,2655,2998,6120,6298,178
Truck359143,3238,2655,6160,6298,138
Truck359247,2655,1339,6190,6298,108
Truck358758,0,3121,6055,6299,244
Truck358792,2822,3122,6060,6299,239
Truck359431,3238,1339,6240,6299,59
Truck359508,3239,1338,6260,6299,39
Truck358763,3121,3331,6055,6300,245
Truck358816,2999,3238,6070,6301,231
Truck359264,2437,2224,6195,6301,106
Truck358620,3122,2998,6015,6302,287
Truck359272,1339,2655,6195,6303,108
Truck358568,2225,2656,6000,6304,304
Truck359015,3121,2225,6125,6304,179
Truck358373,2224,3122,5945,6305,360
Truck358978,2999,2224,6115,6305,190
Truck358761,2655,2224,6055,6306,251
Truck358769,2224,2437,6055,6306,251
Truck359282,2437,3331,6200,6306,106
Truck358586,2225,0,6005,6307,302
Truck359205,2821,1338,6175,6307,132
Truck359283,2655,2437,6200,6307,107
Truck359565,2821,2822,6275,6307,32
Truck357975,2436,2822,5835,6308,473
Truck358776,0,2822,6060,6308,248
Truck358853,3121,3122,6080,6308,228
Truck358916,2656,3238,6095,6308,213
Truck359417,2224,2822,6235,6309,74
Truck357589,1338,3331,5730,6310,580
Truck358101,2436,1339,5870,6310,440
Truck358138,1339,2436,5880,6310,430
Truck358667,2998,1339,6025,6310,285
Truck359224,2822,3121,6180,6310,130
Truck359259,2821,2224,6190,6310,120
Truck359437,3331,2436,6240,6310,70
Truck359300,2437,2656,6205,6311,106
Truck359420,2656,3121,6235,6311,76
Truck358441,3238,2225,5965,6312,347
Truck358490,2437,2436,5980,6312,332
Truck359248,2999,2225,6190,6312,122
Truck359583,2821,2822,6280,6312,32
Truck357445,1338,3238,5690,6313,623
Truck358934,2656,3238,6100,6313,213
Truck359063,2998,2655,6135,6313,178
Truck359553,2655,3239,6275,6313,38
Truck359584,2822,2821,6280,6313,33
Truck359006,2656,0,6120,6314,194
Truck359014,2999,2655,6125,6314,189
Truck359145,2436,2225,6160,6314,154
Truck359376,3122,2437,6225,6314,89
Truck359562,3239,2655,6275,6314,39
Truck359686,1339,3122,6310,6314,4
Truck359242,2822,2999,6185,6315,130
Truck359455,3331,2437,6245,6315,70
Truck359318,2437,2656,6210,6316,106
Truck358011,2436,2224,5845,6317,472
Truck358276,2999,1338,5920,6317,397
Truck359059,3331,2224,6135,6317,182
Truck359148,3239,0,6160,6317,157
Truck359241,2821,2225,6185,6317,132
Truck358029,2436,2822,5850,6318,468
Truck358674,3122,2225,6030,6318,288
Truck358835,3121,0,6075,6318,243
Truck358949,2224,3239,6105,6318,213
Truck359136,0,3239,6160,6318,158
Truck359211,2655,3238,6180,6318,138
Truck359334,0,2437,6215,6318,103
Truck358047,2436,2655,5855,6319,464
Truck359032,2999,2224,6130,6319,189
Truck359453,2224,2998,6245,6319,74
Truck359580,3239,2655,6280,6319,39
Truck357625,1338,2822,5740,6320,580
Truck359280,0,2655,6200,6320,120
Truck358583,3121,2436,6005,6321,316
Truck358823,2224,2655,6070,6321,251
Truck359336,2437,2821,6215,6321,106
Truck359456,2656,1338,6245,6321,76
Truck359512,2822,3331,6260,6321,61
Truck358650,0,2998,6025,6322,297
Truck359094,3239,3238,6145,6322,177
Truck359476,2822,2224,6250,6322,72
Truck359092,1339,3331,6145,6323,178
Truck359347,3331,2998,6215,6323,108
Truck357643,1338,3331,5745,6324,579
Truck358640,2225,2821,6020,6324,304
Truck359265,2655,2822,6195,6324,129
Truck359337,2655,3122,6215,6324,109
Truck359412,3122,2437,6235,6324,89
Truck359722,1339,3122,6320,6324,4
Truck359354,2437,2822,6220,6325,105
Truck359491,3331,2999,6255,6325,70
Truck359114,2656,2224,6150,6326,176
Truck359218,1339,3239,6180,6326,146
Truck359474,2656,2437,6250,6326,76
Truck359277,2821,2225,6195,6327,132
Truck358637,3121,2436,6020,6328,308
Truck359113,3331,3122,6150,6328,178
Truck359220,3239,3122,6180,6328,148
Truck359365,3331,2998,6220,6328,108
Truck359634,3239,3331,6295,6328,33
Truck359355,2655,3122,6220,6329,109
Truck358083,2436,2224,5865,6330,465
Truck358621,3238,2998,6015,6330,315
Truck358658,2225,3331,6025,6330,305
Truck359372,2437,3239,6225,6330,105
Truck359601,2821,2998,6285,6331,46
Truck359694,0,3122,6315,6331,16
Truck359736,3122,1339,6325,6331,6
Truck358327,1338,2999,5935,6332,397
Truck358330,2999,1338,5935,6332,397
Truck358766,2225,1338,6055,6332,277
Truck358801,3238,2822,6065,6332,267
Truck359111,2224,3331,6150,6332,182
Truck359545,3331,2821,6270,6332,62
Truck358173,2436,1338,5890,6333,443
Truck359135,2998,3121,6155,6333,178
Truck358129,1338,3121,5880,6334,454
Truck358445,2224,0,5965,6334,369
Truck358908,3122,2822,6095,6334,239
Truck358918,2822,3122,6095,6334,239
Truck359086,2999,3331,6145,6334,189
Truck359373,2655,3122,6225,6334,109
Truck359560,1339,3238,6275,6334,59
Truck357679,1338,2224,5755,6335,580
Truck358671,2655,2225,6030,6335,305
Truck359314,2822,3121,6205,6335,130
Truck359390,2437,2822,6230,6335,105
Truck359527,3331,1338,6265,6335,70
Truck358119,2436,2821,5875,6336,461
Truck359100,0,2999,6150,6336,186
Truck359104,2999,0,6150,6336,186
Truck359762,2656,3331,6330,6336,6
Truck359730,0,1339,6325,6337,12
Truck358009,3238,2436,5845,6338,493
Truck359035,3238,3331,6130,6338,208
Truck359128,1339,2656,6155,6338,183
Truck359652,3239,3121,6300,6339,39
Truck359332,2822,2437,6210,6340,130
Truck357751,1338,1339,5775,6341,566
Truck358895,2224,2437,6090,6341,251
Truck359161,3238,3239,6165,6341,176
Truck359528,2656,2655,6265,6341,76
Truck359780,2656,3331,6335,6341,6
Truck357760,1339,1338,5775,6342,567
Truck359166,3239,3238,6165,6342,177
Truck358209,2436,2656,5900,6343,443
Truck358764,3122,2225,6055,6343,288
Truck358979,3121,3122,6115,6343,228
Truck359269,3238,2437,6195,6343,148
Truck359424,0,2437,6240,6343,103
Truck359661,2655,3239,6305,6343,38
Truck358137,2436,2998,5880,6344,464
Truck358944,3122,2822,6105,6344,239
Truck359122,2999,2822,6155,6344,189
Truck359409,2655,3122,6235,6344,109
Truck359475,2821,3239,6250,6344,94
Truck358712,2225,2224,6040,6345,305
Truck359350,2822,2655,6215,6345,130
Truck359563,3331,2655,6275,6345,70
Truck357715,1338,2998,5765,6346,581
Truck358813,1338,2225,6070,6346,276
Truck358913,2224,2655,6095,6346,251
Truck359183,2224,2656,6170,6346,176
Truck359546,2656,3121,6270,6346,76
Truck359602,2822,3331,6285,6346,61
Truck357733,1338,0,5770,6347,577
Truck358925,3121,2821,6100,6347,247
Truck358984,1339,3121,6115,6347,232
Truck359184,3239,3238,6170,6347,177
Truck359349,2821,2999,6215,6347,132
Truck359480,2437,1339,6255,6347,92
Truck359566,2822,2224,6275,6347,72
Truck359591,3121,2999,6285,6347,62
Truck359707,3331,3239,6315,6347,32
Truck358263,2436,2822,5915,6348,433
Truck358783,3238,3121,6060,6348,288
Truck359253,2436,2225,6190,6348,158
Truck359444,2437,0,6245,6348,103
Truck359140,2999,2224,6160,6349,189
Truck359688,3239,1338,6310,6349,39
Truck358227,2436,1338,5905,6350,445
Truck359368,2822,3121,6220,6350,130
Truck359399,2224,2821,6230,6350,120
Truck359581,3331,2655,6280,6350,70
Truck359564,2656,3121,6275,6351,76
Truck359675,2998,2821,6305,6351,46
Truck359808,3122,1339,6345,6351,6
Truck359816,2656,3331,6345,6351,6
Truck358402,2999,1338,5955,6352,397
Truck358748,2225,0,6050,6352,302
Truck358943,3121,2224,6105,6352,247
Truck359185,3331,2224,6170,6352,182
Truck359367,2821,1338,6220,6352,132
Truck359609,3121,2999,6290,6352,62
Truck359794,1339,0,6340,6352,12
Truck358938,0,2822,6105,6353,248
Truck359075,2224,3239,6140,6353,213
Truck359078,2656,3238,6140,6353,213
Truck359158,2999,2821,6165,6353,188
Truck359460,0,2437,6250,6353,103
Truck359516,2437,3122,6265,6353,88
Truck358335,2436,1338,5935,6354,419
Truck359706,3239,2437,6315,6354,39
Truck358131,2655,2436,5880,6355,475
Truck359017,3238,2999,6125,6355,230
Truck359599,3331,2655,6285,6355,70
Truck358829,2998,3122,6070,6356,286
Truck358941,2655,2224,6105,6356,251
Truck359339,3121,2437,6215,6356,141
Truck359582,2656,3121,6280,6356,76
Truck359586,0,3238,6285,6356,71
Truck359833,3331,2656,6350,6356,6
Truck357769,1338,0,5780,6357,577
Truck358299,2436,1338,5925,6357,432
Truck358961,3121,2655,6110,6357,247
Truck359628,3122,3238,6295,6357,62
Truck357823,1338,3122,5795,6358,563
Truck358192,1339,2436,5895,6358,463
Truck359176,2999,2998,6170,6358,188
Truck359008,2822,3122,6120,6359,239
Truck359672,2656,2822,6305,6359,54
Truck359724,3239,1338,6320,6359,39
Truck358350,3122,2436,5940,6360,420
Truck359404,2822,2999,6230,6360,130
Truck359194,2999,0,6175,6361,186
Truck359802,0,3122,6345,6361,16
Truck357832,1339,1338,5795,6362,567
Truck358622,2225,3238,6015,6362,347
Truck358836,3122,2998,6075,6362,287
Truck359033,3121,1339,6130,6362,232
Truck359250,3122,2999,6190,6362,172
Truck359310,3239,0,6205,6362,157
Truck359391,2655,2821,6230,6362,132
Truck359403,2821,3121,6230,6362,132
Truck359544,3239,2822,6270,6362,92
Truck358317,2436,1339,5930,6363,433
Truck358589,2224,1339,6005,6363,358
Truck359107,3238,2656,6150,6363,213
Truck359222,2656,1339,6180,6363,183
Truck359744,2656,3239,6325,6363,38
Truck357787,1338,2655,5785,6364,579
Truck358237,1338,3121,5910,6364,454
Truck359615,2224,2998,6290,6364,74
Truck359742,3239,2999,6325,6364,39
Truck358977,2655,2224,6115,6366,251
Truck359038,1339,2822,6130,6366,236
Truck359324,2225,2436,6210,6366,156
Truck359421,2821,2655,6235,6367,132
Truck359751,2655,3239,6330,6368,38
Truck357805,1338,2655,5790,6369,579
Truck358371,2436,1338,5945,6369,424
Truck359208,0,3331,6180,6369,189
Truck359212,2999,2822,6180,6369,189
Truck359240,2656,3122,6185,6369,184
Truck358607,2224,3122,6010,6370,360
Truck359440,2822,2655,6240,6370,130
Truck359653,3331,3121,6300,6370,70
Truck357807,2655,1338,5790,6371,581
Truck358802,2225,3239,6065,6371,306
Truck359380,1339,3239,6225,6371,146
Truck359636,2656,2436,6295,6371,76
Truck359844,3122,0,6355,6371,16
Truck358474,2999,1338,5975,6372,397
Truck359013,2655,3121,6125,6372,247
Truck359439,2821,1338,6240,6372,132
Truck359866,1339,0,6360,6372,12
Truck358189,3238,2436,5895,6373,478
Truck358871,3121,3238,6085,6373,288
Truck359534,2437,0,6270,6373,103
Truck359608,2999,2437,6290,6374,84
Truck359778,3239,2225,6335,6374,39
Truck358353,2436,2822,5940,6375,435
Truck358820,2225,2821,6070,6375,305
Truck358894,1339,2998,6090,6375,285
Truck359056,1339,2821,6135,6375,240
Truck359458,2822,2437,6245,6375,130
Truck359671,3331,2655,6305,6375,70
Truck357877,1338,1339,5810,6376,566
Truck358218,0,2436,5905,6376,471
Truck359021,2224,3121,6125,6376,251
Truck359291,2224,2656,6200,6376,176
Truck359408,2437,3121,6235,6376,141
Truck359411,3121,2437,6235,6376,141
Truck359710,2822,3331,6315,6376,61
Truck357825,2655,1338,5795,6377,582
Truck359364,3239,0,6220,6377,157
Truck359674,2822,2224,6305,6377,72
Truck359700,3122,3238,6315,6377,62
Truck359884,1339,0,6365,6377,12
Truck359542,1339,2655,6270,6378,108
Truck357841,1338,2656,5800,6379,579
Truck359244,0,3331,6190,6379,189
Truck359719,3238,1339,6320,6379,59
Truck359037,2436,2999,6130,6380,250
Truck359043,2821,0,6130,6380,250
Truck359051,3121,2655,6135,6380,245
Truck359302,2999,1339,6205,6380,175
Truck359441,2998,3239,6240,6380,140
Truck359496,0,2655,6260,6380,120
Truck359511,2821,2224,6260,6380,120
Truck359552,2437,2224,6275,6381,106
Truck359728,2822,3331,6320,6381,61
Truck359781,2821,2998,6335,6381,46
Truck359098,2822,1339,6145,6382,237
Truck359382,3239,0,6225,6382,157
Truck359463,2655,2821,6250,6382,132
Truck359835,2821,2822,6350,6382,32
Truck357697,1338,3238,5760,6383,623
Truck359123,3121,3122,6155,6383,228
Truck359197,3238,3331,6175,6383,208
Truck359413,3238,2437,6235,6383,148
Truck359814,3239,2656,6345,6383,38
Truck358313,3121,1338,5930,6384,454
Truck358856,2225,2224,6080,6384,304
Truck359266,2999,3331,6195,6384,189
Truck359326,1339,2999,6210,6384,174
Truck359737,3238,1339,6325,6384,59
Truck358239,2655,2436,5910,6385,475
Truck358819,3238,2998,6070,6385,315
Truck359069,3121,2822,6140,6385,245
Truck359494,2822,1338,6255,6385,130
Truck359570,2437,2998,6280,6385,105
Truck358901,2998,0,6090,6386,296
Truck359323,3238,3239,6210,6386,176
Truck359892,0,3122,6370,6386,16
Truck359328,3239,3238,6210,6387,177
Truck359518,2999,2225,6265,6387,122
Truck358926,3122,2225,6100,6388,288
Truck359204,2656,3238,6175,6388,213
Truck359284,2999,2822,6200,6388,188
Truck359333,2998,1338,6210,6388,178
Truck359426,2437,3238,6240,6388,148
Truck359832,3239,2437,6350,6389,39
Truck358874,2225,3239,6085,6390,305
Truck359304,3122,2656,6205,6390,185
Truck359322,3122,3331,6210,6390,180
Truck358256,2437,1338,5915,6391,476
Truck359589,2655,2437,6285,6391,106
Truck359708,2656,2999,6315,6391,76
Truck359959,3331,2656,6385,6391,6
Truck358892,2225,0,6090,6392,302
Truck359540,2225,2999,6270,6392,122
Truck359656,2822,3239,6300,6392,92
Truck358697,2224,1339,6035,6393,358
Truck359344,1339,3331,6215,6393,178
Truck359449,3238,2437,6245,6393,148
Truck359621,2998,2656,6290,6393,103
Truck359678,2437,2999,6310,6393,83
Truck357895,1338,2224,5815,6394,579
Truck359776,1339,3238,6335,6394,59
Truck359779,3331,2822,6335,6394,59
Truck359850,3239,3121,6355,6394,39
Truck358281,2436,3238,5920,6395,475
Truck358966,1339,2998,6110,6395,285
Truck359105,3121,2224,6150,6395,245
Truck359606,2437,3239,6290,6395,105
Truck359743,3331,2225,6325,6395,70
Truck359093,2224,2999,6145,6396,251
Truck359366,2656,2224,6220,6396,176
Truck359607,2655,2437,6290,6396,106
Truck359726,2656,2225,6320,6396,76
Truck358910,2225,0,6095,6397,302
Truck359529,2821,2225,6265,6397,132
Truck359946,0,1339,6385,6397,12
Truck358344,0,2436,5940,6398,458
Truck358425,2436,1339,5960,6398,438
Truck359369,2998,1338,6220,6398,178
Truck359859,2655,3239,6360,6398,38
Truck359868,3239,2656,6360,6398,38
Truck359890,2822,2821,6365,6398,33
Truck358462,1339,2436,5970,6399,429
Truck359320,2999,2822,6210,6399,189
Truck359298,0,2656,6205,6400,195
Truck359513,2998,3239,6260,6400,140
Truck359548,2822,2999,6270,6400,130
Truck359625,2655,2437,6295,6400,105
Truck359761,3331,2655,6330,6400,70
Truck357915,2655,1338,5820,6401,581
Truck359624,2437,2822,6295,6401,106
Truck358443,2436,2655,5965,6402,437
Truck359535,2655,2821,6270,6402,132
Truck359547,2821,3121,6270,6402,132
Truck357985,1338,3122,5840,6403,563
Truck359387,2998,1338,6225,6403,178
Truck359485,3238,2437,6255,6403,148
Truck359635,3331,2998,6295,6403,108
Truck358889,3121,2436,6090,6404,314
Truck359834,2656,2822,6350,6404,54
Truck357931,1338,2655,5825,6405,580
Truck359129,2224,1338,6155,6406,251
Truck359970,3122,0,6390,6406,16
Truck359200,1339,3121,6175,6407,232
Truck359400,3239,3238,6230,6407,177
Truck359923,3331,3239,6375,6407,32
Truck358461,2436,2656,5970,6408,438
Truck359152,2822,0,6160,6408,248
Truck359356,2999,3239,6220,6408,188
Truck359405,2998,2437,6230,6408,178
Truck358422,3122,2436,5960,6409,449
Truck358715,2224,0,6040,6409,369
Truck358946,2225,3239,6105,6409,304
Truck359178,3122,2822,6170,6409,239
Truck359274,3239,2224,6195,6409,214
Truck359416,1339,2999,6235,6409,174
Truck359827,3238,1339,6350,6409,59
Truck357949,1338,2998,5830,6410,580
Truck359079,2821,3238,6140,6410,270
Truck359660,2437,2656,6305,6410,105
Truck358991,2998,0,6115,6411,296
Truck359147,2224,2225,6160,6411,251
Truck359370,0,2999,6225,6411,186
Truck359524,1339,3239,6265,6411,146
Truck359401,3331,2224,6230,6412,182
Truck359418,3239,3238,6235,6412,177
Truck358473,2655,2436,5975,6413,438
Truck359419,3331,3122,6235,6413,178
Truck358964,2225,2656,6110,6414,304
Truck359172,0,3121,6170,6414,244
Truck359414,2225,3121,6235,6414,179
Truck359922,3239,3121,6375,6414,39
Truck359622,0,2655,6295,6415,120
Truck358021,1338,1339,5850,6416,566
Truck358416,0,2436,5960,6416,456
Truck359175,2655,3121,6170,6416,246
Truck359438,2656,2224,6240,6416,176
Truck359798,2656,3121,6340,6416,76
Truck358636,2999,1338,6020,6417,397
Truck358992,0,2998,6120,6417,297
Truck358515,2436,2998,5985,6418,433
Truck358787,2224,1339,6060,6418,358
Truck359392,2999,2822,6230,6418,188
Truck358044,3122,1338,5855,6419,564
Truck358439,3121,1338,5965,6419,454
Truck359813,2224,2822,6345,6419,74
Truck359940,3239,1338,6380,6419,39
Truck359195,3121,2821,6175,6420,245
Truck359620,2822,2655,6290,6420,130
Truck359696,2437,3331,6315,6420,105
Truck358364,2437,1338,5945,6421,476
Truck358389,2436,2998,5950,6421,471
Truck358782,3122,2224,6060,6421,361
Truck359619,2821,2655,6290,6422,132
Truck359764,2822,3239,6330,6422,92
Truck359862,3122,3238,6360,6422,62
Truck359327,2224,3239,6210,6423,213
Truck359330,2656,3238,6210,6423,213
Truck359711,2998,3331,6315,6423,108
Truck359958,3239,2656,6385,6423,38
Truck358003,1338,2821,5845,6424,579
Truck358457,3121,1338,5970,6424,454
Truck358533,2436,2822,5990,6424,434
Truck359410,2999,2224,6235,6424,189
Truck359831,2224,2998,6350,6424,74
Truck359887,3331,2822,6365,6424,59
Truck358805,2224,3122,6065,6425,360
Truck359000,2225,3239,6120,6425,305
Truck359213,3121,3239,6180,6425,245
Truck359603,2998,3239,6285,6425,140
Truck359714,2437,2998,6320,6425,105
Truck359851,3331,3121,6355,6425,70
Truck359598,3239,2998,6285,6426,141
Truck358479,2436,3239,5975,6427,452
Truck358672,2999,1338,6030,6427,397
Truck358855,3238,2225,6080,6427,347
Truck359232,3122,2821,6185,6427,242
Truck359637,2821,1338,6295,6427,132
Truck359889,2821,3331,6365,6427,62
Truck359477,2998,2437,6250,6428,178
Truck358711,3238,2224,6040,6429,389
Truck359018,2225,2224,6125,6429,304
Truck359346,3239,2224,6215,6429,214
Truck359428,2999,2821,6240,6429,189
Truck359715,2655,3122,6320,6429,109
Truck359790,3122,2437,6340,6429,89
Truck358407,2436,2821,5955,6430,475
Truck359406,0,2656,6235,6430,195
Truck359691,2821,2224,6310,6430,120
Truck359869,3331,2655,6360,6430,70
Truck358818,3122,2224,6070,6431,361
Truck359219,2224,2225,6180,6431,251
Truck359231,3121,2224,6185,6431,246
Truck359852,2656,2655,6355,6431,76
Truck360060,3122,0,6415,6431,16
Truck359046,0,2998,6135,6432,297
Truck359126,2225,1338,6155,6432,277
Truck359490,3239,3238,6255,6432,177
Truck359643,2655,2821,6300,6432,132
Truck359655,2821,2999,6300,6432,132
Truck359680,2999,2225,6310,6432,122
Truck359924,2656,2821,6375,6432,57
Truck359087,3121,3238,6145,6433,288
Truck359446,2999,2822,6245,6433,188
Truck359495,2998,1338,6255,6433,178
Truck358039,1338,2821,5855,6434,579
Truck358098,3122,1338,5870,6434,564
Truck358588,1339,2436,6005,6435,430
Truck358794,0,2224,6065,6435,370
Truck359009,2998,3238,6120,6435,315
Truck359036,2225,2998,6130,6435,305
Truck359226,0,2821,6185,6436,251
Truck359616,3239,1339,6290,6436,146
Truck359926,2822,3331,6375,6436,61
Truck359106,3122,2998,6150,6437,287
Truck359673,2821,2436,6305,6437,132
Truck359750,2437,2998,6330,6437,107
Truck359812,1339,2437,6345,6437,92
Truck359818,2822,3239,6345,6437,92
Truck359943,2821,2656,6380,6437,57
Truck360100,1339,0,6425,6437,12
Truck358111,1338,3122,5875,6438,563
Truck359473,3331,0,6250,6438,188
Truck359054,2225,2821,6135,6439,304
Truck358315,3238,2436,5930,6440,510
Truck359290,1339,2821,6200,6440,240
Truck359692,2822,2437,6310,6440,130
Truck359712,0,2655,6320,6440,120
Truck358057,1338,2998,5860,6441,581
Truck359255,2224,2437,6190,6441,251
Truck359536,2999,3122,6270,6441,171
Truck359768,2437,2655,6335,6441,106
Truck358497,2436,2822,5980,6442,462
Truck359509,3331,2224,6260,6442,182
Truck359830,1339,2437,6350,6442,92
Truck357913,1338,3238,5820,6443,623
Truck358877,2224,1339,6085,6443,358
Truck359125,3238,3121,6155,6443,288
Truck359285,3121,0,6200,6443,243
Truck359395,3238,2656,6230,6443,213
Truck359531,2998,2655,6265,6443,178
Truck360048,3239,3331,6410,6443,33
Truck358530,3122,2436,5990,6444,454
Truck359313,2821,1339,6205,6444,239
Truck359482,2999,2224,6255,6444,189
Truck359510,2656,3122,6260,6444,184
Truck358075,1338,2821,5865,6445,580
Truck359895,2655,2656,6370,6445,75
Truck359153,2998,3122,6160,6446,286
Truck359273,2224,2436,6195,6446,251
Truck359338,2999,3238,6215,6446,231
Truck359786,2437,2998,6340,6446,106
Truck360108,0,3122,6430,6446,16
Truck359055,2436,3121,6135,6447,312
Truck359709,2821,2999,6315,6447,132
Truck358092,0,1338,5870,6448,578
Truck358551,2436,3331,5995,6448,453
Truck358605,2436,2998,6010,6448,438
Truck359141,3121,3238,6160,6448,288
Truck359499,2655,2999,6260,6448,188
Truck359549,2998,2437,6270,6448,178
Truck359801,2998,3331,6340,6448,108
Truck360050,2656,3239,6410,6448,38
Truck359090,2225,2821,6145,6449,304
Truck359787,2655,3122,6340,6449,109
Truck359921,2224,2998,6375,6449,74
Truck359303,3121,2656,6205,6450,245
Truck359331,2821,3122,6210,6450,240
Truck359804,2437,2821,6345,6450,105
Truck359681,3121,2437,6310,6451,141
Truck358156,1339,1338,5885,6452,567
Truck359727,2821,2436,6320,6452,132
Truck358677,2436,1338,6030,6453,423
Truck359435,2224,3239,6240,6453,213
Truck359567,2998,2437,6275,6453,178
Truck359436,3239,2224,6240,6454,214
Truck359871,2821,3239,6360,6454,94
Truck359939,2224,2998,6380,6454,74
Truck358489,1338,2437,5980,6455,475
Truck358660,1339,2436,6025,6455,430
Truck358866,0,2224,6085,6455,370
Truck359081,2998,3238,6140,6455,315
Truck359108,2225,2656,6150,6455,305
Truck359746,2822,2225,6325,6455,130
Truck359309,2224,2999,6205,6456,251
Truck359822,2437,3239,6350,6456,106
Truck359942,2656,2436,6380,6456,76
Truck360193,3331,2656,6450,6456,6
Truck358963,3238,2225,6110,6457,347
Truck359340,3122,2821,6215,6457,242
Truck359745,2821,2436,6325,6457,132
Truck359876,2437,1339,6365,6457,92
Truck359987,3121,2999,6395,6457,62
Truck360162,0,1339,6445,6457,12
Truck359019,2436,3121,6125,6458,333
Truck359177,3121,3238,6170,6458,288
Truck360084,3239,2655,6420,6459,39
Truck359498,2437,2225,6260,6460,200
Truck359886,3239,2821,6365,6460,95
Truck359171,2998,0,6165,6461,296
Truck359182,1339,2225,6170,6461,291
Truck359227,1338,2225,6185,6461,276
Truck359840,2437,2822,6355,6461,106
Truck359960,2656,2437,6385,6461,76
Truck359685,2436,2225,6310,6462,152
Truck359763,2821,2437,6330,6462,132
Truck359908,2822,3239,6370,6462,92
Truck359980,2822,2224,6390,6462,72
Truck359278,2822,3238,6195,6463,268
Truck359471,2224,3239,6250,6463,213
Truck359733,2655,3238,6325,6463,138
Truck359870,2656,2998,6360,6463,103
Truck360093,2655,3239,6425,6463,38
Truck358623,2436,3122,6015,6464,449
Truck358841,2224,3238,6075,6464,389
Truck358948,1339,2224,6105,6464,359
Truck359144,2225,2822,6160,6465,305
Truck359782,2822,3121,6335,6465,130
Truck359858,2437,2655,6360,6465,105
Truck359904,3239,2821,6370,6465,95
Truck359995,3331,2225,6395,6465,70
Truck358147,1338,2821,5885,6466,581
Truck358641,2436,2655,6020,6466,446
Truck359198,2225,1339,6175,6466,291
Truck359345,2224,2436,6215,6466,251
Truck359732,2437,3121,6325,6466,141
Truck359978,2656,2655,6390,6466,76
Truck359343,2436,2999,6215,6467,252
Truck359597,2224,3331,6285,6467,182
Truck359806,2999,2225,6345,6467,122
Truck360023,3121,2999,6405,6467,62
Truck360139,3331,3239,6435,6467,32
Truck359352,0,2822,6220,6468,248
Truck359571,2655,2999,6280,6468,188
Truck359676,0,3239,6310,6468,158
Truck359873,2998,3331,6360,6468,108
Truck358165,1338,3239,5890,6469,579
Truck358859,2224,3238,6080,6469,389
Truck359162,2225,3331,6165,6469,304
Truck359568,0,3331,6280,6469,189
Truck359572,2999,2656,6280,6469,189
Truck359950,2999,2437,6385,6469,84
Truck359157,2655,2225,6165,6470,305
Truck359550,0,2656,6275,6470,195
Truck359702,2225,2436,6315,6470,155
Truck360013,3331,3121,6400,6470,70
Truck359375,3121,2998,6225,6471,246
Truck359799,2821,2655,6340,6472,132
Truck359824,2999,2225,6350,6472,122
Truck360068,2656,2821,6415,6472,57
Truck359386,2822,0,6225,6473,248
Truck359614,1339,2656,6290,6473,183
Truck359639,2998,2436,6295,6473,178
Truck359894,2437,0,6370,6473,103
Truck359909,2998,2656,6370,6473,103
Truck358873,3238,2224,6085,6474,389
Truck359590,2999,2998,6285,6474,189
Truck359627,3121,2225,6295,6474,179
Truck359630,2225,3121,6295,6474,179
Truck358183,1338,2656,5895,6475,580
Truck359012,2437,2436,6125,6475,350
Truck359180,2225,2656,6170,6475,305
Truck359644,2999,1339,6300,6475,175
Truck360031,3331,2655,6405,6475,70
Truck359234,2225,1339,6185,6476,291
Truck359261,2998,3122,6190,6476,286
Truck359381,2224,2436,6225,6476,251
Truck360014,2656,2437,6400,6476,76
Truck360123,2821,2998,6430,6476,46
Truck359447,3121,1339,6245,6477,232
Truck358587,2436,2656,6005,6478,473
Truck359617,3331,0,6290,6478,188
Truck359657,2998,1338,6300,6478,178
Truck358967,2224,0,6110,6479,369
Truck359526,3239,2224,6265,6479,214
Truck359648,2225,3121,6300,6479,179
Truck359792,2225,2436,6340,6479,139
Truck358201,1338,2821,5900,6480,580
Truck359003,2224,3122,6120,6480,360
Truck360049,3331,2436,6410,6480,70
Truck359243,2998,0,6185,6481,296
Truck359912,2437,3331,6375,6481,106
Truck360032,2656,2436,6405,6481,76
Truck360276,3122,1339,6475,6481,6
Truck358264,1339,1338,5915,6482,567
Truck358870,2999,1338,6085,6482,397
Truck359306,2225,1338,6205,6482,277
Truck360252,0,1339,6470,6482,12
Truck358695,2436,1338,6035,6483,448
Truck359267,3121,3238,6195,6483,288
Truck359429,3121,0,6240,6483,243
Truck359626,2999,2998,6295,6483,188
Truck359772,3122,3239,6335,6483,148
Truck359913,2655,1339,6375,6483,108
Truck359984,2437,3122,6395,6483,88
Truck358985,2224,0,6115,6484,369
Truck360174,3239,2437,6445,6484,39
Truck358219,1338,2998,5905,6485,580
Truck359179,3238,2998,6170,6485,315
Truck359588,2437,2225,6285,6485,200
Truck359854,2822,3121,6355,6485,130
Truck360039,2655,2656,6410,6485,75
Truck360067,3331,2436,6415,6485,70
Truck359640,0,2999,6300,6486,186
Truck359930,2437,2655,6380,6486,106
Truck358888,2999,1338,6090,6487,397
Truck360103,3331,2821,6425,6487,62
Truck360270,0,1339,6475,6487,12
Truck358081,3238,1338,5865,6488,623
Truck359561,2224,3239,6275,6488,213
Truck359679,2655,2998,6310,6488,178
Truck359693,2998,2225,6310,6488,178
Truck359791,3238,2437,6340,6488,148
Truck359823,2655,3238,6350,6488,138
Truck359229,2655,2225,6185,6489,304
Truck358615,1338,2437,6015,6490,475
Truck359039,2224,3122,6130,6490,360
Truck359503,3238,2999,6260,6490,230
Truck360085,3331,2655,6420,6490,70
Truck358767,2436,0,6055,6491,436
Truck359689,3331,2224,6310,6492,182
Truck359690,2656,1339,6310,6493,183
Truck359766,0,3239,6335,6493,158
Truck360212,2656,3239,6455,6493,38
Truck359252,2225,2655,6190,6494,304
Truck359493,2821,1339,6255,6494,239
Truck359520,3122,3121,6265,6494,229
Truck359654,2656,0,6300,6494,194
Truck359662,2999,2822,6305,6494,189
Truck360158,2656,2822,6440,6494,54
Truck360210,3239,2225,6455,6494,39
Truck359010,0,2224,6125,6495,370
Truck360160,2822,2656,6440,6495,55
Truck358255,1338,2998,5915,6496,581
Truck359442,0,2821,6245,6496,251
Truck359445,2655,2224,6245,6496,251
Truck360086,2656,2225,6420,6496,76
Truck359966,2437,3331,6390,6497,107
Truck360034,2822,3239,6405,6497,92
Truck360131,3121,2999,6435,6497,62
Truck360306,0,1339,6485,6497,12
Truck358785,2436,1339,6060,6498,438
Truck359483,3121,0,6255,6498,243
Truck359729,2998,3121,6320,6498,178
Truck359826,3122,3239,6350,6498,148
Truck358332,3122,1338,5935,6499,564
Truck358659,2436,3331,6025,6499,474
Truck358731,2436,1339,6045,6499,454
Truck360228,3239,3121,6460,6499,39
Truck358273,1338,3331,5920,6501,581
Truck358275,2655,1338,5920,6501,581
Truck358652,2437,1338,6025,6501,476
Truck359270,2225,2998,6195,6501,306
Truck359351,2998,3122,6215,6501,286
Truck360104,2656,2655,6425,6501,76
Truck359537,3121,1339,6270,6502,232
Truck359422,2822,3238,6235,6503,268
Truck359501,3121,0,6260,6503,243
Truck359618,2656,3238,6290,6503,213
Truck359747,2998,3121,6325,6503,178
Truck358893,2436,1338,6090,6504,414
Truck358291,1338,2821,5925,6505,580
Truck359288,2225,3239,6200,6505,305
Truck359557,3238,2999,6275,6505,230
Truck359666,2225,2437,6305,6505,200
Truck359088,3122,2224,6145,6506,361
Truck359489,2224,1338,6255,6506,251
Truck360002,2437,2224,6400,6506,106
Truck358354,1339,1338,5940,6507,567
Truck359925,2821,3121,6375,6507,132
Truck359464,2999,2436,6250,6508,258
Truck359573,3121,3122,6280,6508,228
Truck359765,2998,2655,6330,6508,178
Truck358309,1338,2224,5930,6509,579
Truck360264,3239,2437,6470,6509,39
Truck359301,2655,2225,6205,6510,305
Truck359575,3238,2999,6280,6510,230
Truck359944,2822,2655,6380,6510,130
Truck359964,0,2655,6390,6510,120
Truck360157,3331,2437,6440,6510,70
Truck359362,1339,2225,6220,6511,291
Truck359519,3121,2998,6265,6511,246
Truck360251,2998,2821,6465,6511,46
Truck360342,0,3122,6495,6511,16
Truck360391,3331,2656,6505,6511,6
Truck358803,2436,2655,6065,6512,447
Truck360020,2437,2998,6405,6512,107
Truck358839,2436,2224,6075,6513,438
Truck359734,2999,2224,6325,6513,188
Truck359758,1339,2656,6330,6513,183
Truck360282,3239,2656,6475,6513,38
Truck360205,3238,1339,6455,6514,59
Truck359287,3238,2998,6200,6515,315
Truck359457,2821,3238,6245,6515,270
Truck359593,3238,2999,6285,6515,230
Truck359788,2999,1339,6340,6515,175
Truck359962,2822,2436,6385,6515,130
Truck360147,2655,2656,6440,6515,75
Truck360169,3238,0,6445,6515,70
Truck358857,2436,3239,6080,6516,436
Truck359163,2436,3121,6165,6516,351
Truck358749,2436,3239,6050,6517,467
Truck358821,2436,2224,6070,6517,447
Truck359596,1339,3121,6285,6517,232
Truck359796,3239,3238,6340,6517,177
Truck359797,3331,1339,6340,6517,177
Truck360092,2437,1339,6425,6517,92
Truck359249,3121,2436,6190,6518,328
Truck359752,2999,2822,6330,6518,188
Truck359899,3238,2437,6370,6518,148
Truck359931,2655,3238,6380,6518,138
Truck360128,2437,2999,6435,6518,83
Truck360318,3239,3331,6485,6518,33
Truck358345,1338,2655,5940,6519,579
Truck358795,1338,3121,6065,6519,454
Truck359670,3239,2224,6305,6519,214
Truck360173,2224,2822,6445,6519,74
Truck360424,1339,3122,6515,6519,4
Truck358713,2436,3238,6040,6520,480
Truck359342,2225,2655,6215,6520,305
Truck360183,2655,3331,6450,6520,70
Truck359532,0,2821,6270,6521,251
Truck359543,2224,1338,6270,6521,251
Truck360176,2656,2437,6445,6521,76
Truck358875,2436,2821,6085,6522,437
Truck359967,2655,2821,6390,6522,132
Truck360249,2821,2656,6465,6522,57
Truck359683,3238,2656,6310,6523,213
Truck359819,2998,2655,6345,6523,178
Truck359874,0,3239,6365,6523,158
Truck359917,3238,2437,6375,6523,148
Truck360071,2998,3331,6415,6523,108
Truck358363,1338,3239,5945,6524,579
Truck359360,2225,2656,6220,6524,304
Truck360241,3238,1339,6465,6524,59
Truck359998,2822,1338,6395,6525,130
Truck360211,3331,2225,6455,6525,70
Truck360074,2437,2822,6420,6526,106
Truck360194,2656,2437,6450,6526,76
Truck360250,2822,3331,6465,6526,61
Truck360446,2656,3331,6520,6526,6
Truck359216,2225,3238,6180,6527,347
Truck359378,2225,0,6225,6527,302
Truck359632,1339,3121,6295,6527,232
Truck360138,3239,2822,6435,6527,92
Truck358929,2436,3122,6100,6528,428
Truck359725,3331,3238,6320,6528,208
Truck359935,3238,2437,6380,6528,148
Truck360265,3331,2822,6470,6529,59
Truck360336,3239,2225,6490,6529,39
Truck358759,1338,2437,6055,6530,475
Truck360016,2822,2437,6400,6530,130
Truck358381,1338,3239,5950,6531,581
Truck359434,1339,2225,6240,6531,291
Truck359479,1338,2225,6255,6531,276
Truck359579,2224,2437,6280,6531,251
Truck360420,3122,0,6515,6531,16
Truck359396,2225,0,6230,6532,302
Truck360015,2821,2436,6400,6532,132
Truck359530,2822,3238,6265,6533,268
Truck359952,3122,3239,6385,6533,148
Truck358399,1338,2224,5955,6534,579
Truck360057,2655,0,6415,6534,119
Truck360280,1339,3238,6475,6534,59
Truck359154,0,2224,6165,6535,370
Truck360247,3331,2225,6465,6535,70
Truck358920,0,2436,6100,6536,436
Truck359452,1339,2225,6245,6536,291
Truck359497,1338,2225,6260,6536,276
Truck360110,2437,2998,6430,6536,106
Truck360033,2821,2225,6405,6537,132
Truck360285,2821,3331,6475,6537,62
Truck360302,2656,2821,6480,6537,57
Truck359465,3121,3238,6250,6538,288
Truck359976,3239,3122,6390,6538,148
Truck359646,3122,2822,6300,6539,239
Truck360111,2655,3122,6430,6539,109
Truck358417,1338,2821,5960,6540,580
Truck359377,3238,2998,6225,6540,315
Truck360052,2822,2225,6410,6540,130
Truck359214,3122,2224,6180,6541,361
Truck359459,2998,0,6245,6541,296
Truck359994,3239,1339,6395,6541,146
Truck360248,2656,2225,6465,6541,76
Truck359867,2224,3331,6360,6542,182
Truck360051,2821,2225,6410,6542,132
Truck360080,2225,2999,6420,6542,122
Truck360192,3239,2822,6450,6542,92
Truck360321,2821,2656,6485,6542,57
Truck358962,3122,2436,6110,6543,433
Truck360021,2655,3238,6405,6543,138
Truck358921,1338,2436,6100,6544,444
Truck359020,1339,2436,6125,6544,419
Truck359427,2655,2225,6240,6544,304
Truck359432,2225,2998,6240,6544,304
Truck359760,3239,2224,6330,6544,214
Truck359842,2999,2224,6355,6544,189
Truck358435,1338,3239,5965,6545,580
Truck360146,2437,2821,6440,6545,105
Truck360255,2655,2656,6470,6545,75
Truck359633,2224,2436,6295,6546,251
Truck360266,2656,2225,6470,6546,76
Truck359704,1339,3121,6315,6547,232
Truck359916,3122,2999,6375,6547,172
Truck360069,2821,3121,6415,6547,132
Truck360214,2822,3239,6455,6547,92
Truck360429,2821,2822,6515,6547,32
Truck359860,2999,2655,6360,6548,188
Truck359888,2656,1339,6365,6548,183
Truck358907,3121,1338,6095,6549,454
Truck359554,2999,2436,6275,6549,274
Truck359856,0,3331,6360,6549,189
Truck360075,2655,2822,6420,6549,129
Truck360334,1339,3238,6490,6549,59
Truck360408,3239,2225,6510,6549,39
Truck359423,2998,3238,6235,6550,315
Truck359880,3122,2656,6365,6550,185
Truck360053,2998,3239,6410,6550,140
Truck360301,3331,2437,6480,6550,70
Truck359450,2225,3331,6245,6551,306
Truck359506,1339,2225,6260,6551,291
Truck359651,2224,2999,6300,6551,251
Truck360038,2437,3121,6410,6551,141
Truck358911,2436,3239,6095,6552,457
Truck359468,2225,0,6250,6552,302
Truck359558,2225,1338,6275,6552,277
Truck359682,3122,2821,6310,6552,242
Truck360087,2821,2225,6420,6552,132
Truck359735,3121,3122,6325,6553,228
Truck359815,3331,3238,6345,6553,208
Truck359878,2999,2656,6365,6553,188
Truck359927,2998,2999,6375,6553,178
Truck360030,3239,3122,6405,6553,148
Truck359500,2999,2436,6260,6554,294
Truck359915,3121,2225,6375,6554,179
Truck360240,3122,2437,6465,6554,89
Truck360305,2998,2224,6480,6554,74
Truck358983,2436,2822,6115,6555,440
Truck360168,3122,2655,6445,6555,110
Truck359658,0,2821,6305,6556,251
Truck360059,3121,2437,6415,6556,141
Truck359073,2436,1338,6140,6557,417
Truck359486,2225,0,6255,6557,302
Truck359941,3331,1339,6380,6557,177
Truck360347,3121,2999,6495,6557,62
Truck359001,2436,1338,6120,6558,438
Truck359945,2998,3121,6380,6558,178
Truck360043,3238,2437,6410,6558,148
Truck360272,2437,2999,6475,6558,83
Truck359896,2999,3331,6370,6559,189
Truck360444,3239,2655,6520,6559,39
Truck359934,3122,3331,6380,6560,180
Truck360124,2822,2999,6430,6560,130
Truck360246,3239,2821,6465,6560,95
Truck360337,3331,2437,6490,6560,70
Truck359286,3122,2224,6200,6561,361
Truck359699,3121,2998,6315,6561,246
Truck360064,1339,3239,6415,6561,146
Truck360522,0,3122,6545,6561,16
Truck360148,2999,2225,6440,6562,122
Truck360200,2437,2998,6455,6562,107
Truck360340,2822,2224,6490,6562,72
Truck359638,2822,3238,6295,6563,268
Truck359717,3121,0,6320,6563,243
Truck360218,2437,0,6460,6563,103
Truck360201,2655,3122,6455,6564,109
Truck359029,1338,2436,6130,6565,435
Truck359262,0,2224,6195,6565,370
Truck359467,3238,2998,6250,6565,315
Truck359504,2225,2224,6260,6565,305
Truck359740,1339,2821,6325,6565,240
Truck359773,3238,2999,6335,6565,230
Truck360355,3331,1338,6495,6565,70
Truck359585,2998,3122,6280,6566,286
Truck359705,2224,1338,6315,6566,251
Truck359770,2999,3238,6335,6566,231
Truck360338,2656,2225,6490,6566,76
Truck359574,3122,2998,6280,6567,287
Truck359647,3238,2822,6300,6567,267
Truck360141,2821,2436,6435,6567,132
Truck358369,3238,1338,5945,6568,623
Truck359514,0,2225,6265,6568,303
Truck359981,2998,2436,6390,6568,178
Truck360308,2437,2999,6485,6568,83
Truck358965,2436,2224,6110,6569,459
Truck359932,2999,2656,6380,6569,189
Truck359972,2225,3121,6390,6569,179
Truck359992,1339,2999,6395,6569,174
Truck360310,2999,2437,6485,6569,84
Truck360403,3238,1339,6510,6569,59
Truck358525,1338,2998,5990,6570,580
Truck359522,2225,2998,6265,6570,305
Truck359703,2436,2999,6315,6570,255
Truck359986,2999,1339,6395,6570,175
Truck360236,2437,2822,6465,6570,105
Truck358579,1338,1339,6005,6571,566
Truck359578,1339,2225,6280,6571,291
Truck359723,2224,2436,6320,6571,251
Truck360102,3239,1339,6425,6571,146
Truck359191,1338,2999,6175,6572,397
Truck360006,3122,2999,6400,6572,172
Truck360066,3239,0,6415,6572,157
Truck360159,2821,2225,6440,6572,132
Truck360517,3331,3239,6540,6572,32
Truck360054,0,3239,6415,6573,158
Truck360328,2999,2437,6490,6574,84
Truck358543,1338,2822,5995,6575,580
Truck358545,2655,1338,5995,6575,580
Truck358947,2436,2998,6105,6575,470
Truck360178,2822,3121,6445,6575,130
Truck360385,3238,0,6505,6575,70
Truck360576,0,3122,6560,6576,16
Truck359753,3121,2822,6330,6577,247
Truck360012,3239,3238,6400,6577,177
Truck360177,2821,3121,6445,6577,132
Truck360202,2999,2225,6455,6577,122
Truck360254,2437,3239,6470,6577,107
Truck360419,3121,2999,6515,6577,62
Truck358560,0,1338,6000,6578,578
Truck358956,0,2436,6110,6578,468
Truck359610,3122,2225,6290,6578,288
Truck359649,2436,2999,6300,6578,278
Truck359905,3331,3238,6370,6578,208
Truck359968,2999,2224,6390,6578,188
Truck359977,3331,0,6390,6578,188
Truck359996,2656,1339,6395,6578,183
Truck360010,1339,3331,6400,6578,178
Truck360017,2998,1338,6400,6578,178
Truck360045,2436,2225,6410,6578,168
Truck360284,2656,2998,6475,6578,103
Truck360538,2822,2821,6545,6578,33
Truck358561,1338,2998,6000,6579,579
Truck359011,1338,3121,6125,6579,454
Truck359800,2822,3122,6340,6579,239
Truck358563,2655,1338,6000,6580,580
Truck360381,2655,2656,6505,6580,75
Truck360399,2655,3331,6510,6580,70
Truck358940,2437,1338,6105,6581,476
Truck359358,3122,2224,6220,6581,361
Truck359771,3121,2655,6335,6581,246
Truck360392,2656,2655,6505,6581,76
Truck358624,1339,1338,6015,6582,567
Truck359701,3238,2822,6315,6582,267
Truck360011,2224,3331,6400,6582,182
Truck358633,1338,3122,6020,6583,563
Truck359629,3238,3121,6295,6583,288
Truck359843,3121,3122,6355,6583,228
Truck359906,2656,3238,6370,6583,213
Truck359985,2655,2999,6395,6583,188
Truck360035,2998,3121,6405,6583,178
Truck360165,2655,3238,6445,6583,138
Truck358638,3122,1338,6020,6584,564
Truck359576,2225,2655,6280,6584,304
Truck360364,2999,2437,6500,6584,84
Truck359789,3121,2822,6340,6585,245
Truck359948,2437,2225,6385,6585,200
Truck360047,2224,2656,6410,6586,176
Truck360618,3122,0,6570,6586,16
Truck359604,0,2998,6290,6587,297
Truck360120,3239,0,6430,6587,157
Truck360213,2821,2655,6455,6587,132
Truck360242,2225,2999,6465,6587,122
Truck360290,2437,2224,6480,6587,107
Truck360354,3239,2822,6495,6587,92
Truck360430,2822,2998,6515,6587,72
Truck360482,2656,2821,6530,6587,57
Truck360571,3331,3239,6555,6587,32
Truck360573,2821,2822,6555,6587,32
Truck360004,2999,2656,6400,6589,189
Truck360357,2821,3239,6495,6589,94
Truck360366,3122,2437,6500,6589,89
Truck360552,3239,3121,6550,6589,39
Truck359594,2225,3239,6285,6590,305
Truck359668,1339,2998,6305,6590,285
Truck359807,3121,2655,6345,6590,245
Truck360232,2822,2999,6460,6590,130
Truck360435,2655,3331,6520,6590,70
Truck360502,2822,2656,6535,6590,55
Truck358597,1338,2821,6010,6591,581
Truck358976,2437,1338,6115,6591,476
Truck359541,2436,3121,6270,6591,321
Truck359784,0,2821,6340,6591,251
Truck360185,3121,2437,6450,6591,141
Truck360428,2656,1338,6515,6591,76
Truck359612,2225,0,6290,6592,302
Truck360231,2821,2436,6460,6592,132
Truck360260,2225,2999,6470,6592,122
Truck360370,1339,2437,6500,6592,92
Truck360448,2822,2224,6520,6592,72
Truck360481,3331,2821,6530,6592,62
Truck359663,3121,3238,6305,6593,288
Truck359146,1339,2436,6160,6594,434
Truck360022,2999,2656,6405,6594,189
Truck360570,3239,1338,6555,6594,39
Truck359881,3238,2999,6365,6595,230
Truck360042,3122,2656,6410,6595,185
Truck360463,3331,2999,6525,6595,70
Truck358669,1338,1339,6030,6596,566
Truck359721,2436,2999,6320,6596,276
Truck358927,3238,2436,6100,6597,497
Truck359281,1338,2999,6200,6597,397
Truck359825,3121,2656,6350,6597,247
Truck359872,2822,1339,6360,6597,237
Truck360666,0,1339,6585,6597,12
Truck358477,3238,1338,5975,6598,623
Truck358632,0,1338,6020,6598,578
Truck359109,2436,2224,6150,6598,448
Truck359836,2822,0,6350,6598,248
Truck360089,2998,2436,6420,6598,178
Truck359898,3122,3121,6370,6599,229
Truck360712,1339,3122,6595,6599,4
Truck359841,2655,3121,6355,6600,245
Truck360268,2822,2436,6470,6600,130
Truck360303,2821,2224,6480,6600,120
Truck360344,2437,2655,6495,6600,105
Truck360112,2999,3122,6430,6601,171
Truck360221,3121,2437,6460,6601,141
Truck360116,2225,2436,6430,6602,172
Truck360484,2822,2998,6530,6602,72
Truck360694,1339,0,6590,6602,12
Truck358495,3238,1338,5980,6603,623
Truck360107,2998,1338,6425,6603,178
Truck358651,1338,3331,6025,6604,579
Truck358710,3122,1338,6040,6604,564
Truck359341,3238,2224,6215,6604,389
Truck360098,2225,3121,6425,6604,179
Truck360730,1339,3122,6600,6604,4
Truck360286,2822,2655,6475,6605,130
Truck360499,3331,2999,6535,6605,70
Truck359849,2224,2999,6355,6606,251
Truck359861,3121,3331,6360,6606,246
Truck359698,2999,2436,6315,6607,292
Truck359756,2225,1338,6330,6607,277
Truck360535,3331,2821,6545,6607,62
Truck360702,0,1339,6595,6607,12
Truck358507,1338,3238,5985,6608,623
Truck359110,1339,2436,6150,6608,458
Truck360125,2998,2999,6430,6608,178
Truck360380,2437,0,6505,6608,103
Truck360395,2998,2656,6505,6608,103
Truck359462,2437,2436,6250,6609,359
Truck359907,2821,1339,6370,6609,239
Truck360076,2999,3239,6420,6609,189
Truck360136,1339,2999,6435,6609,174
Truck360327,2655,0,6490,6609,119
Truck359879,3121,2655,6365,6610,245
Truck360304,2822,2655,6480,6610,130
Truck360339,2821,2224,6490,6610,120
Truck360137,2224,2656,6435,6611,176
Truck360140,2656,2224,6435,6611,176
Truck360243,2436,2225,6465,6611,146
Truck360556,2822,3331,6550,6611,61
Truck360119,2224,3331,6430,6612,182
Truck360442,1339,2437,6520,6612,92
Truck360553,3331,2821,6550,6612,62
Truck360661,3331,3239,6580,6612,32
Truck359951,3121,3122,6385,6613,228
Truck360094,2999,2821,6425,6613,188
Truck360388,1339,2655,6505,6613,108
Truck359684,2225,3239,6310,6614,304
Truck360642,3239,2999,6575,6614,39
Truck359065,1338,2437,6140,6615,475
Truck359809,3238,2821,6345,6615,270
Truck359817,2821,3238,6345,6615,270
Truck360297,2436,2225,6480,6615,135
Truck360322,2822,3121,6485,6615,130
Truck360592,2822,2656,6560,6615,55
Truck359877,2655,2224,6365,6616,251
Truck360166,2999,3122,6445,6616,171
Truck360346,2999,2225,6495,6617,122
Truck360562,2999,3121,6555,6618,63
Truck360660,3239,2656,6580,6618,38
Truck358705,1338,2821,6040,6619,579
Truck359155,1338,3121,6165,6619,454
Truck360465,2821,3239,6525,6619,94
Truck360539,2998,2224,6545,6619,74
Truck359783,2998,1339,6335,6620,285
Truck359938,1339,2821,6380,6620,240
Truck360543,2655,3331,6550,6620,70
Truck359903,2224,2225,6370,6621,251
Truck360645,2821,2998,6575,6621,46
Truck359845,3238,2822,6355,6622,267
Truck359969,3121,1339,6390,6622,232
Truck360608,2656,2821,6565,6622,57
Truck360179,2998,1338,6445,6623,178
Truck359595,2436,2437,6285,6624,339
Truck359720,2225,3331,6320,6624,304
Truck359775,2436,2999,6335,6624,289
Truck360122,2656,0,6430,6624,194
Truck360190,1339,2999,6450,6624,174
Truck360508,2999,2437,6540,6624,84
Truck360557,2998,2224,6550,6624,74
Truck360604,1339,3238,6565,6624,59
Truck358723,1338,2821,6045,6625,580
Truck359525,2224,3122,6265,6625,360
Truck359853,2821,3238,6355,6625,270
Truck360378,0,2655,6505,6625,120
Truck358777,1338,1339,6060,6626,566
Truck359910,0,2821,6375,6626,251
Truck360554,2656,2437,6550,6626,76
Truck360663,2821,2998,6580,6626,46
Truck360762,3122,0,6610,6626,16
Truck360805,3331,2656,6620,6626,6
Truck358741,1338,0,6050,6627,577
Truck358786,1339,1338,6060,6627,567
Truck359199,2436,2655,6175,6627,452
Truck359748,0,2998,6330,6627,297
Truck360345,2655,2821,6495,6627,132
Truck360434,2437,2224,6520,6627,107
Truck358740,0,1338,6050,6628,578
Truck359127,2436,2655,6155,6628,473
Truck360300,3239,3122,6480,6628,148
Truck360449,2998,3331,6520,6628,108
Truck360464,2656,2998,6525,6628,103
Truck359217,2436,2822,6180,6629,449
Truck359289,2436,3122,6200,6629,429
Truck359507,2224,0,6260,6629,369
Truck360188,2225,3121,6450,6629,179
Truck360569,2224,2998,6555,6629,74
Truck360619,3238,1339,6570,6629,59
Truck360696,3239,2436,6590,6629,39
Truck359119,1338,2437,6155,6630,475
Truck359181,2436,2224,6170,6630,460
Truck359738,2225,2655,6325,6630,305
Truck360376,2822,2999,6500,6630,130
Truck360579,2655,3331,6560,6630,70
Truck359811,2436,2999,6345,6631,286
Truck360316,1339,3239,6485,6631,146
Truck360572,2656,2437,6555,6631,76
Truck360816,3122,1339,6625,6631,6
Truck360222,3122,2999,6460,6632,172
Truck360400,2999,2225,6510,6632,122
Truck360627,2821,3331,6570,6632,62
Truck360175,3331,0,6445,6633,188
Truck360208,1339,3331,6455,6633,178
Truck360215,2998,1338,6455,6633,178
Truck360519,2821,3239,6540,6634,94
Truck360587,2224,2998,6560,6634,74
Truck360593,2998,2224,6560,6634,74
Truck360640,1339,3238,6575,6634,59
Truck359997,2821,3122,6395,6635,240
Truck360394,2822,2225,6505,6635,130
Truck360470,2437,2656,6530,6635,105
Truck360607,3331,2225,6565,6635,70
Truck360664,2822,2656,6580,6635,55
Truck359810,2225,1339,6345,6636,291
Truck359949,2655,2224,6385,6636,251
Truck360227,2224,2656,6460,6636,176
Truck360590,2656,2437,6560,6636,76
Truck360792,0,3122,6620,6636,16
Truck359271,2436,1339,6195,6637,442
Truck360393,2821,2655,6505,6637,132
Truck360121,3331,3238,6430,6638,208
Truck360229,3331,3122,6460,6638,178
Truck360326,2437,3238,6490,6638,148
Truck360330,3122,3239,6490,6638,148
Truck359774,2225,2822,6335,6640,305
Truck359848,1339,2998,6355,6640,285
Truck359979,2821,0,6390,6640,250
Truck360412,2822,2437,6510,6640,130
Truck360432,0,2655,6520,6640,120
Truck359156,2437,1338,6165,6641,476
Truck359855,2998,3122,6355,6641,286
Truck360352,1339,3239,6495,6641,146
Truck360372,3239,2998,6500,6641,141
Truck360860,2656,3331,6635,6641,6
Truck359901,2436,2999,6370,6642,272
Truck360314,2225,2436,6485,6642,157
Truck360411,2821,1338,6510,6642,132
Truck360518,2656,2998,6540,6643,103
Truck360560,2437,3122,6555,6643,88
Truck360741,2655,3239,6605,6643,38
Truck359847,2436,2999,6355,6644,289
Truck360024,3122,2822,6405,6644,239
Truck360453,2655,0,6525,6644,119
Truck360623,2224,2998,6570,6644,74
Truck360028,1339,2821,6405,6645,240
Truck360164,2437,2225,6445,6645,200
Truck360506,2437,2655,6540,6645,105
Truck359837,2998,0,6350,6646,296
Truck359993,2224,2437,6395,6646,251
Truck360003,2655,3121,6400,6646,246
Truck360005,3121,2656,6400,6646,246
Truck360046,1339,2822,6410,6646,236
Truck360626,2656,2225,6570,6646,76
Truck359235,2436,2998,6185,6647,462
Truck358657,3238,1338,6025,6648,623
Truck360220,2999,2822,6460,6648,188
Truck360269,2998,1338,6470,6648,178
Truck360362,2437,3238,6500,6648,148
Truck359805,2655,2225,6345,6650,305
Truck360651,2655,3331,6580,6650,70
Truck359645,3121,2436,6300,6651,351
Truck359911,1338,2225,6375,6651,276
Truck360000,0,2821,6400,6651,251
Truck360644,2656,3121,6575,6651,76
Truck359838,0,2998,6355,6652,297
Truck360447,2821,2225,6520,6652,132
Truck360588,3239,2822,6560,6652,92
Truck358675,3238,1338,6030,6653,623
Truck359820,0,2225,6350,6653,303
Truck360283,3331,3122,6475,6653,178
Truck360287,2998,2225,6475,6653,178
Truck360390,3239,3122,6505,6653,148
Truck360788,2656,3239,6615,6653,38
Truck358831,1338,2656,6075,6654,579
Truck358890,3122,1338,6090,6654,564
Truck359397,2436,3122,6230,6654,424
Truck360156,3239,2224,6440,6654,214
Truck360238,2999,2224,6465,6654,189
Truck360659,2224,2822,6580,6654,74
Truck360715,3331,2822,6595,6654,59
Truck360786,3239,2436,6615,6654,39
Truck359961,2821,3238,6385,6655,270
Truck360466,2822,1338,6525,6655,130
Truck360497,2224,2821,6535,6655,120
Truck360679,3331,1338,6585,6655,70
Truck359828,2225,3239,6350,6656,306
Truck360029,2224,2225,6405,6656,251
Truck360542,2437,2224,6550,6656,106
Truck360913,3331,2656,6650,6656,6
Truck359936,2225,1338,6380,6657,277
Truck360095,3121,1339,6425,6657,232
Truck358687,1338,3238,6035,6658,623
Truck358693,3238,1338,6035,6658,623
Truck360256,2999,2998,6470,6658,188
Truck360291,2655,2998,6480,6658,178
Truck360398,2437,3238,6510,6658,148
Truck358849,1338,2822,6080,6659,579
Truck359650,1339,2224,6300,6659,359
Truck360804,3239,1338,6620,6659,39
Truck359307,2436,3331,6205,6660,455
Truck359846,2225,2821,6355,6660,305
Truck359971,3238,2821,6390,6660,270
Truck360115,3238,2999,6430,6660,230
Truck360368,2225,2436,6500,6660,160
Truck359891,2998,0,6365,6661,296
Truck360680,2656,2436,6585,6661,76
Truck360888,3122,0,6645,6661,16
Truck358867,1338,0,6085,6662,577
Truck359918,2225,3122,6375,6662,287
Truck360106,2822,1339,6425,6662,237
Truck360483,2821,2225,6530,6662,132
Truck360752,2656,2821,6605,6662,57
Truck360273,2655,2999,6475,6663,188
Truck360309,2655,2998,6485,6663,178
Truck360813,2655,3239,6625,6663,38
Truck360072,0,3121,6420,6664,244
Truck360822,3239,3121,6625,6664,39
Truck360105,2821,3122,6425,6665,240
Truck359388,0,2436,6230,6666,436
Truck359864,2225,2655,6360,6666,306
Truck360065,2224,2225,6415,6666,251
Truck360130,2999,3238,6435,6666,231
Truck360578,2437,2655,6560,6666,106
Truck360698,2656,2437,6590,6666,76
Truck360077,3121,2821,6420,6667,247
Truck360501,2821,2655,6535,6667,132
Truck360718,2822,2224,6595,6667,72
Truck360743,3121,2999,6605,6667,62
Truck360341,2998,2225,6490,6668,178
Truck360840,3239,2656,6630,6668,38
Truck360320,2656,3122,6485,6669,184
Truck360329,3121,2225,6490,6669,179
Truck360507,2655,2822,6540,6669,129
Truck360713,2224,2822,6595,6669,74
Truck358885,1338,3331,6090,6670,580
Truck359882,2225,2821,6365,6670,305
Truck360596,2437,2224,6565,6670,105
Truck360733,3331,2999,6600,6670,70
Truck359361,2436,0,6220,6671,451
Truck360356,2656,2224,6495,6671,176
Truck360597,2655,2437,6565,6671,106
Truck360716,2656,2437,6595,6671,76
Truck360772,2822,3331,6610,6671,61
Truck359433,2436,0,6240,6672,432
Truck359990,2225,1338,6395,6672,277
Truck360149,3121,1339,6440,6672,232
Truck360426,3239,0,6515,6672,157
Truck360769,3331,2821,6610,6672,62
Truck360223,3238,2656,6460,6673,213
Truck360230,2656,3238,6460,6673,213
Truck360319,3331,0,6485,6673,188
Truck360359,2998,2436,6495,6673,178
Truck360452,2437,3238,6525,6673,148
Truck359669,2224,0,6305,6674,369
Truck359900,2225,3331,6370,6674,304
Truck360858,3239,2655,6635,6674,39
Truck360745,3238,0,6605,6675,70
Truck360101,2224,2437,6425,6676,251
Truck360480,3239,1339,6530,6676,146
Truck360845,2998,2821,6630,6676,46
Truck359325,2436,3331,6210,6677,467
Truck359415,2436,3239,6235,6677,442
Truck360537,2821,2436,6545,6677,132
Truck360377,2998,2225,6500,6678,178
Truck360475,3238,2437,6530,6678,148
Truck359687,2224,0,6310,6679,369
Truck360802,1339,3238,6620,6679,59
Truck359299,1338,2437,6205,6680,475
Truck360187,3238,2999,6450,6680,230
Truck360678,3239,2821,6585,6680,95
Truck359718,3122,2224,6320,6681,361
Truck359963,2998,0,6385,6681,296
Truck360184,2999,3238,6450,6681,231
Truck360632,2437,3239,6575,6681,106
Truck360960,3122,0,6665,6681,16
Truck359587,1338,2999,6285,6682,397
Truck360061,3238,2822,6415,6682,267
Truck360555,2821,3121,6550,6682,132
Truck360825,2821,2656,6625,6682,57
Truck359928,0,2225,6380,6683,303
Truck359988,3122,2225,6395,6683,288
Truck360070,2822,3238,6415,6683,268
Truck360126,0,2822,6435,6683,248
Truck360488,2437,3238,6535,6683,148
Truck360492,3122,3239,6535,6683,148
Truck360498,3239,3122,6535,6683,148
Truck360633,2655,1339,6575,6683,108
Truck359393,3121,1338,6230,6684,454
Truck360561,2655,2822,6555,6684,129
Truck360767,2224,2998,6610,6684,74
Truck358939,1338,2655,6105,6685,580
Truck360172,1339,2821,6445,6685,240
Truck360574,2822,3121,6555,6685,130
Truck360781,3238,0,6615,6685,70
Truck360129,2655,2224,6435,6686,251
Truck360410,2656,2224,6510,6686,176
Truck360650,2437,3331,6580,6686,106
Truck360770,2656,2999,6610,6686,76
Truck360972,0,3122,6670,6686,16
Truck360008,2225,3122,6400,6687,287
Truck360990,0,1339,6675,6687,12
Truck360088,2822,3238,6420,6688,268
Truck360144,0,2822,6440,6688,248
Truck360373,3331,0,6500,6688,188
Truck360409,3331,3122,6510,6688,178
Truck360413,2998,2437,6510,6688,178
Truck360740,2437,2999,6605,6688,83
Truck359016,3122,1338,6125,6689,564
Truck359933,3121,2436,6380,6689,309
Truck360785,2224,2822,6615,6689,74
Truck360912,3239,2436,6650,6689,39
Truck358957,1338,2821,6110,6690,580
Truck360195,2821,3122,6450,6690,240
Truck359470,1339,2436,6250,6691,441
Truck359954,2225,2998,6385,6691,306
Truck359999,2998,0,6395,6691,296
Truck360155,2224,2436,6440,6691,251
Truck360421,3238,3239,6515,6691,176
Truck360534,3239,1339,6545,6691,146
Truck360668,2437,2224,6585,6691,106
Truck361039,3331,2656,6685,6691,6
Truck358975,1338,0,6115,6692,577
Truck360186,3122,2821,6450,6692,242
Truck360427,3331,1339,6515,6692,177
Truck360591,2821,2437,6560,6692,132
Truck360843,2821,3331,6630,6692,62
Truck360299,2224,3239,6480,6693,213
Truck360382,2999,2821,6505,6693,188
Truck360431,2998,2999,6515,6693,178
Truck360683,2998,3331,6585,6693,108
Truck359741,2224,0,6325,6694,369
Truck360374,2656,0,6500,6694,194
Truck360856,1339,3238,6635,6694,59
Truck360795,2655,2656,6620,6695,75
Truck360823,3331,1338,6625,6695,70
Truck360226,1339,2822,6460,6696,236
Truck360686,2437,2822,6590,6696,106
Truck360806,2656,2225,6620,6696,76
Truck361014,3122,0,6680,6696,16
Truck361058,2656,3331,6690,6696,6
Truck358993,1338,0,6120,6697,577
Truck359505,2436,2821,6260,6697,437
Truck360244,1339,3121,6465,6697,232
Truck360445,3331,1339,6520,6697,177
Truck360861,2821,3331,6635,6697,62
Truck360878,2656,2821,6640,6697,57
Truck361036,1339,0,6685,6697,12
Truck359556,3122,2436,6275,6698,423
Truck359795,2224,1339,6340,6698,358
Truck360196,2822,0,6450,6698,248
Truck359759,2224,0,6330,6699,369
Truck360948,3239,2437,6660,6699,39
Truck360628,2822,2437,6570,6700,130
Truck360191,2224,2436,6450,6701,251
Truck360414,0,2999,6515,6701,186
Truck360828,0,3238,6630,6701,71
Truck360203,3121,2998,6455,6702,247
Truck360704,2437,2821,6595,6702,107
Truck360844,2822,2224,6630,6702,72
Truck360142,2822,3238,6435,6703,268
Truck360418,2999,2224,6515,6703,188
Truck360467,2998,2225,6525,6703,178
Truck360957,2655,3239,6665,6703,38
Truck359469,2436,2822,6250,6704,454
Truck359777,2224,0,6335,6704,369
Truck360966,3239,2655,6665,6704,39
Truck360277,3238,2999,6475,6705,230
Truck360438,3122,2656,6520,6705,185
Truck360646,2822,2225,6575,6705,130
Truck360677,2224,2821,6585,6705,120
Truck360708,3122,2655,6595,6705,110
Truck360209,2224,1338,6455,6706,251
Truck360219,2655,3121,6460,6706,246
Truck360586,1339,3239,6560,6706,146
Truck360842,2656,3121,6630,6706,76
Truck360846,0,3238,6635,6706,71
Truck360953,2998,2821,6660,6706,46
Truck360722,2437,3331,6600,6707,107
Truck360862,2822,2998,6635,6707,72
Truck360914,2656,2821,6650,6707,57
Truck360078,3122,2225,6420,6708,288
Truck360349,3238,2656,6495,6708,213
Truck360471,2655,2998,6530,6708,178
Truck360485,2998,2437,6530,6708,178
Truck360540,0,3239,6550,6708,158
Truck359484,3122,2436,6255,6709,454
Truck360857,2224,2822,6635,6709,74
Truck360984,3239,1338,6670,6709,39
Truck360026,2225,3239,6405,6710,305
Truck360237,2655,3121,6465,6710,245
Truck360629,2998,3239,6570,6710,140
Truck360614,2437,3121,6570,6711,141
Truck359538,3122,2436,6270,6712,442
Truck360933,2821,2656,6655,6712,57
Truck358891,3238,1338,6090,6713,623
Truck360096,3122,2225,6425,6713,288
Truck360097,3238,3121,6425,6713,288
Truck360257,3121,0,6470,6713,243
Truck360748,1339,2655,6605,6713,108
Truck360773,2998,2656,6610,6713,103
Truck360904,2999,3121,6650,6713,63
Truck360454,2999,2224,6525,6714,189
Truck360875,2224,2822,6640,6714,74
Truck359047,1338,2224,6135,6715,580
Truck360118,1339,2998,6430,6715,285
Truck360682,2822,2436,6585,6715,130
Truck359451,2436,2655,6245,6716,471
Truck359487,2436,0,6255,6716,461
Truck360234,0,2821,6465,6716,251
Truck360245,2224,2655,6465,6716,251
Truck359716,2999,1338,6320,6717,397
Truck360528,3122,2999,6545,6717,172
Truck360681,2821,2655,6585,6717,132
Truck358903,1338,3238,6095,6718,623
Truck359064,0,1338,6140,6718,578
Truck360113,3121,3238,6430,6718,288
Truck360521,2998,2436,6540,6718,178
Truck360759,2655,1339,6610,6718,108
Truck361038,3239,3331,6685,6718,33
Truck359305,3238,2436,6205,6719,514
Truck359755,3238,2224,6330,6719,389
Truck360062,2225,2822,6415,6719,304
Truck360472,2999,3239,6530,6719,189
Truck360949,3331,2822,6660,6719,59
Truck360968,2656,2822,6665,6719,54
Truck359523,2436,2224,6265,6720,455
Truck360143,2998,1339,6435,6720,285
Truck360267,2821,0,6470,6720,250
Truck360275,3121,2998,6475,6720,245
Truck360510,3122,3331,6540,6720,180
Truck360263,2224,2655,6470,6721,251
Truck360294,3122,2821,6480,6722,242
Truck360606,3239,0,6565,6722,157
Truck360699,2821,2225,6590,6722,132
Truck360776,2437,2822,6615,6722,107
Truck360838,1339,2437,6630,6722,92
Truck359082,0,1338,6145,6723,578
Truck360407,2224,3239,6510,6723,213
Truck360787,3331,2998,6615,6723,108
Truck360794,2437,0,6620,6723,103
Truck360490,2999,2656,6535,6725,190
Truck360738,0,2655,6605,6725,120
Truck360931,3331,2437,6655,6725,70
Truck360281,2224,3121,6475,6726,251
Truck360671,3121,2437,6585,6726,141
Truck361116,0,3122,6710,6726,16
Truck359577,2436,2224,6280,6727,447
Truck360152,2225,3122,6440,6727,287
Truck360293,3121,2656,6480,6727,247
Truck360624,3239,0,6570,6727,157
Truck360717,2821,2437,6595,6727,132
Truck360934,2822,2998,6655,6727,72
Truck360288,0,2822,6480,6728,248
Truck360311,3121,0,6485,6728,243
Truck360550,1339,3331,6550,6728,178
Truck360812,2437,0,6625,6728,103
Truck359160,3122,1338,6165,6729,564
Truck359379,2436,3238,6225,6729,504
Truck359555,3121,1338,6275,6729,454
Truck359902,1339,2224,6370,6729,359
Truck360500,2656,0,6535,6729,194
Truck360723,2655,2822,6600,6729,129
Truck359101,1338,2224,6150,6730,580
Truck360798,3122,2655,6620,6730,110
Truck360932,2656,2437,6655,6731,76
Truck360358,2822,1339,6495,6732,237
Truck360735,2821,3121,6600,6732,132
Truck360760,2999,2225,6610,6732,122
Truck361005,2821,2656,6675,6732,57
Truck360575,2998,2436,6555,6733,178
Truck360820,1339,2655,6625,6733,108
Truck359569,1338,3121,6280,6734,454
Truck359885,2224,0,6365,6734,369
Truck360526,2999,2655,6545,6734,189
Truck360777,2655,0,6615,6734,119
Truck361074,3239,2655,6695,6734,39
Truck360079,3238,2998,6420,6735,315
Truck360754,2822,2437,6605,6735,130
Truck360774,0,2655,6615,6735,120
Truck360967,3331,2437,6665,6735,70
Truck359559,2436,1339,6275,6736,461
Truck360161,2998,0,6440,6736,296
Truck360197,2998,3122,6450,6736,286
Truck360950,2656,2999,6660,6736,76
Truck360954,0,3238,6665,6736,71
Truck360971,2998,2822,6665,6736,71
Truck361152,0,3122,6720,6736,16
Truck360348,3122,2821,6495,6737,242
Truck361180,1339,0,6725,6737,12
Truck360831,2655,1339,6630,6738,108
Truck360994,2999,3121,6675,6738,63
Truck360462,3239,2224,6525,6739,214
Truck361018,1339,3238,6680,6739,59
Truck359137,1338,2656,6160,6740,580
Truck359973,2436,3121,6390,6740,350
Truck360985,3331,2437,6670,6740,70
Truck359664,3122,2436,6305,6741,436
Truck360335,2224,3121,6490,6741,251
Truck360848,2437,2998,6635,6741,106
Truck360849,2655,2437,6635,6741,106
Truck360401,3121,1339,6510,6742,232
Truck358999,3238,1338,6120,6743,623
Truck359957,2224,1339,6385,6743,358
Truck360479,2224,3239,6530,6743,213
Truck360611,2998,3121,6565,6743,178
Truck360714,3239,3122,6595,6743,148
Truck360360,0,3121,6500,6744,244
Truck360602,2225,3121,6565,6744,179
Truck360363,2655,3121,6500,6745,245
Truck361003,3331,1338,6675,6745,70
Truck360353,2224,2225,6495,6746,251
Truck360866,2437,2224,6640,6746,106
Truck360605,2224,3331,6565,6747,182
Truck360625,3331,1339,6570,6747,177
Truck360789,2821,2999,6615,6747,132
Truck360437,3121,3122,6520,6748,228
Truck360580,2999,2224,6560,6748,188
Truck360589,3331,0,6560,6748,188
Truck360615,2655,2998,6570,6748,178
Truck361146,3239,3331,6715,6748,33
Truck360942,3122,2437,6660,6749,89
Truck361128,3239,2225,6710,6749,39
Truck361252,1339,3122,6745,6749,4
Truck359173,1338,2821,6170,6750,580
Truck360170,2225,2821,6445,6750,305
Truck360375,2821,0,6500,6750,250
Truck360600,3122,2656,6565,6750,185
Truck360634,2999,1339,6575,6750,175
Truck360884,2437,2224,6645,6750,105
Truck360885,2655,2437,6645,6750,105
Truck361021,3331,3121,6680,6750,70
Truck360436,2999,3238,6520,6751,231
Truck361206,0,3122,6735,6751,16
Truck359236,1339,1338,6185,6752,567
Truck360313,3238,2822,6485,6752,267
Truck360383,3121,3239,6505,6752,247
Truck360643,3331,1339,6575,6752,177
Truck360807,2821,2436,6620,6752,132
Truck361024,2822,2998,6680,6752,72
Truck359245,1338,3122,6190,6753,563
Truck360180,0,2225,6450,6753,303
Truck360895,3331,2998,6645,6753,108
Truck360516,3239,2224,6540,6754,214
Truck360598,2999,2821,6565,6754,189
Truck360826,2822,2999,6625,6755,130
Truck360233,2998,0,6460,6756,296
Truck360389,2224,3121,6505,6756,251
Truck360729,2436,2225,6600,6756,156
Truck360902,2437,3331,6650,6756,106
Truck361022,2656,1338,6680,6756,76
Truck359857,1338,2999,6360,6757,397
Truck360044,2225,3238,6410,6757,347
Truck360216,0,2998,6460,6757,297
Truck360732,3239,0,6600,6757,157
Truck361183,3331,3239,6725,6757,32
Truck360258,3122,2225,6470,6758,288
Truck360396,0,2822,6510,6758,248
Truck360536,2656,3238,6545,6758,213
Truck360665,2998,2655,6580,6758,178
Truck360758,2437,3238,6610,6758,148
Truck360768,3239,3122,6610,6758,148
Truck361186,2822,2821,6725,6758,33
Truck359975,2224,0,6390,6759,369
Truck360616,2999,2822,6570,6759,189
Truck361087,3238,1339,6700,6759,59
Truck361112,2656,2822,6705,6759,54
Truck361288,1339,3122,6755,6759,4
Truck359209,1338,2822,6180,6760,580
Truck360206,2225,2821,6455,6760,305
Truck360417,2655,3121,6515,6760,245
Truck360920,2437,3331,6655,6760,105
Truck361057,3331,2999,6690,6760,70
Truck360274,2999,2436,6475,6761,286
Truck361149,2821,2998,6715,6761,46
Truck360224,2225,0,6460,6762,302
Truck360750,3239,0,6605,6762,157
Truck361113,2821,2656,6705,6762,57
Truck361260,0,1339,6750,6762,12
Truck361270,1339,0,6750,6762,12
Truck359613,2436,2822,6290,6763,473
Truck360669,2655,2998,6585,6763,178
Truck361010,2437,2999,6680,6763,83
Truck359739,2436,3239,6325,6764,439
Truck360630,0,3331,6575,6764,189
Truck360987,2821,3239,6670,6764,94
Truck361130,2656,2822,6710,6764,54
Truck359982,0,2224,6395,6765,370
Truck360882,0,2655,6645,6765,120
Truck361075,3331,1338,6695,6765,70
Truck360691,3238,3239,6590,6766,176
Truck359893,1338,2999,6370,6767,397
Truck360938,2437,3239,6660,6767,107
Truck359083,1338,3238,6145,6768,623
Truck361148,2656,2822,6715,6769,54
Truck361200,3239,2437,6730,6769,39
Truck360367,3238,2821,6500,6770,270
Truck360455,3121,2998,6525,6770,245
Truck360672,3122,2656,6585,6770,185
Truck360880,2822,2436,6640,6770,130
Truck360956,2437,2822,6665,6770,105
Truck361093,3331,2655,6700,6770,70
Truck360298,1339,2225,6480,6771,291
Truck360323,2998,3122,6485,6771,286
Truck360443,2224,2436,6520,6771,251
Truck361284,3122,0,6755,6771,16
Truck359914,2999,1338,6375,6772,397
Truck360312,3122,2998,6485,6772,287
Truck360867,2655,2821,6640,6772,132
Truck360879,2821,2436,6640,6772,132
Truck361020,3239,2822,6680,6772,92
Truck360583,3238,2656,6560,6773,213
Truck360705,2655,2998,6595,6773,178
Truck360719,2998,2437,6595,6773,178
Truck361236,3239,3331,6740,6773,33
Truck359713,1338,3121,6320,6774,454
Truck360468,0,3121,6530,6774,244
Truck360662,2656,0,6580,6774,194
Truck361048,2999,2437,6690,6774,84
Truck361147,3331,2822,6715,6774,59
Truck361218,3239,1338,6735,6774,39
Truck360638,2225,2437,6575,6775,200
Truck360690,3122,2656,6590,6775,185
Truck360898,2822,3121,6645,6775,130
Truck360918,0,2655,6655,6775,120
Truck360974,2437,2821,6670,6775,105
Truck361111,3331,3121,6705,6775,70
Truck359263,1338,2822,6195,6776,581
Truck359642,2437,1338,6300,6776,476
Truck360461,2224,3121,6525,6776,251
Truck360473,3121,2656,6530,6776,246
Truck361094,2656,1338,6700,6776,76
Truck361205,2998,2821,6730,6776,46
Truck360897,2821,2655,6645,6777,132
Truck360922,2999,2225,6655,6777,122
Truck360688,2999,3331,6590,6778,188
Truck360737,2998,2436,6600,6778,178
Truck361254,3239,3331,6745,6778,33
Truck360728,2225,3121,6600,6779,179
Truck361041,2821,3239,6685,6779,94
Truck359667,2436,3239,6305,6780,475
Truck360036,0,2224,6410,6780,370
Truck360278,2225,3239,6475,6780,305
Truck360547,3238,2999,6550,6780,230
Truck360916,2822,2436,6650,6780,130
Truck359335,1338,1339,6215,6781,566
Truck360491,3121,2224,6535,6781,246
Truck360544,2999,3238,6550,6781,231
Truck360749,2224,2656,6605,6781,176
Truck361133,2998,2822,6710,6781,71
Truck361221,2821,2998,6735,6781,46
Truck361314,0,3122,6765,6781,16
Truck360133,3238,2225,6435,6782,347
Truck360134,2225,3238,6435,6782,347
Truck360751,3331,1339,6605,6782,177
Truck360915,2821,3121,6650,6782,132
Truck360993,2655,2437,6675,6782,107
Truck360563,3121,3122,6555,6783,228
Truck360706,2999,2656,6595,6783,188
Truck360755,2998,2225,6605,6783,178
Truck360734,2656,3122,6600,6784,184
Truck361177,3238,1339,6725,6784,59
Truck360167,3121,2436,6445,6785,340
Truck360259,3238,2998,6470,6785,315
Truck360684,0,2656,6590,6785,195
Truck360744,3122,3331,6605,6785,180
Truck360899,2998,3239,6645,6785,140
Truck359353,1338,1339,6220,6786,566
Truck359611,3238,2436,6290,6786,496
Truck360486,0,2821,6535,6786,251
Truck360509,3121,2656,6540,6786,246
Truck360887,3121,2437,6645,6786,141
Truck361151,2998,2822,6715,6786,71
Truck360780,3122,2999,6615,6787,172
Truck360958,2999,2225,6665,6787,122
Truck361150,2822,2224,6715,6787,72
Truck361175,3121,2999,6725,6787,62
Truck361202,2656,2821,6730,6787,57
Truck359316,0,1338,6210,6788,578
Truck359829,2436,2822,6350,6788,438
Truck360365,3121,3238,6500,6788,288
Truck360527,3121,0,6545,6788,243
Truck360083,2224,0,6420,6789,369
Truck360720,0,3331,6600,6789,189
Truck360939,2655,2822,6660,6789,129
Truck361272,3239,2437,6750,6789,39
Truck361165,3331,2225,6720,6790,70
Truck360515,2224,2437,6540,6791,251
Truck360525,2655,3121,6545,6791,246
Truck361028,2437,2821,6685,6791,106
Truck359319,2655,1338,6210,6792,582
Truck360951,2821,2436,6660,6792,132
Truck359793,2436,2998,6340,6793,453
Truck360324,0,2225,6490,6793,303
Truck360384,3122,2225,6505,6793,288
Truck360673,3238,3331,6585,6793,208
Truck360791,2998,2655,6615,6793,178
Truck360894,3239,3122,6645,6793,148
Truck360025,3238,2224,6405,6794,389
Truck360742,2999,2655,6605,6794,189
Truck360779,3121,2225,6615,6794,179
Truck361104,3122,2437,6705,6794,89
Truck361216,1339,3238,6735,6794,59
Truck361290,3239,2436,6755,6794,39
Truck360090,0,2224,6425,6795,370
Truck360332,2225,2822,6490,6795,305
Truck360457,3238,2821,6525,6795,270
Truck360545,3121,2224,6550,6795,245
Truck360935,2998,3239,6655,6795,140
Truck360970,2822,2655,6665,6795,130
Truck360533,2224,2437,6545,6796,251
Truck360927,2436,2225,6655,6796,141
Truck361046,2437,2822,6690,6796,106
Truck361277,2998,2821,6750,6796,46
Truck361418,2656,3331,6790,6796,6
Truck360404,2225,3122,6510,6797,287
Truck360440,2225,1338,6520,6797,277
Truck360876,3239,0,6640,6797,157
Truck360926,2225,2436,6655,6797,142
Truck360969,2821,2999,6665,6797,132
Truck361114,2822,3239,6705,6797,92
Truck361396,1339,0,6785,6797,12
Truck359407,1338,3122,6235,6798,563
Truck359631,2436,3238,6295,6798,503
Truck360402,3122,2225,6510,6798,288
Truck360697,3331,3238,6590,6798,208
Truck360809,2998,2225,6620,6798,178
Truck361181,2224,2998,6725,6799,74
Truck360988,2822,2437,6670,6800,130
Truck361201,3331,2436,6730,6800,70
Truck359665,3238,2436,6305,6801,496
Truck360350,2225,2821,6495,6801,306
Truck360778,2999,0,6615,6801,186
Truck360817,3238,3239,6625,6801,176
Truck360930,3239,1339,6655,6801,146
Truck360019,1338,2999,6405,6802,397
Truck361132,2822,3239,6710,6802,92
Truck361345,3331,3239,6770,6802,32
Truck359425,1338,3122,6240,6803,563
Truck360827,2998,2655,6625,6803,178
Truck361328,2656,3239,6765,6803,38
Truck359371,1338,2822,6225,6804,579
Truck359430,3122,1338,6240,6804,564
Truck360609,2821,1339,6565,6804,239
Truck361249,3238,1339,6745,6804,59
Truck360331,3238,2998,6490,6805,315
Truck361219,3331,2999,6735,6805,70
Truck359883,2436,2655,6365,6806,441
Truck359757,2436,2821,6330,6807,477
Truck360040,2999,1338,6410,6807,397
Truck360581,3121,2656,6560,6807,247
Truck361222,2822,2224,6735,6807,72
Truck359233,3238,1338,6185,6808,623
Truck360520,2822,3238,6540,6808,268
Truck360599,3121,0,6565,6808,243
Truck360796,2999,2998,6620,6808,188
Truck361090,1339,2655,6700,6808,108
Truck361172,2437,2999,6725,6808,83
Truck361344,3239,1338,6770,6809,39
Truck359389,1338,2655,6230,6810,580
Truck360386,2225,2656,6505,6810,305
Truck360460,1339,2998,6525,6810,285
Truck361100,2437,2822,6705,6810,105
Truck361237,3331,2999,6740,6810,70
Truck361267,3238,3122,6750,6810,60
Truck359443,1338,1339,6245,6811,566
Truck360487,1338,2225,6535,6811,276
Truck361220,2656,2436,6735,6811,76
Truck361329,2821,2998,6765,6811,46
Truck359865,2436,3239,6360,6812,452
Truck360055,1338,2999,6415,6812,397
Truck360058,2999,1338,6415,6812,397
Truck360529,3238,2822,6545,6812,267
Truck361023,2821,2999,6680,6812,132
Truck359251,3238,1338,6190,6813,623
Truck360594,0,2822,6565,6813,248
Truck360610,2822,0,6565,6813,248
Truck360859,3331,3122,6635,6813,178
Truck360863,2998,2655,6635,6813,178
Truck359956,1339,2436,6385,6814,429
Truck360814,2999,3331,6625,6814,189
Truck361285,3238,1339,6755,6814,59
Truck360478,1339,2998,6530,6815,285
Truck360617,3121,2821,6570,6815,245
Truck361042,2822,2437,6685,6815,130
Truck361073,2224,2821,6695,6815,120
Truck361255,3331,3121,6745,6815,70
Truck360670,2999,3238,6585,6816,231
Truck360992,2437,3121,6675,6816,141
Truck361238,2656,2437,6740,6816,76
Truck361259,2998,2822,6745,6816,71
Truck361294,2822,3331,6755,6816,61
Truck361293,2821,3331,6755,6817,62
Truck361458,0,1339,6805,6817,12
Truck359920,1339,2436,6375,6818,443
Truck360841,3331,0,6630,6818,188
Truck360881,2998,2999,6640,6818,178
Truck361136,2437,0,6715,6818,103
Truck361380,3239,2656,6780,6818,38
Truck361398,3239,3331,6785,6818,33
Truck360333,2436,2437,6490,6819,329
Truck360422,2225,3331,6515,6819,304
Truck360824,2656,0,6625,6819,194
Truck360832,2999,2822,6630,6819,189
Truck361083,2655,0,6700,6819,119
Truck360503,2998,1339,6535,6820,285
Truck360810,0,2656,6625,6820,195
Truck361060,2822,2437,6690,6820,130
Truck361273,3331,2225,6750,6820,70
Truck361303,3238,3122,6760,6820,60
Truck360850,2999,0,6635,6821,186
Truck360893,2224,2656,6645,6821,176
Truck359919,2436,2822,6375,6822,447
Truck360450,0,2998,6525,6822,297
Truck360494,2225,3122,6535,6822,287
Truck361059,2821,2999,6690,6822,132
Truck361301,3121,2999,6760,6822,62
Truck361002,3239,3122,6675,6823,148
Truck359897,3121,1338,6370,6824,454
Truck360198,0,2224,6455,6825,370
Truck360676,1339,2821,6585,6825,240
Truck361098,0,2655,6705,6825,120
Truck361154,2437,2224,6720,6825,105
Truck361291,3331,1338,6755,6825,70
Truck361476,0,3122,6810,6826,16
Truck359991,2436,0,6395,6827,432
Truck360081,2436,1338,6420,6827,407
Truck360296,2225,3238,6480,6827,347
Truck360653,3121,2656,6580,6827,247
Truck360700,2822,1339,6590,6827,237
Truck361077,2821,3121,6695,6827,132
Truck360511,3238,3121,6540,6828,288
Truck360648,0,2822,6580,6828,248
Truck360725,3121,3122,6600,6828,228
Truck360896,2656,1339,6645,6828,183
Truck360917,2998,2655,6650,6828,178
Truck361184,2656,2998,6725,6828,103
Truck360151,3238,2224,6440,6829,389
Truck360458,2225,2998,6525,6829,304
Truck361246,2999,2437,6745,6829,84
Truck361540,1339,3122,6825,6829,4
Truck360830,2437,2225,6630,6830,200
Truck360868,2999,2655,6640,6830,190
Truck361061,2998,3239,6690,6830,140
Truck361339,3238,3122,6770,6830,60
Truck360940,2999,3122,6660,6831,171
Truck361292,2656,3121,6755,6831,76
Truck361240,2822,3239,6740,6832,92
Truck361365,2821,2656,6775,6832,57
Truck359317,1338,3238,6210,6833,623
Truck359478,0,1338,6255,6833,578
Truck360910,1339,2656,6650,6833,183
Truck360923,3121,2225,6655,6834,179
Truck361101,2655,2822,6705,6834,129
Truck361434,3239,1338,6795,6834,39
Truck360117,2436,1338,6430,6835,405
Truck360476,2225,3239,6530,6835,305
Truck360886,2999,2998,6645,6835,190
Truck360924,3122,3331,6655,6835,180
Truck361299,2655,2656,6760,6835,75
Truck359863,3238,2436,6360,6836,476
Truck360689,3121,2224,6590,6836,246
Truck361366,2822,3331,6775,6836,61
Truck360504,0,2998,6540,6837,297
Truck360546,3122,2998,6550,6837,287
Truck360548,2225,3122,6550,6837,287
Truck361138,2999,2225,6715,6837,122
Truck360477,2436,3121,6530,6838,308
Truck360928,1339,2656,6655,6838,183
Truck360946,1339,3331,6660,6838,178
Truck361191,2655,1339,6730,6838,108
Truck361452,3239,2656,6800,6838,38
Truck361454,2656,3239,6800,6838,38
Truck360726,3122,2822,6600,6839,239
Truck361381,3331,2822,6780,6839,59
Truck360279,2436,2437,6475,6840,365
Truck360568,1339,2998,6555,6840,285
Truck360595,1338,2225,6565,6841,276
Truck360687,2655,2224,6590,6841,251
Truck360707,3121,2998,6595,6841,246
Truck360564,3122,2998,6555,6842,287
Truck361262,2437,1339,6750,6842,92
Truck359359,3238,1338,6220,6843,623
Truck360839,2224,3239,6630,6843,213
Truck361064,2437,3238,6695,6843,148
Truck361069,3238,2437,6695,6843,148
Truck361298,2437,2999,6760,6843,83
Truck361488,3239,3331,6810,6843,33
Truck361393,3238,1339,6785,6844,59
Truck361470,3239,2999,6805,6844,39
Truck359515,1338,2656,6265,6845,580
Truck360753,2821,3122,6605,6845,240
Truck360976,2999,1339,6670,6845,175
Truck361212,3122,2655,6735,6845,110
Truck359517,2655,1338,6265,6846,581
Truck360512,2225,2822,6540,6846,306
Truck360986,2656,2224,6670,6846,176
Truck361226,2437,2998,6740,6846,106
Truck360063,2436,2224,6415,6847,432
Truck360114,3122,2436,6430,6847,417
Truck360655,3238,2822,6580,6847,267
Truck361056,3239,0,6690,6847,157
Truck360018,0,2436,6405,6848,443
Truck360877,3331,3238,6640,6848,208
Truck361092,3239,3122,6700,6848,148
Truck359937,2436,3331,6380,6849,469
Truck360171,2436,1338,6445,6849,404
Truck360771,2821,1339,6610,6849,239
Truck360980,2225,3121,6670,6849,179
Truck361155,2655,2822,6720,6849,129
Truck361361,2224,2822,6775,6849,74
Truck360530,2225,3331,6545,6850,305
Truck360731,2224,2436,6600,6851,251
Truck361364,2656,2437,6775,6851,76
Truck361566,0,3122,6835,6851,16
Truck359551,1338,0,6275,6852,577
Truck360790,2822,1339,6615,6852,237
Truck360983,2224,3331,6670,6852,182
Truck361419,2821,3331,6790,6852,62
Truck360027,2436,2224,6405,6853,448
Truck361007,2998,2436,6675,6853,178
Truck361506,3239,3121,6815,6854,39
Truck361263,2655,2437,6750,6855,105
Truck361371,2655,2656,6780,6855,75
Truck361429,3238,3122,6795,6855,60
Truck360761,3121,3239,6610,6856,246
Truck361019,2224,2656,6680,6856,176
Truck361382,2656,2436,6780,6856,76
Truck361403,2998,2822,6785,6856,71
Truck361590,3122,0,6840,6856,16
Truck361435,3331,2821,6795,6857,62
Truck361455,2821,2656,6800,6857,57
Truck359623,1338,3122,6295,6858,563
Truck360009,2436,2822,6400,6858,458
Truck360099,2436,0,6425,6858,433
Truck360371,2224,1339,6500,6858,358
Truck360833,3121,3122,6630,6858,228
Truck360907,3238,3331,6650,6858,208
Truck361004,2656,1339,6675,6858,183
Truck359955,2436,2224,6385,6859,474
Truck361397,2224,2822,6785,6859,74
Truck360566,2225,2822,6555,6860,305
Truck361204,2822,3121,6730,6860,130
Truck361281,2655,2437,6755,6860,105
Truck361417,3331,1338,6790,6860,70
Truck360620,2225,1339,6570,6861,291
Truck361040,2656,2224,6685,6861,176
Truck361144,1339,3239,6715,6861,146
Truck361400,2656,2225,6785,6861,76
Truck360636,3122,2998,6575,6862,287
Truck360674,2225,1338,6585,6862,277
Truck360709,3238,2822,6595,6862,267
Truck361110,3239,0,6705,6862,157
Truck361203,2821,2436,6730,6862,132
Truck360635,3121,3238,6575,6863,288
Truck361043,2998,2225,6685,6863,178
Truck361295,2998,3331,6755,6863,108
Truck361352,2437,3122,6775,6863,88
Truck360041,3121,1338,6410,6864,454
Truck360584,2225,2224,6560,6864,304
Truck361054,1339,2999,6690,6864,174
Truck361471,3331,2822,6805,6864,59
Truck361490,2656,2822,6810,6864,54
Truck361474,2822,3331,6805,6866,61
Truck360439,3238,2225,6520,6867,347
Truck360654,3122,2998,6580,6867,287
Truck360656,2225,3122,6580,6867,287
Truck361215,2436,2225,6735,6867,132
Truck361360,1339,2437,6775,6867,92
Truck360736,2822,3238,6600,6868,268
Truck361047,2655,2998,6690,6868,178
Truck361164,3239,3122,6720,6868,148
Truck361008,0,3331,6680,6869,189
Truck361012,2999,2821,6680,6869,189
Truck361227,2655,2822,6740,6869,129
Truck361439,2998,2224,6795,6869,74
Truck361486,1339,3238,6810,6869,59
Truck359605,1338,3239,6290,6870,580
Truck360815,3121,3331,6625,6870,245
Truck361453,3331,2225,6800,6870,70
Truck360647,2998,0,6575,6871,296
Truck360658,1339,2225,6580,6871,291
Truck360803,2224,2437,6620,6871,251
Truck361316,2437,2655,6765,6871,106
Truck361644,3122,0,6855,6871,16
Truck360834,3122,2821,6630,6872,242
Truck360869,3121,1339,6640,6872,232
Truck361489,3331,2821,6810,6872,62
Truck359461,1338,3238,6250,6873,623
Truck359677,1338,3122,6310,6873,563
Truck360612,0,2225,6570,6873,303
Truck361029,2655,2999,6685,6873,188
Truck361182,3239,3122,6725,6873,148
Truck361406,2437,2999,6790,6873,83
Truck361569,2655,3239,6835,6873,38
Truck360317,2224,3238,6485,6874,389
Truck361030,2999,3331,6685,6874,189
Truck361067,3121,2225,6695,6874,179
Truck361070,2225,3121,6695,6874,179
Truck361578,3239,1338,6835,6874,39
Truck360425,2224,3122,6515,6875,360
Truck361258,2822,2436,6745,6875,130
Truck361528,2822,2656,6820,6875,55
Truck360701,2998,3122,6590,6876,286
Truck360821,2224,2225,6625,6876,251
Truck360292,2999,1338,6480,6877,397
Truck361257,2821,1338,6745,6877,132
Truck361499,3121,2999,6815,6877,62
Truck361684,1339,0,6865,6877,12
Truck361097,2998,2437,6700,6878,178
Truck361195,3238,2437,6730,6878,148
Truck360870,3122,2822,6640,6879,239
Truck361076,2656,3122,6695,6879,184
Truck361596,3239,2225,6840,6879,39
Truck359641,1338,2822,6300,6880,580
Truck360851,3121,2998,6635,6880,245
Truck359695,1338,1339,6315,6881,566
Truck361583,2998,2821,6835,6881,46
Truck361724,2656,3331,6875,6881,6
Truck360150,3122,2436,6440,6882,442
Truck361275,2821,1338,6750,6882,132
Truck360979,3238,2656,6670,6883,213
Truck361424,2437,3122,6795,6883,88
Truck361616,2656,3239,6845,6883,38
Truck360153,2436,2998,6440,6884,444
Truck361614,3239,1338,6845,6884,39
Truck359659,1338,2655,6305,6885,580
Truck361066,2999,3239,6695,6885,190
Truck361507,3331,2437,6815,6885,70
Truck360456,3122,2224,6525,6886,361
Truck361741,3331,2656,6880,6886,6
Truck360799,3238,2822,6620,6887,267
Truck361129,3331,1339,6710,6887,177
Truck361536,3122,3238,6825,6887,62
Truck361543,3331,2821,6825,6887,62
Truck361545,2821,3331,6825,6887,62
Truck359521,3238,1338,6265,6888,623
Truck360808,2822,3238,6620,6888,268
Truck361084,2999,2998,6700,6888,188
Truck361374,3122,2655,6780,6890,110
Truck360056,2437,1338,6415,6891,476
Truck360474,3122,2224,6530,6891,361
Truck361145,2224,2656,6715,6891,176
Truck361710,0,3122,6875,6891,16
Truck359953,3238,2436,6385,6892,507
Truck360782,2225,1338,6615,6892,277
Truck361311,2821,1338,6760,6892,132
Truck361340,2225,2999,6770,6892,122
Truck361450,1339,2437,6800,6892,92
Truck359533,1338,3238,6270,6893,623
Truck359539,3238,1338,6270,6893,623
Truck361102,2999,2656,6705,6893,188
Truck361126,1339,2656,6710,6893,183
Truck361248,3122,3239,6745,6893,148
Truck361641,2655,3239,6855,6893,38
Truck359754,3122,1338,6330,6894,564
Truck360900,0,3121,6650,6894,244
Truck361650,3239,3121,6855,6894,39
Truck360181,1338,2436,6450,6895,445
Truck360692,2225,2998,6590,6895,305
Truck360905,3121,2998,6650,6895,245
Truck361330,2822,2999,6765,6895,130
Truck361407,2655,2437,6790,6895,105
Truck361515,2655,2656,6820,6895,75
Truck359697,2655,1338,6315,6896,581
Truck361166,2656,2224,6720,6896,176
Truck361526,2656,2437,6820,6896,76
Truck361119,2655,2999,6710,6897,187
Truck361546,2822,2224,6825,6897,72
Truck361581,2821,3331,6835,6897,62
Truck361687,3331,3239,6865,6897,32
Truck361746,0,1339,6885,6897,12
Truck360135,2436,2655,6435,6898,463
Truck361224,0,3239,6740,6898,158
Truck361659,2655,3239,6860,6898,38
Truck361120,2999,2998,6710,6899,189
Truck360204,3122,2436,6455,6900,445
Truck361158,3122,3331,6720,6900,180
Truck361348,2822,2437,6770,6900,130
Truck360710,2225,2655,6595,6901,306
Truck360766,1339,2225,6610,6901,291
Truck360911,2224,2225,6650,6901,251
Truck361544,2656,2999,6825,6901,76
Truck360982,1339,3121,6670,6902,232
Truck361347,2821,2225,6770,6902,132
Truck361162,1339,2656,6720,6903,183
Truck361173,2655,2998,6725,6903,178
Truck361187,2998,2225,6725,6903,178
Truck361321,3238,2655,6765,6903,138
Truck361425,2655,1339,6795,6903,108
Truck361442,2437,0,6800,6903,103
Truck359731,1338,2655,6325,6904,579
Truck361516,2999,2437,6820,6904,84
Truck361559,2224,2998,6830,6904,74
Truck361609,3238,1339,6845,6904,59
Truck361176,3122,3331,6725,6905,180
Truck361579,3331,3121,6835,6905,70
Truck360784,1339,2225,6615,6906,291
Truck361308,3239,1339,6760,6906,146
Truck361326,3239,2998,6765,6906,141
Truck361562,2656,2225,6830,6906,76
Truck360836,2225,1338,6630,6907,277
Truck360871,3238,2822,6640,6907,267
Truck360797,3121,3238,6620,6908,288
Truck361156,2999,2655,6720,6908,188
Truck361302,3122,3239,6760,6908,148
Truck361457,2998,3331,6800,6908,108
Truck360007,3238,2436,6400,6909,509
Truck360746,2225,2224,6605,6909,304
Truck360551,2224,3122,6550,6910,360
Truck360959,3121,2821,6665,6910,245
Truck361118,2437,2225,6710,6910,200
Truck361124,2225,2437,6710,6910,200
Truck361194,3122,3331,6730,6910,180
Truck361460,2437,3239,6805,6910,105
Truck359803,1338,1339,6345,6911,566
Truck361213,3238,3239,6735,6911,176
Truck361217,2224,2656,6735,6911,176
Truck361334,2437,3121,6770,6911,141
Truck361461,2655,2437,6805,6911,106
Truck359767,1338,0,6335,6912,577
Truck360764,2225,0,6610,6912,302
Truck361013,3121,1339,6680,6912,232
Truck361230,3122,2999,6740,6912,172
Truck361383,2821,3121,6780,6912,132
Truck361625,3121,2999,6850,6912,62
Truck361626,3122,3238,6850,6912,62
Truck361105,3238,3331,6705,6913,208
Truck361174,2999,3239,6725,6913,188
Truck361223,2998,1338,6735,6913,178
Truck361493,2998,2656,6810,6913,103
Truck361722,3239,2656,6875,6913,38
Truck361744,2822,2821,6880,6913,33
Truck360351,2436,3122,6495,6914,419
Truck361170,0,3331,6725,6914,189
Truck359769,2655,1338,6335,6915,580
Truck360727,3238,2998,6600,6915,315
Truck361142,2225,2437,6715,6915,200
Truck361437,2821,2224,6795,6915,120
Truck361478,2437,3239,6810,6915,105
Truck361479,2655,2437,6810,6915,105
Truck361615,3331,2225,6845,6915,70
Truck360965,2224,2225,6665,6916,251
Truck361362,3239,2998,6775,6916,141
Truck361653,2821,3331,6855,6917,62
Truck360835,3238,3121,6630,6918,288
Truck361192,2999,2822,6730,6918,188
Truck361375,3238,2655,6780,6918,138
Truck360239,3121,1338,6465,6919,454
Truck360261,2436,3122,6470,6919,449
Truck361666,1339,3238,6860,6919,59
Truck361669,3331,2822,6860,6919,59
Truck361496,2437,2655,6815,6920,105
Truck361605,2655,2656,6845,6920,75
Truck361633,3331,2225,6850,6920,70
Truck360637,3238,2225,6575,6922,347
Truck361689,2821,2656,6865,6922,57
Truck361006,2822,0,6675,6923,248
Truck361210,2999,2998,6735,6923,188
Truck361497,2655,1339,6815,6923,108
Truck361511,2998,3331,6815,6923,108
Truck360207,2436,2821,6455,6924,469
Truck360493,3238,2224,6535,6924,389
Truck360763,3238,2998,6610,6925,315
Truck360182,2437,1338,6450,6926,476
Truck360800,2225,2224,6620,6926,306
Truck361388,2437,3121,6785,6926,141
Truck361634,2656,2655,6850,6926,76
Truck361462,2999,2225,6805,6927,122
Truck361707,2821,2656,6870,6927,57
Truck360952,2822,3238,6660,6928,268
Truck361525,3331,2998,6820,6928,108
Truck359821,1338,2656,6350,6929,579
Truck360225,2436,0,6460,6929,469
Truck360406,1339,2436,6510,6929,419
Truck361026,0,3121,6685,6929,244
Truck361086,3122,3121,6700,6929,229
Truck361228,2999,2998,6740,6929,189
Truck361705,3331,2822,6870,6929,59
Truck360818,2225,3331,6625,6930,305
Truck361196,2225,2437,6730,6930,200
Truck361456,2822,2225,6800,6930,130
Truck361011,2655,2224,6680,6931,251
Truck361031,3121,2998,6685,6931,246
Truck361072,1339,2822,6695,6931,236
Truck361242,0,2999,6745,6931,186
Truck361652,2656,3121,6855,6931,76
Truck361708,2822,3331,6870,6931,61
Truck360369,2436,3122,6500,6932,432
Truck361050,3122,2821,6690,6932,242
Truck361443,2655,2821,6800,6932,132
Truck361600,2822,3239,6840,6932,92
Truck361604,2437,3122,6845,6933,88
Truck361078,2822,3122,6695,6934,239
Truck361274,2656,3122,6750,6934,184
Truck359839,1338,2821,6355,6935,580
Truck361214,2225,2437,6735,6935,200
Truck361677,2655,3331,6865,6935,70
Truck361049,3121,2224,6690,6936,246
Truck361550,2437,3331,6830,6936,106
Truck360906,3122,2998,6650,6937,287
Truck361068,3122,2821,6695,6937,242
Truck361096,2822,1339,6700,6937,237
Truck361289,2224,3331,6755,6937,182
Truck361473,2821,2225,6805,6937,132
Truck361725,2821,3331,6875,6937,62
Truck361121,3121,3122,6710,6938,228
Truck361264,2999,2656,6750,6938,188
Truck361313,2998,3121,6760,6938,178
Truck361416,3239,3122,6790,6938,148
Truck361558,1339,2655,6830,6938,108
Truck360307,1338,3121,6485,6939,454
Truck360315,2436,0,6485,6939,454
Truck361936,1339,3122,6935,6939,4
Truck361095,2821,3122,6700,6940,240
Truck361492,2822,1338,6810,6940,130
Truck361523,2224,2821,6820,6940,120
Truck361568,2437,3331,6835,6941,106
Truck361327,3331,1339,6765,6942,177
Truck361733,3121,2999,6880,6942,62
Truck360864,0,2225,6640,6943,303
Truck360925,3238,3121,6655,6943,288
Truck361586,2437,0,6840,6943,103
Truck361830,3239,2656,6905,6943,38
Truck361848,3239,3331,6910,6943,33
Truck360641,2224,0,6575,6944,369
Truck360872,2225,2821,6640,6944,304
Truck361759,3331,2822,6885,6944,59
Truck359875,1338,2656,6365,6945,580
Truck360459,2436,1339,6525,6945,420
Truck361085,3121,2821,6700,6945,245
Truck361244,2437,2225,6745,6945,200
Truck361713,2655,3331,6875,6945,70
Truck361723,3331,2437,6875,6945,70
Truck361706,2656,2999,6870,6946,76
Truck360944,2225,3122,6660,6947,287
Truck361325,2224,3331,6765,6947,182
Truck361509,2821,2999,6815,6947,132
Truck361761,2821,3331,6885,6947,62
Truck360695,2224,1339,6590,6948,358
Truck361231,3238,3331,6740,6948,208
Truck361602,0,2437,6845,6948,103
Truck361750,2999,3121,6885,6948,63
Truck361300,2999,2821,6760,6949,189
Truck361721,2224,2822,6875,6949,74
Truck361727,2998,2224,6875,6949,74
Truck361777,3331,2822,6890,6949,59
Truck360890,2225,3331,6645,6950,305
Truck361015,3238,2821,6680,6950,270
Truck361131,2821,3122,6710,6950,240
Truck361091,2224,2225,6700,6951,251
Truck361103,3121,3239,6705,6951,246
Truck361481,3121,2437,6810,6951,141
Truck361527,2821,3121,6820,6952,132
Truck359749,1338,3238,6330,6953,623
Truck360961,3238,3121,6665,6953,288
Truck361346,2656,1339,6770,6953,183
Truck361310,2656,0,6760,6954,194
Truck361318,2999,2821,6765,6954,189
Truck361378,1339,2999,6780,6954,174
Truck361533,2655,2822,6825,6954,129
Truck361789,3238,1339,6895,6954,59
Truck361814,2656,2822,6900,6954,54
Truck360423,2436,1338,6515,6955,440
Truck360903,2655,2225,6650,6955,305
Truck360908,2225,2655,6650,6955,305
Truck360989,2998,1339,6670,6955,285
Truck361816,2822,2656,6900,6955,55
Truck361109,2224,2655,6705,6956,251
Truck361798,2822,3331,6895,6956,61
Truck359974,1339,1338,6390,6957,567
Truck361051,3238,2822,6690,6957,267
Truck361622,2437,3331,6850,6957,107
Truck360189,2436,3238,6450,6958,508
Truck360978,3122,2225,6670,6958,288
Truck361256,2656,3238,6745,6958,213
Truck361385,2998,3121,6780,6958,178
Truck361630,1339,2655,6850,6958,108
Truck361637,2998,3331,6850,6958,108
Truck361336,2999,2655,6770,6959,189
Truck361376,2225,3121,6780,6959,179
Truck361763,2998,2224,6885,6959,74
Truck361810,1339,3238,6900,6959,59
Truck361884,3239,2655,6920,6959,39
Truck359929,1338,2821,6380,6960,580
Truck361564,2822,2437,6830,6960,130
Truck361350,0,2999,6775,6961,186
Truck362004,3122,1339,6955,6961,6
Truck360387,2436,2656,6505,6962,457
Truck360996,3122,2998,6675,6962,287
Truck361139,3121,2655,6715,6962,247
Truck361551,2655,2821,6830,6962,132
Truck361694,2437,1339,6870,6962,92
Truck361704,3239,2822,6870,6962,92
Truck361780,2822,2998,6890,6962,72
Truck361815,2821,3331,6900,6962,62
Truck359785,1338,3238,6340,6963,623
Truck361389,2655,2998,6785,6963,178
Truck361651,3331,2998,6855,6963,108
Truck359947,1338,3239,6385,6965,580
Truck361185,2821,3122,6725,6965,240
Truck361582,2822,2225,6835,6965,130
Truck361658,2437,2224,6860,6965,105
Truck361767,2655,2656,6890,6965,75
Truck361157,3121,2224,6720,6966,246
Truck361778,2656,2437,6890,6966,76
Truck361399,3331,2224,6785,6967,182
Truck361850,2656,2821,6910,6967,57
Truck361309,3331,3238,6760,6968,208
Truck361421,2998,2437,6790,6968,178
Truck360489,2655,2436,6535,6969,434
Truck361372,2999,2822,6780,6969,189
Truck361409,3121,2225,6790,6969,179
Truck361734,3122,2437,6880,6969,89
Truck361868,2656,2822,6915,6969,54
Truck359965,1338,2656,6390,6970,580
Truck360837,2436,3121,6630,6971,341
Truck361163,2224,2437,6720,6971,251
Truck361796,2656,2225,6895,6971,76
Truck361998,0,3122,6955,6971,16
Truck362047,3331,2656,6965,6971,6
Truck361587,2655,2821,6840,6972,132
Truck361599,2821,2436,6840,6972,132
Truck361432,1339,3331,6795,6973,178
Truck361691,2998,3331,6865,6973,108
Truck361748,2437,3122,6885,6973,88
Truck360975,2655,2225,6670,6975,305
Truck361825,3238,0,6905,6975,70
Truck359983,1338,3239,6395,6976,581
Truck361034,2225,1339,6685,6976,291
Truck360652,2999,1338,6580,6977,397
Truck360998,2225,0,6675,6977,302
Truck361617,2821,3121,6845,6977,132
Truck361756,1339,2437,6885,6977,92
Truck361834,2822,2224,6905,6977,72
Truck361512,0,3239,6820,6978,158
Truck361958,2656,3239,6940,6978,38
Truck361436,2656,3122,6795,6979,184
Truck361904,2656,2822,6925,6979,54
Truck361956,3239,2436,6940,6979,39
Truck360756,0,2224,6610,6980,370
Truck361079,2998,1339,6695,6980,285
Truck361239,2821,3122,6740,6980,240
Truck361370,2437,2225,6780,6980,200
Truck361386,0,2656,6785,6980,195
Truck361601,2998,3239,6840,6980,140
Truck361636,2822,2437,6850,6980,130
Truck360001,1338,3239,6400,6981,581
Truck361052,2225,1339,6690,6981,291
Truck361199,2224,2437,6730,6981,251
Truck361426,2999,0,6795,6981,186
Truck361712,2437,2998,6875,6981,106
Truck361832,2656,2436,6905,6981,76
Truck360405,2436,2224,6510,6982,472
Truck360441,2436,2655,6520,6982,462
Truck360854,2225,3238,6635,6982,347
Truck361141,3238,2822,6715,6982,267
Truck361211,3121,2655,6735,6982,247
Truck361887,2821,3331,6920,6982,62
Truck361363,3331,3238,6775,6983,208
Truck360582,3122,2436,6560,6984,424
Truck361788,3122,2437,6895,6984,89
Truck361016,2225,2224,6680,6985,305
Truck361654,2822,2436,6855,6985,130
Truck361730,2437,2224,6880,6985,105
Truck360783,2436,2437,6615,6986,371
Truck361229,3121,2822,6740,6986,246
Truck361282,2999,3238,6755,6986,231
Truck360082,1339,1338,6420,6987,567
Truck361870,2822,2998,6915,6987,72
Truck361168,2822,3238,6720,6988,268
Truck361623,2655,3238,6850,6988,138
Truck361745,2998,3331,6880,6988,108
Truck361992,3239,2656,6950,6988,38
Truck360495,2436,2656,6535,6989,454
Truck360037,1338,2655,6410,6990,580
Truck360531,2436,3122,6545,6990,445
Truck360995,3121,2436,6675,6990,315
Truck361167,2821,3238,6720,6990,270
Truck361672,2822,2436,6860,6990,130
Truck361692,0,2655,6870,6990,120
Truck361885,3331,2437,6920,6990,70
Truck360416,2437,1338,6515,6991,476
Truck360549,2436,3239,6550,6991,441
Truck361235,2224,2655,6740,6991,251
Truck361247,3121,2655,6745,6991,246
Truck361671,2821,2225,6860,6992,132
Truck361940,2656,2821,6935,6992,57
Truck361766,2437,0,6890,6993,103
Truck362012,2656,3239,6955,6993,38
Truck362028,3239,3331,6960,6993,33
Truck360505,1338,3121,6540,6994,454
Truck360558,0,2436,6555,6995,440
Truck360567,2436,1339,6555,6995,440
Truck361025,2998,3238,6680,6995,315
Truck361161,2436,2999,6720,6995,275
Truck361655,2998,3239,6855,6995,140
Truck361933,3238,3122,6935,6995,60
Truck361253,2224,2225,6745,6996,251
Truck361480,2999,0,6810,6996,186
Truck361886,2656,2225,6920,6996,76
Truck360724,2999,1338,6600,6997,397
Truck361122,3122,2998,6710,6997,287
Truck361941,2821,3331,6935,6997,62
Truck360513,2436,3122,6540,6998,458
Truck361283,3121,0,6755,6998,243
Truck361774,1339,2655,6890,6998,108
Truck360132,3122,1338,6435,6999,564
Truck361472,2656,0,6805,6999,194
Truck361520,2225,3121,6820,6999,179
Truck361901,2224,2822,6925,6999,74
Truck360073,1338,2224,6420,7000,580
Truck361306,1339,2821,6760,7000,240
Truck361728,0,2655,6880,7000,120
Truck361784,2437,2655,6895,7000,105
Truck361921,3331,2437,6930,7000,70
Truck360514,1339,2436,6540,7001,461
Truck361271,2224,1338,6750,7001,251
Truck361494,0,2999,6815,7001,186
Truck360603,2436,1339,6565,7002,437
Truck361178,2225,1338,6725,7002,277
Truck361542,3239,3238,6825,7002,177
Truck361838,2437,1339,6910,7002,92
Truck361949,3121,2999,6940,7002,62
Truck361080,0,2225,6700,7003,303
Truck361547,2998,2655,6825,7003,178
Truck361874,2437,2999,6920,7003,83
Truck360091,1338,3331,6425,7004,579
Truck361535,3121,2225,6825,7004,179
Truck361749,2655,0,6885,7004,119
Truck361860,3122,2437,6915,7004,89
Truck361876,2999,2437,6920,7004,84
Truck362046,3239,2436,6965,7004,39
Truck360532,1339,2436,6545,7005,460
Truck361088,2225,2655,6700,7005,305
Truck361324,1339,2821,6765,7005,240
Truck361498,2999,2224,6815,7005,190
Truck361726,2822,2225,6875,7005,130
Truck361555,3238,3239,6830,7006,176
Truck361802,2437,2224,6900,7006,106
Truck361978,2822,3331,6945,7006,61
Truck360109,1338,0,6430,7007,577
Truck360154,1339,1338,6440,7007,567
Truck361560,3239,3238,6830,7007,177
Truck360941,3121,2436,6660,7008,348
Truck361561,3331,3122,6830,7008,178
Truck361565,2998,2999,6830,7008,178
Truck361106,2225,2821,6705,7009,304
Truck361803,2655,3122,6900,7009,109
Truck361342,1339,2821,6770,7010,240
Truck361307,2224,2225,6760,7011,251
Truck361317,2655,3121,6765,7011,246
Truck361319,3121,2998,6765,7011,246
Truck360962,2225,3238,6665,7012,347
Truck361134,0,2998,6715,7012,297
Truck361743,2821,1338,6880,7012,132
Truck361820,2437,3239,6905,7012,107
Truck361995,2821,3331,6950,7012,62
Truck361681,3238,2437,6865,7013,148
Truck360585,2436,2998,6560,7014,454
Truck361534,2999,3331,6825,7014,189
Truck361821,2655,3122,6905,7014,109
Truck362005,3238,1339,6955,7014,59
Truck362082,3239,2436,6975,7014,39
Truck360127,1338,2998,6435,7015,580
Truck360929,2224,3122,6655,7015,360
Truck361337,3121,2821,6770,7015,245
Truck361762,2822,3121,6885,7015,130
Truck361975,3331,2436,6945,7015,70
Truck360657,2436,3122,6580,7016,436
Truck361169,2998,0,6720,7016,296
Truck361715,3121,2437,6875,7016,141
Truck359989,3238,1338,6395,7018,623
Truck360739,1338,2436,6605,7018,413
Truck361193,3121,3238,6730,7018,288
Truck361276,2822,3238,6750,7018,268
Truck361597,3331,3122,6840,7018,178
Truck361854,0,2437,6915,7018,103
Truck361580,2656,3122,6835,7019,184
Truck362100,3239,2999,6980,7019,39
Truck360145,1338,3331,6440,7020,580
Truck361115,2998,3238,6705,7020,315
Truck361137,2655,2225,6715,7020,305
Truck361514,2437,2225,6820,7020,200
Truck361530,0,2656,6825,7020,195
Truck361552,2999,2822,6830,7020,190
Truck361993,3331,2999,6950,7020,70
Truck360524,2437,1338,6545,7021,476
Truck361355,3121,2655,6775,7021,246
Truck361570,2999,0,6835,7021,186
Truck361740,3239,2998,6880,7021,141
Truck361856,2437,3331,6915,7021,106
Truck361779,2821,2436,6890,7022,132
Truck360639,2436,2998,6575,7023,448
Truck361619,2998,1338,6845,7023,178
Truck361674,0,3239,6865,7023,158
Truck361753,3238,2655,6885,7023,138
Truck362120,2656,3239,6985,7023,38
Truck361160,2225,2655,6720,7024,304
Truck361368,0,3121,6780,7024,244
Truck361598,2656,3122,6840,7024,184
Truck362118,3239,2437,6985,7024,39
Truck361373,3121,2822,6780,7025,245
Truck361532,2437,2225,6825,7025,200
Truck361983,2655,2656,6950,7025,75
Truck360163,1338,2821,6445,7026,581
Truck361353,2655,2224,6775,7026,251
Truck362015,2998,2822,6955,7026,71
Truck361188,0,2998,6730,7027,297
Truck361928,2437,1339,6935,7027,92
Truck362039,3121,2999,6965,7027,62
Truck360711,2436,2656,6595,7028,433
Truck361312,2822,3238,6760,7028,268
Truck361508,2656,3238,6815,7028,213
Truck361892,2437,0,6925,7028,103
Truck361420,2822,3122,6790,7029,239
Truck361588,2999,2821,6840,7029,189
Truck361966,2999,2437,6945,7029,84
Truck362059,3238,1339,6970,7029,59
Truck362084,2656,2822,6975,7029,54
Truck362136,3239,2999,6990,7029,39
Truck360559,1338,2437,6555,7030,475
Truck361447,3238,2999,6800,7030,230
Truck361682,2225,2436,6865,7030,165
Truck362029,3331,2436,6960,7030,70
Truck361391,3121,3331,6785,7031,246
Truck361444,2999,3238,6800,7031,231
Truck361960,2822,3239,6940,7032,92
Truck360622,1339,2436,6570,7033,463
Truck361606,2999,3331,6845,7033,188
Truck360889,3238,2224,6645,7034,389
Truck361464,3122,3121,6805,7034,229
Truck361524,3239,2224,6820,7034,214
Truck362154,3239,3121,6995,7034,39
Truck360199,1338,2655,6455,7035,580
Truck361001,2224,3122,6675,7035,360
Truck361401,2821,0,6785,7035,250
Truck361869,2821,2224,6915,7035,120
Truck361910,2437,2998,6930,7035,105
Truck360747,2436,1338,6605,7036,431
Truck361620,0,2999,6850,7036,186
Truck362030,2656,2436,6960,7036,76
Truck362282,2656,3331,7030,7036,6
Truck360262,1339,1338,6470,7037,567
Truck361266,3122,2998,6750,7037,287
Truck361265,3121,3238,6750,7038,288
Truck361918,1339,2655,6930,7038,108
Truck361482,3122,3121,6810,7039,229
Truck361624,2999,2821,6850,7039,189
Truck361986,3122,2437,6950,7039,89
Truck362172,3239,2225,7000,7039,39
Truck361852,2822,3121,6910,7040,130
Truck361974,3239,2821,6945,7040,95
Truck362065,3331,2437,6970,7040,70
Truck361209,2655,2225,6735,7041,306
Truck361404,0,2821,6790,7041,251
Truck361415,2224,2655,6790,7041,251
Truck361685,2224,2656,6865,7041,176
Truck362048,2656,2225,6965,7041,76
Truck361427,3121,3239,6795,7042,247
Truck361686,3239,3238,6865,7042,177
Truck361758,3239,0,6885,7042,157
Truck361341,2436,2999,6770,7043,273
Truck361422,0,2822,6795,7043,248
Truck361445,3121,0,6800,7043,243
Truck361944,0,2437,6940,7043,103
Truck362000,2437,3122,6955,7043,88
Truck360601,3238,2436,6565,7044,479
Truck361232,2225,2224,6740,7044,304
Truck362063,2224,2822,6970,7044,74
Truck360235,1338,2822,6465,7045,580
Truck360693,2436,1339,6590,7045,455
Truck361037,2224,3122,6685,7045,360
Truck361696,2999,1339,6870,7045,175
Truck361946,2437,2655,6940,7045,105
Truck362083,3331,2436,6975,7045,70
Truck361433,2224,2225,6795,7046,251
Truck362066,2656,2437,6970,7046,76
Truck362070,0,3238,6975,7046,71
Truck361304,2225,3122,6760,7047,287
Truck362086,2822,2998,6975,7047,72
Truck361055,2224,1339,6690,7048,358
Truck361384,2822,3238,6780,7048,268
Truck361695,2655,2998,6870,7048,178
Truck360703,1338,3121,6595,7049,454
Truck360947,2224,3238,6660,7049,389
Truck361491,2821,1339,6810,7049,239
Truck361911,2655,0,6930,7049,119
Truck360253,1338,2998,6470,7050,580
Truck360675,2436,2998,6585,7050,465
Truck361250,2225,2656,6745,7050,305
Truck361331,2998,1339,6765,7050,285
Truck361638,0,2656,6855,7050,195
Truck361660,2999,2224,6860,7050,190
Truck361680,3122,2656,6865,7050,185
Truck361714,2999,1339,6875,7050,175
Truck361888,2822,3121,6920,7050,130
Truck362101,3331,2999,6980,7050,70
Truck361463,3121,2656,6805,7051,246
Truck361965,2655,2437,6945,7051,106
Truck361703,2224,3331,6870,7052,182
Truck361912,2999,2225,6930,7052,122
Truck362137,3331,2821,6990,7052,62
Truck361402,2822,3238,6785,7053,268
Truck360271,1338,2822,6475,7054,579
Truck361268,2225,2656,6750,7054,304
Truck361241,2998,3238,6740,7055,315
Truck361349,2998,1339,6770,7055,285
Truck361716,3122,3331,6875,7055,180
Truck361906,2822,2436,6925,7055,130
Truck361937,2224,2821,6935,7055,120
Truck361982,2437,2224,6950,7055,105
Truck361893,2655,2821,6925,7057,132
Truck361905,2821,2655,6925,7057,132
Truck362122,2822,2998,6985,7057,72
Truck362148,3122,3238,6995,7057,62
Truck362155,3331,2821,6995,7057,62
Truck360343,1338,3122,6495,7058,563
Truck362054,2437,3122,6970,7058,88
Truck362246,2656,3239,7020,7058,38
Truck360289,1338,2821,6480,7059,579
Truck361190,2437,2436,6730,7060,330
Truck361924,2822,2437,6930,7060,130
Truck361487,2224,1338,6810,7061,251
Truck362372,2656,3331,7055,7061,6
Truck361356,3122,2225,6775,7063,288
Truck361438,2822,3238,6795,7063,268
Truck361510,2822,0,6815,7063,248
Truck361632,3239,2224,6850,7064,214
Truck361742,2656,3122,6880,7064,184
Truck362262,3239,3121,7025,7064,39
Truck361676,2437,2225,6865,7065,200
Truck361942,2822,2437,6935,7065,130
Truck361962,0,2655,6945,7065,120
Truck362212,2822,2656,7010,7065,55
Truck360819,2436,2822,6625,7066,441
Truck360855,2436,3122,6635,7066,431
Truck361517,3121,2998,6820,7066,246
Truck362018,2437,2821,6960,7066,106
Truck362346,3122,0,7050,7066,16
Truck360325,1338,0,6490,7067,577
Truck360765,2436,2822,6610,7067,457
Truck361332,0,2998,6770,7067,297
Truck361776,3239,3238,6890,7067,177
Truck362299,3331,3239,7035,7067,32
Truck360891,2436,3122,6645,7068,423
Truck361781,2998,2436,6890,7068,178
Truck361836,0,3239,6910,7068,158
Truck362298,3239,3331,7035,7068,33
Truck361563,2821,1339,6830,7069,239
Truck361760,2656,3122,6885,7069,184
Truck362280,3239,2655,7030,7069,39
Truck361127,2224,3122,6710,7070,360
Truck361322,2225,2998,6765,7070,305
Truck361935,2436,2225,6935,7070,135
Truck362267,2998,2821,7025,7071,46
Truck362358,0,3122,7055,7071,16
Truck361392,3122,2998,6785,7072,287
Truck361866,3239,0,6915,7072,157
Truck361959,2821,1338,6940,7072,132
Truck361670,2656,3238,6860,7073,213
Truck361785,2655,2998,6895,7073,178
Truck361799,2998,2655,6895,7073,178
Truck361668,3239,2224,6860,7074,214
Truck362037,2655,3122,6965,7074,109
Truck360801,2436,0,6620,7075,455
Truck361335,2655,2225,6770,7075,305
Truck361414,1339,2998,6790,7075,285
Truck360909,2436,3122,6650,7076,426
Truck361764,0,2999,6890,7076,186
Truck361899,2436,2225,6925,7076,151
Truck361931,3121,2437,6935,7076,141
Truck362376,0,3122,7060,7076,16
Truck361410,3122,2998,6790,7077,287
Truck361812,3239,3238,6900,7077,177
Truck361977,2821,2999,6945,7077,132
Truck360415,1338,3122,6515,7078,563
Truck361688,2656,3238,6865,7078,213
Truck361817,2998,2436,6900,7078,178
Truck361915,3238,2437,6930,7078,148
Truck360361,1338,2224,6500,7079,579
Truck360991,1338,2436,6675,7079,404
Truck361768,2999,3239,6890,7079,189
Truck361828,1339,2999,6905,7079,174
Truck362189,2224,2822,7005,7079,74
Truck362195,2998,2224,7005,7079,74
Truck362316,3239,2436,7040,7079,39
Truck361571,3121,2656,6835,7080,245
Truck361996,2822,2436,6950,7080,130
Truck362209,3331,2225,7010,7080,70
Truck360852,3122,2436,6635,7081,446
Truck362192,2656,2655,7005,7081,76
Truck360379,1338,0,6505,7082,577
Truck360621,2436,3238,6570,7082,512
Truck362024,2225,2999,6960,7082,122
Truck362264,2656,2821,7025,7082,57
Truck360217,1338,3238,6460,7083,623
Truck361428,3122,2225,6795,7083,288
Truck361786,2999,2998,6895,7083,188
Truck361795,3331,0,6895,7083,188
Truck361831,3331,3122,6905,7083,178
Truck361835,2998,3121,6905,7083,178
Truck361938,3239,3122,6935,7083,148
Truck361618,2822,3122,6845,7084,239
Truck361846,1339,2999,6910,7084,174
Truck362334,3239,2437,7045,7084,39
Truck361501,3238,2821,6815,7085,270
Truck361589,3121,2821,6840,7085,245
Truck361754,2225,2437,6885,7085,200
Truck362014,2822,3121,6955,7085,130
Truck362227,3331,3121,7015,7085,70
Truck362284,2822,2656,7030,7085,55
Truck361577,2224,2655,6835,7086,251
Truck361642,2999,3238,6855,7086,231
Truck362210,2656,3121,7010,7086,76
Truck361608,3122,2821,6845,7087,242
Truck361648,1339,3121,6855,7087,232
Truck361920,3239,0,6930,7087,157
Truck362013,2821,2999,6955,7087,132
Truck362230,2822,2224,7015,7087,72
Truck361446,3122,2225,6800,7088,288
Truck361839,2655,2998,6910,7088,178
Truck362352,3239,2656,7050,7088,38
Truck360397,1338,3331,6510,7089,579
Truck361800,0,3331,6900,7089,189
Truck361804,2999,3331,6900,7089,189
Truck360964,1339,2436,6665,7090,425
Truck361367,2998,3238,6775,7090,315
Truck361394,2225,3239,6785,7090,305
Truck361635,2821,3122,6850,7090,240
Truck361772,2225,2437,6890,7090,200
Truck361952,2225,2436,6940,7090,150
Truck362032,2822,1338,6960,7090,130
Truck361595,2224,2655,6840,7091,251
Truck362108,2437,2655,6985,7091,106
Truck362031,2821,3121,6960,7092,132
Truck360469,1338,3122,6530,7093,563
Truck361822,2999,3331,6905,7093,188
Truck361871,2998,2655,6915,7093,178
Truck361926,0,3239,6935,7093,158
Truck362272,2999,3121,7030,7093,63
Truck361882,1339,2999,6920,7094,174
Truck362243,2224,2822,7020,7094,74
Truck362318,2656,2822,7040,7094,54
Truck362050,2822,2436,6965,7095,130
Truck362263,3331,3121,7025,7095,70
Truck361613,2224,2655,6845,7096,251
Truck362126,2437,2656,6990,7096,106
Truck362490,3122,1339,7090,7096,6
Truck360433,1338,0,6520,7097,577
Truck361867,3331,2224,6915,7097,182
Truck361896,3122,2999,6925,7097,172
Truck362049,2821,2999,6965,7097,132
Truck362266,2822,2998,7025,7097,72
Truck361849,3331,0,6910,7098,188
Truck361889,2998,2437,6920,7098,178
Truck362019,2655,3238,6960,7098,138
Truck362156,2656,2998,6995,7098,103
Truck362410,2822,2821,7065,7098,33
Truck361840,2999,3239,6910,7099,189
Truck362055,2655,2822,6970,7099,129
Truck360873,2436,2656,6640,7100,460
Truck361430,2225,3239,6795,7100,305
Truck362068,2822,2436,6970,7100,130
Truck361475,2998,0,6805,7101,296
Truck361631,2224,2999,6850,7101,251
Truck361643,3121,2998,6855,7101,246
Truck361858,2999,0,6915,7101,186
Truck362010,3239,1339,6955,7101,146
Truck362144,2437,2822,6995,7101,106
Truck362320,2822,3331,7040,7101,61
Truck362466,0,3122,7085,7101,16
Truck360496,1339,1338,6535,7102,567
Truck360874,1339,2436,6640,7102,462
Truck361286,2225,3238,6755,7102,347
Truck361902,3239,3238,6925,7102,177
Truck362067,2821,1338,6970,7102,132
Truck362484,0,1339,7090,7102,12
Truck360295,3238,1338,6480,7103,623
Truck361907,2998,1338,6925,7103,178
Truck361448,2225,3331,6800,7104,304
Truck362285,2998,2224,7030,7104,74
Truck362329,3238,1339,7045,7104,59
Truck360451,1338,3331,6525,7105,580
Truck361661,3121,2224,6860,7105,245
Truck361504,1339,2225,6815,7106,291
Truck361529,2998,3122,6820,7106,286
Truck361872,0,2999,6920,7106,186
Truck362036,2437,3121,6965,7106,141
Truck362303,2998,2822,7035,7106,71
Truck361556,2225,1338,6830,7107,277
Truck361875,2655,2999,6920,7107,187
Truck361903,3331,2224,6925,7107,182
Truck362060,2225,2436,6970,7107,137
Truck362085,2821,2655,6975,7107,132
Truck362162,2437,3331,7000,7107,107
Truck361518,3122,2225,6820,7108,288
Truck361813,3331,3238,6900,7108,208
Truck361925,2998,3121,6930,7108,178
Truck362170,1339,2655,7000,7108,108
Truck362415,2655,3239,7070,7108,38
Truck360945,2436,2822,6660,7109,449
Truck361159,3238,2224,6720,7109,389
Truck361794,3239,2224,6895,7109,214
Truck361032,3122,2436,6685,7110,425
Truck361466,2225,2655,6805,7110,305
Truck361591,3238,2821,6840,7110,270
Truck362104,2822,2655,6980,7110,130
Truck362317,3331,2437,7040,7110,70
Truck360523,1338,1339,6545,7111,566
Truck361732,2999,3238,6880,7111,231
Truck362300,2656,1338,7035,7111,76
Truck360963,2436,0,6665,7112,447
Truck361484,2225,0,6810,7112,302
Truck362180,2437,3331,7005,7112,107
Truck362353,3331,2821,7050,7112,62
Truck361943,2998,2655,6935,7113,178
Truck362073,2655,3238,6975,7113,138
Truck362213,2998,2656,7010,7113,103
Truck362344,2999,3121,7050,7113,63
Truck360937,1338,3121,6660,7114,454
Truck361922,2656,3122,6930,7114,184
Truck362145,2655,0,6995,7114,119
Truck362442,3239,2437,7075,7114,39
Truck362198,2437,2224,7010,7115,105
Truck362335,3331,2225,7045,7115,70
Truck362392,2822,2656,7060,7115,55
Truck360981,2436,2656,6670,7116,446
Truck361738,1339,2822,6880,7116,236
Truck362064,3239,1339,6970,7116,146
Truck360921,2655,2436,6655,7117,462
Truck361502,2225,0,6815,7117,302
Truck361557,2436,2999,6830,7117,287
Truck362121,2821,2999,6985,7117,132
Truck362150,2225,2999,6995,7117,122
Truck361553,3121,3238,6830,7118,288
Truck362206,1339,2655,7010,7118,108
Truck362274,3122,2437,7030,7119,89
Truck362389,3331,2822,7060,7119,59
Truck362105,2998,3239,6980,7120,140
Truck362140,2822,1338,6990,7120,130
Truck362347,3238,0,7050,7120,70
Truck362383,3238,3122,7060,7120,60
Truck361071,2436,1339,6695,7121,426
Truck361976,2656,2224,6945,7121,176
Truck362544,3122,0,7105,7121,16
Truck361358,2225,3238,6775,7122,347
Truck361572,3122,2998,6835,7122,287
Truck361929,2655,2999,6935,7122,187
Truck362409,2821,2656,7065,7122,57
Truck361954,1339,2656,6940,7123,183
Truck361972,1339,3331,6945,7123,178
Truck361979,2998,2999,6945,7123,178
Truck362077,3238,2437,6975,7123,148
Truck362306,2437,2999,7040,7123,83
Truck360973,1338,3121,6670,7124,454
Truck360977,3121,1338,6670,7124,454
Truck361898,2225,2437,6925,7125,200
Truck361930,2999,3239,6935,7125,190
Truck362158,2822,3121,6995,7125,130
Truck362371,3331,2436,7055,7125,70
Truck362428,2822,2656,7070,7125,55
Truck361035,2436,2821,6685,7126,441
Truck361108,1339,2436,6705,7126,421
Truck361320,3122,2224,6765,7126,361
Truck362354,2656,2999,7050,7126,76
Truck362598,3122,1339,7120,7126,6
Truck361548,0,2998,6830,7127,297
Truck361628,2225,1338,6850,7127,277
Truck361792,1339,3121,6895,7127,232
Truck362157,2821,2655,6995,7127,132
Truck362517,2821,2822,7095,7127,32
Truck361805,3121,3122,6900,7128,228
Truck361879,3238,3331,6920,7128,208
Truck361957,3331,0,6940,7128,188
Truck361997,2998,3121,6950,7128,178
Truck362090,2437,3238,6980,7128,148
Truck362249,2998,3331,7020,7128,108
Truck360541,1338,2998,6550,7129,579
Truck361017,2436,2998,6680,7129,449
Truck362163,2655,2822,7000,7129,129
Truck362444,2656,2822,7075,7129,54
Truck362496,3239,1338,7090,7129,39
Truck361538,2225,2224,6825,7130,305
Truck361612,1339,2998,6845,7130,285
Truck361751,3121,2224,6885,7130,245
Truck361968,3122,2656,6945,7130,185
Truck362002,2999,1339,6955,7130,175
Truck362176,2822,3121,7000,7130,130
Truck361739,2224,2437,6880,7131,251
Truck362009,2224,2656,6955,7131,176
Truck362252,2437,2655,7025,7131,106
Truck362481,2821,2998,7085,7131,46
Truck362022,3122,2999,6960,7132,172
Truck362175,2821,3121,7000,7132,132
Truck362425,3331,2821,7070,7132,62
Truck362592,0,1339,7120,7132,12
Truck361690,2822,3238,6865,7133,268
Truck362001,2655,2998,6955,7133,178
Truck362253,2655,1339,7025,7133,108
Truck361797,2821,1339,6895,7134,239
Truck362003,3121,2225,6955,7134,179
Truck362217,2655,0,7015,7134,119
Truck362443,3331,2822,7075,7134,59
Truck362514,3239,2999,7095,7134,39
Truck361519,3238,2998,6820,7135,315
Truck361769,3121,2224,6890,7135,245
Truck362194,2822,2655,7005,7135,130
Truck362270,2437,3331,7030,7135,105
Truck362407,3331,2225,7065,7135,70
Truck360577,1338,0,6560,7137,577
Truck361411,3238,2225,6790,7137,347
Truck361412,2225,3238,6790,7137,347
Truck361584,0,2998,6840,7137,297
Truck362011,3331,2224,6955,7137,182
Truck362193,2821,2655,7005,7137,132
Truck362324,2437,1339,7045,7137,92
Truck362435,3121,2999,7075,7137,62
Truck361787,3121,0,6895,7138,243
Truck362033,2998,2655,6960,7138,178
Truck362281,3331,2998,7030,7138,108
Truck361027,1338,3121,6685,7139,454
Truck361343,2224,0,6770,7139,369
Truck362458,1339,3238,7080,7139,59
Truck361574,2225,3331,6835,7140,305
Truck362165,3121,2437,7000,7141,141
Truck362342,2437,1339,7050,7142,92
Truck361939,3331,3238,6935,7143,208
Truck362051,2998,1338,6965,7143,178
Truck362149,3238,2437,6995,7143,148
Truck362289,2655,1339,7035,7143,108
Truck362568,3239,3331,7110,7143,33
Truck361994,2656,0,6950,7144,194
Truck362498,2656,2822,7090,7144,54
Truck361793,2224,2999,6895,7146,251
Truck362016,0,2999,6960,7146,186
Truck362307,2655,2437,7040,7146,106
Truck362426,2656,2437,7070,7146,76
Truck362628,0,3122,7130,7146,16
Truck362678,2656,3331,7140,7146,6
Truck361700,2225,1338,6870,7147,277
Truck361701,2436,2999,6870,7147,277
Truck362368,1339,2437,7055,7147,92
Truck362446,2822,2998,7075,7147,72
Truck362020,2999,2656,6960,7148,188
Truck362044,1339,2656,6965,7148,183
Truck362062,1339,3331,6970,7148,178
Truck362069,2998,2437,6970,7148,178
Truck360613,1338,2998,6570,7149,579
Truck361063,1338,3121,6695,7149,454
Truck361610,2225,2822,6845,7149,304
Truck362692,1339,3122,7145,7149,4
Truck361573,3238,2998,6835,7150,315
Truck362248,2822,2655,7020,7150,130
Truck362518,2822,2656,7095,7150,55
Truck361099,1338,2436,6705,7151,446
Truck361107,2436,2822,6705,7151,446
Truck361823,3121,2998,6905,7151,246
Truck362092,2999,3122,6980,7151,171
Truck360999,2436,3238,6675,7152,477
Truck362247,2821,2999,7020,7152,132
Truck362087,2998,2437,6975,7153,178
Truck362190,3239,3122,7005,7153,148
Truck362325,2655,1339,7045,7153,108
Truck361125,2436,2656,6710,7154,444
Truck362038,2999,2821,6965,7154,189
Truck362098,1339,2999,6980,7154,174
Truck362586,3239,3121,7115,7154,39
Truck361833,2821,0,6905,7155,250
Truck362076,3122,3331,6975,7155,180
Truck362388,3239,2821,7060,7155,95
Truck360631,1338,2224,6575,7156,581
Truck361829,2224,2436,6905,7156,251
Truck362240,2225,2436,7020,7156,136
Truck362462,2656,1338,7080,7156,76
Truck361179,2436,3122,6725,7157,432
Truck361656,0,2998,6860,7157,297
Truck361771,3238,2822,6890,7157,267
Truck361895,3121,1339,6925,7157,232
Truck362265,2821,2225,7025,7157,132
Truck361044,0,2436,6690,7158,468
Truck361451,2224,1339,6800,7158,358
Truck361973,2224,3239,6945,7158,213
Truck362160,0,3239,7000,7158,158
Truck361878,3122,2822,6920,7159,239
Truck362056,2999,2224,6970,7159,189
Truck362527,3238,1339,7100,7159,59
Truck362604,3239,2436,7120,7159,39
Truck360649,1338,2822,6580,7160,580
Truck361851,2821,0,6910,7160,250
Truck362034,0,2656,6965,7160,195
Truck362497,3331,2999,7090,7160,70
Truck361847,2224,2999,6910,7161,251
Truck362480,2656,1338,7085,7161,76
Truck361053,2436,3331,6690,7162,472
Truck361913,3121,1339,6930,7162,232
Truck362099,2224,3331,6980,7162,182
Truck362283,2821,3121,7030,7162,132
Truck362535,2821,3331,7100,7162,62
Truck361469,2224,1339,6805,7163,358
Truck362074,2999,2655,6975,7163,188
Truck362123,2998,2655,6985,7163,178
Truck362375,2998,3331,7055,7163,108
Truck360667,1338,2656,6585,7164,579
Truck361089,2436,2656,6700,7164,464
Truck361117,1338,3121,6710,7164,454
Truck361357,3238,2224,6775,7164,389
Truck361468,1339,2224,6805,7164,359
Truck362548,1339,3238,7105,7164,59
Truck362622,3239,2436,7125,7164,39
Truck361664,2225,3331,6860,7165,305
Truck361877,3121,2822,6920,7165,245
Truck362302,2822,2436,7035,7165,130
Truck362337,2821,2224,7045,7165,120
Truck362515,3331,2437,7095,7165,70
Truck361765,1338,2225,6890,7166,276
Truck361807,3238,2822,6900,7167,267
Truck362301,2821,2655,7035,7167,132
Truck362023,3238,3331,6960,7168,208
Truck362141,2998,2225,6990,7168,178
Truck362238,3122,3239,7020,7168,148
Truck362642,2656,3239,7130,7168,38
Truck361379,2224,3238,6780,7169,389
Truck362396,2437,2998,7065,7170,105
Truck362533,3331,3121,7100,7170,70
Truck361593,2436,2437,6840,7171,331
Truck362520,0,3238,7100,7171,71
Truck362627,2998,2821,7125,7171,46
Truck361351,1338,2999,6775,7172,397
Truck361354,2999,1338,6775,7172,397
Truck362226,3239,0,7015,7172,157
Truck362319,2821,3121,7040,7172,132
Truck362588,2656,2821,7115,7172,57
Truck362589,2821,2656,7115,7172,57
Truck360757,1338,3122,6610,7173,563
Truck361752,3122,2225,6885,7173,288
Truck362152,1339,3331,6995,7173,178
Truck362159,2998,2436,6995,7173,178
Truck362256,3122,3239,7025,7173,148
Truck362293,3238,2655,7035,7173,138
Truck362404,1339,2655,7065,7173,108
Truck362110,2999,2224,6985,7174,189
Truck362138,2656,3122,6990,7174,184
Truck362463,2821,3239,7080,7174,94
Truck361505,2224,3122,6815,7175,360
Truck361673,2998,3238,6860,7175,315
Truck362460,3239,2821,7080,7175,95
Truck362523,2655,2656,7100,7175,75
Truck361082,2437,1338,6700,7176,476
Truck361521,2436,2437,6820,7176,356
Truck361890,0,2821,6925,7176,251
Truck362174,2656,2224,7000,7176,176
Truck362742,3122,0,7160,7176,16
Truck361843,3238,2822,6910,7177,267
Truck362244,3239,0,7020,7177,157
Truck362476,1339,2437,7085,7177,92
Truck362607,2821,2656,7120,7177,57
Truck360565,3238,1338,6555,7178,623
Truck362173,3331,3122,7000,7178,178
Truck362177,2998,2437,7000,7178,178
Truck362311,3238,2655,7040,7178,138
Truck362504,2437,2999,7095,7178,83
Truck362128,2999,3239,6990,7179,189
Truck362555,2998,2224,7105,7179,74
Truck360721,1338,2224,6600,7180,580
Truck361923,2821,0,6930,7180,250
Truck362356,2822,2437,7050,7180,130
Truck362478,3239,2821,7085,7180,95
Truck362569,3331,2437,7110,7180,70
Truck361143,2436,2224,6715,7181,466
Truck362552,2656,1338,7105,7181,76
Truck362754,0,3122,7165,7181,16
Truck361390,2999,1338,6785,7182,397
Truck362355,2821,2437,7050,7182,132
Truck362500,2822,3239,7090,7182,92
Truck362572,2822,2224,7110,7182,72
Truck362146,2999,2224,6995,7183,188
Truck362522,2437,2999,7100,7183,83
Truck361647,2436,2437,6855,7184,329
Truck361736,2225,2656,6880,7184,304
Truck361541,2224,3122,6825,7185,360
Truck361709,2998,3238,6870,7185,315
Truck361947,2655,3121,6940,7185,245
Truck362374,2822,2436,7055,7185,130
Truck362436,3122,2655,7075,7185,110
Truck362581,3238,0,7115,7185,70
Truck362587,3331,2436,7115,7185,70
Truck362570,2656,2437,7110,7186,76
Truck362591,2998,2822,7115,7186,71
Truck361408,2999,1338,6790,7187,397
Truck361592,2225,3238,6840,7187,347
Truck361808,2225,3122,6900,7187,287
Truck362208,3239,3238,7010,7187,177
Truck362790,0,1339,7175,7187,12
Truck361197,2436,3122,6730,7188,458
Truck362468,2437,0,7085,7188,103
Truck362164,2999,2655,7000,7189,189
Truck362712,3239,1338,7150,7189,39
Truck361967,3121,2822,6945,7190,245
Truck362605,3331,2436,7120,7190,70
Truck361033,3238,2436,6685,7191,506
Truck361233,2436,2821,6740,7191,451
Truck362644,2822,3331,7130,7191,61
Truck361423,1338,2999,6795,7192,397
Truck361897,3238,2822,6925,7192,267
Truck362532,3239,2822,7100,7192,92
Truck362102,2656,3238,6980,7193,213
Truck362119,3331,3238,6985,7193,208
Truck362231,2998,2437,7015,7193,178
Truck362632,2999,3121,7130,7193,63
Truck361465,3238,2224,6805,7194,389
Truck362040,3122,3121,6965,7194,229
Truck362560,2999,2437,7110,7194,84
Truck362656,1339,3238,7135,7194,59
Truck362730,3239,2999,7155,7194,39
Truck362182,2999,2998,7005,7195,190
Truck362486,2437,2656,7090,7195,105
Truck362623,3331,1338,7125,7195,70
Truck362653,3238,3122,7135,7195,60
Truck360775,1338,2224,6615,7196,581
Truck362360,2437,3121,7055,7196,141
Truck362850,3122,1339,7190,7196,6
Truck361441,1338,2999,6800,7197,397
Truck361627,3238,2225,6850,7197,347
Truck361842,3122,2998,6910,7197,287
Truck362225,2224,3331,7015,7197,182
Truck362397,2655,2821,7065,7197,132
Truck361782,0,2225,6895,7198,303
Truck362228,2656,1339,7015,7198,183
Truck362576,2437,2999,7115,7198,83
Truck361483,3238,2224,6810,7199,389
Truck361790,2225,2998,6895,7199,304
Truck362200,2999,2656,7010,7199,189
Truck362578,2999,2437,7115,7199,84
Truck362748,3239,2225,7160,7199,39
